875700	198762, 
875701	81701,84160,92376,269248,397296,421109,506924,530104,687514,711323, 
875702	9988,25210,132260,155529,165766,324276,349450,473100,728092, 
875703	1819,4469,22282,22406,23476,32461,35043,36830,41672,69773,75156,92877,103181,105573,112381,119526,120012,145470,146485,150237,154522,159686,165167,168624,185853,186249,190772,204095,225715,227350,232208,247631,266178,277027,286358,288107,288430,298741,315179,318903,330126,334055,341780,347950,360227,383327,390769,392856,393163,410114,411563,412330,417860,462772,466357,467926,473484,473562,479721,492478,492676,494013,498795,512199,522637,529922,540514,540857,564393,565817,603408,616949,618514,618637,618848,618961,622496,626229,626308,636420,644719,650852,651485,656623,656738,662547,667421,682538,690652,690787,713731,714043,750873,776872,780805,781749,786626,800512,804096,865909,866557,867429,868021,870748,872519, 
875704	28439,31835,34459,63239,78337,79432,110120,185556,301444,320666,352485,394807,435001,592182,604755,645821,688531,699543,716446,720004,838287, 
875705	14565,221804,341376,447539,497031,527002,540325,540970,580843,614837,645347,659849,751715, 
875706	143893,149609,177498,216719,239733,312052,314008,330251,397987,429738,435499,503648,559947,565695,619770,643218,644537,679098,693256,710675,716023,722493,802228,814062,866569, 
875707	120442,193893,414227,524976,861279, 
875708	21182,52116,127626,128925,172905,188572,262228,278841,347820,366813,416284,457931,557409,676276,711414,819151,821100,855776,861165, 
875709	126610,300928,396880,537538,629436, 
875710	110903,187353,207793,217636,349094,360446,495559,520560,575529,602439,607244,798851, 
875711	16086,34281,59304,62566,64386,68366,81913,94286,106706,112798,113778,208573,239344,248849,257913,264511,292984,329119,329435,350819,379993,385005,396144,398015,424500,427938,428453,434686,506842,520813,530658,543626,552308,579188,588847,592915,640855,682627,686191,736100,748481,751732,784915,795204, 
875712	27909,30737,32847,374711,396659,530963,686454,699660,805092,869620, 
