0.621,0.764,0.389,0.637,0.665,1
0.044,0.273,0.853,0.41,0.49,4
0.632,0.858,0.262,0.832,0.583,1
0.757,0.495,0.372,0.467,0.826,3
0.76,0.588,0.299,0.323,0.923,3
0.194,0.246,0.896,0.238,0.232,0
0.107,0.343,0.815,0.262,0.412,4
0.591,0.687,0.321,0.31,0.494,2
0.317,0.177,0.763,0.116,0.16,0
0.733,0.89,0.197,0.758,0.811,1
0.875,0.433,0.353,0.288,0.659,3
0.207,0.7,0.228,0.566,0.555,2
0.541,0.941,0.291,0.69,0.596,1
0.153,0.283,0.848,0.204,0.104,0
0.847,0.414,0.214,0.249,0.819,3
0.747,0.335,0.459,0.436,0.88,3
0.078,0.152,0.862,0.334,0.124,0
0.033,0.134,0.928,0.609,0.253,4
0.284,0.821,0.307,0.429,0.314,2
0.233,0.278,0.793,0.238,0.127,0
0.405,0.645,0.296,0.584,0.477,2
0.143,0.186,0.929,0.529,0.154,0
0.15,0.573,0.564,0.606,0.601,2
0.615,0.341,0.191,0.492,0.772,3
0.329,0.498,0.517,0.516,0.462,2
0.192,0.776,0.065,0.485,0.481,2
0.388,0.75,0.044,0.361,0.484,2
0.742,0.453,0.208,0.364,0.862,3
0.715,0.695,0.388,0.264,0.812,3
0.36,0.369,0.79,0.42,0.369,4
0.666,0.453,0.292,0.372,0.511,3
0.213,0.753,0.288,0.621,0.34,2
0.751,0.644,0.255,0.353,0.907,3
0.811,0.593,0.133,0.376,0.944,3
0.316,0.773,0.099,0.391,0.44,2
0.628,0.804,0.53,0.73,0.848,1
0.306,0.298,0.92,0.434,0.446,4
0.294,0.867,0.171,0.408,0.447,2
0.106,0.271,0.639,0.518,0.522,4
0.188,0.319,0.824,0.446,0.246,4
0.261,0.161,0.848,0.187,0.132,0
0.459,0.649,0.123,0.427,0.293,2
0.77,0.622,0.126,0.485,0.693,3
0.392,0.673,0.344,0.639,0.446,2
0.281,0.944,0.234,0.405,0.346,2
0.115,0.271,0.779,0.305,0.045,0
0.376,0.164,0.913,0.492,0.554,4
0.14,0.059,0.756,0.199,0.087,0
0.056,0.253,0.837,0.273,0.237,0
0.32,0.617,0.173,0.475,0.448,2
0.547,0.855,0.283,0.754,0.66,1
0.742,0.607,0.221,0.375,0.774,3
0.062,0.218,0.958,0.35,0.244,4
0.599,0.695,0.443,0.648,0.701,1
0.363,0.589,0.212,0.524,0.426,2
0.412,0.817,0.496,0.572,0.58,2
0.352,0.484,0.237,0.405,0.511,2
0.282,0.781,0.279,0.403,0.48,2
0.451,0.496,0.195,0.489,0.526,2
0.045,0.3,0.808,0.217,0.202,0
0.886,0.458,0.144,0.495,0.862,3
0.32,0.527,0.285,0.469,0.501,2
0.406,0.625,0.417,0.613,0.521,2
0.693,0.522,0.172,0.436,0.788,3
0.294,0.8,0.167,0.387,0.482,2
0.794,0.333,0.003,0.537,0.897,3
0.731,0.349,0.402,0.344,0.944,3
0.374,0.772,0.252,0.304,0.454,2
0.235,0.214,0.838,0.23,0.15,0
0.241,0.04,0.701,0.446,0.485,4
0.081,0.424,0.692,0.286,0.327,4
0.01,0.406,0.752,0.462,0.46,4
0.082,0.331,0.76,0.15,0.084,0
0.289,0.678,0.449,0.439,0.392,2
0.276,0.354,0.775,0.368,0.022,0
0.649,0.458,0.213,0.264,0.873,3
0.783,0.493,0.143,0.152,0.829,3
0.728,0.525,0.286,0.36,0.731,3
0.268,0.191,0.861,0.256,0.131,0
0.211,0.431,0.929,0.542,0.311,4
0.506,0.584,0.366,0.496,0.419,2
0.354,0.788,0.123,0.567,0.37,2
0.745,0.968,0.175,0.616,0.707,1
0.334,0.24,0.765,0.369,0.285,0
0.143,0.359,0.901,0.479,0.235,0
0.023,0.49,0.763,0.482,0.296,4
0.163,0.378,0.791,0.509,0.329,4
0.11,0.235,0.885,0.635,0.574,4
0.198,0.175,0.878,0.345,0.242,0
0.036,0.341,0.828,0.474,0.45,4
0.49,0.751,0.117,0.411,0.592,2
0.169,0.204,0.856,0.645,0.522,4
0.024,0.385,0.975,0.24,0.153,0
0.652,0.446,0.061,0.249,0.628,3
0.303,0.183,0.764,0.397,0.127,0
0.432,0.588,0.347,0.399,0.486,2
0.438,0.837,0.118,0.312,0.554,2
0.912,0.776,0.333,0.538,0.764,1
0.145,0.242,0.743,0.482,0.517,4
0.063,0.245,0.909,0.422,0.377,4
0.148,0.245,0.83,0.334,0.419,4
0.806,0.419,0.248,0.526,0.693,3
0.709,0.964,0.407,0.571,0.842,1
0.126,0.347,0.977,0.341,0.323,4
0.195,0.366,0.924,0.427,0.371,4
0.682,0.672,0.199,0.668,0.776,1
0.117,0.411,0.873,0.597,0.512,4
0.245,0.316,0.614,0.24,0.295,0
0.776,0.668,0.166,0.396,0.655,3
0.188,0.641,0.244,0.405,0.445,2
0.136,0.414,0.825,0.158,0.158,0
0.072,0.362,0.707,0.284,0.414,4
0.109,0.224,0.582,0.384,0.076,0
0.259,0.267,0.695,0.481,0.502,4
0.767,0.777,0.198,0.698,0.616,1
0.677,0.459,0.324,0.367,0.978,3
0.241,0.225,0.85,0.313,0.176,0
0.027,0.453,0.827,0.252,0.133,0
0.147,0.296,0.925,0.596,0.426,4
0.239,0.316,0.962,0.326,0.288,0
0.719,0.778,0.195,0.427,0.536,1
0.317,0.751,0.319,0.416,0.412,2
0.681,0.932,0.44,0.622,0.851,1
0.351,0.037,0.923,0.355,0.056,0
0.644,0.851,0.316,0.696,0.673,1
0.064,0.24,0.953,0.432,0.345,4
0.188,0.242,0.894,0.457,0.113,0
0.357,0.188,0.865,0.19,0.178,0
0.878,0.481,0.04,0.281,0.723,3
0.153,0.134,0.834,0.35,0.292,0
0.754,0.799,0.291,0.594,0.76,1
0.583,0.386,0.33,0.3,0.679,3
0.711,0.428,0.183,0.281,0.8,3
0.483,0.919,0.303,0.671,0.625,1
0.608,0.64,0.162,0.665,0.645,1
0.808,0.938,0.184,0.702,0.685,1
0.731,0.253,0.174,0.216,0.765,3
0.313,0.12,0.836,0.337,0.147,0
0.039,0.339,0.691,0.469,0.42,4
0.22,0.163,0.954,0.237,0.13,0
0.768,0.892,0.144,0.817,0.651,1
0.466,0.809,0.331,0.397,0.325,2
0.102,0.273,0.858,0.39,0.122,0
0.231,0.623,0.414,0.42,0.554,2
0.797,0.985,0.253,0.6,0.729,1
0.287,0.772,0.3,0.527,0.534,2
0.069,0.326,0.871,0.359,0.269,4
0.537,0.714,0.464,0.604,0.626,2
0.396,0.179,0.937,0.228,0.035,0
0.214,0.324,0.929,0.335,0.106,0
0.415,0.719,0.187,0.345,0.591,2
0.374,0.394,0.887,0.23,0.042,0
0.077,0.315,0.935,0.481,0.347,4
0.131,0.255,0.91,0.36,0.391,4
0.293,0.638,0.128,0.406,0.579,2
0.231,0.247,0.868,0.198,0.132,0
0.163,0.156,0.733,0.234,0.564,4
0.759,0.847,0.247,0.481,0.718,1
0.098,0.284,0.892,0.333,0.23,0
0.741,0.561,0.393,0.466,0.738,3
0.102,0.253,0.742,0.354,0.319,4
0.23,0.358,0.576,0.358,0.31,4
0.032,0.353,0.908,0.507,0.365,4
0.507,0.523,0.304,0.543,0.573,2
0.344,0.392,0.67,0.381,0.31,4
0.082,0.151,0.822,0.418,0.395,4
0.881,0.48,0.249,0.394,0.731,3
0.141,0.266,0.796,0.157,0.137,0
0.141,0.264,0.719,0.227,0.167,0
0.313,0.617,0.261,0.54,0.447,2
0.143,0.391,0.798,0.51,0.286,4
0.496,0.77,0.229,0.615,0.436,2
0.28,0.327,0.882,0.228,0.164,0
0.402,0.794,0.184,0.629,0.369,2
0.713,0.495,0.078,0.287,0.759,3
0.283,0.185,0.945,0.305,0.344,4
0.108,0.338,0.667,0.538,0.394,4
0.008,0.186,0.987,0.423,0.505,4
0.024,0.45,0.914,0.486,0.454,4
0.583,0.831,0.212,0.614,0.786,1
0.374,0.873,0.382,0.541,0.533,2
0.356,0.704,0.184,0.369,0.539,2
0.395,0.56,0.14,0.407,0.505,2
0.733,0.427,0.197,0.259,0.905,3
0.673,0.974,0.273,0.569,0.802,1
0.137,0.28,0.908,0.485,0.529,4
0.243,0.097,0.776,0.309,0.206,0
0.103,0.359,0.869,0.302,0.524,4
0.109,0.31,0.807,0.548,0.304,4
0.856,0.327,0.454,0.528,0.822,3
0.772,0.527,0.201,0.475,0.741,3
0.678,0.597,0.292,0.772,0.733,1
0.951,0.576,0.128,0.484,0.847,3
0.403,0.033,0.987,0.273,0.179,0
0.828,0.43,0.237,0.328,0.708,3
0.711,0.892,0.218,0.702,0.55,1
0.606,0.925,0.176,0.668,0.712,1
0.148,0.405,0.773,0.412,0.242,4
0.037,0.345,0.796,0.355,0.3,4
0.651,0.729,0.329,0.736,0.681,1
0.066,0.319,0.97,0.44,0.14,4
0.697,0.741,0.233,0.53,0.735,1
0.642,0.776,0.229,0.735,0.76,1
0.732,0.396,0.151,0.393,0.994,3
0.003,0.48,0.877,0.506,0.553,4
0.238,0.243,0.867,0.226,0.122,0
0.141,0.552,0.663,0.365,0.38,4
0.136,0.434,0.864,0.204,0.261,0
0.939,0.456,0.195,0.497,0.763,3
0.095,0.202,0.927,0.325,0.191,4
0.64,0.91,0.285,0.685,0.548,1
0.072,0.332,0.995,0.328,0.403,4
0.765,0.417,0.221,0.406,0.686,3
0.195,0.151,0.736,0.485,0.05,0
0.289,0.612,0.296,0.334,0.343,2
0.745,0.843,0.163,0.721,0.625,1
0.38,0.683,0.458,0.511,0.557,2
0.174,0.344,0.897,0.246,0.332,4
0.201,0.743,0.097,0.563,0.548,2
0.848,0.451,0.327,0.398,0.87,3
0.266,0.807,0.386,0.386,0.639,2
0.147,0.177,0.857,0.378,0.473,4
0.313,0.292,0.823,0.376,0.088,0
0.659,0.539,0.369,0.24,0.954,3
0.818,0.431,0.125,0.261,0.649,3
0.666,0.946,0.151,0.546,0.576,1
0.382,0.585,0.303,0.422,0.486,2
0.7,0.457,0.188,0.244,0.899,3
0.88,0.35,0.338,0.347,0.91,3
0.105,0.233,0.864,0.338,0.177,0
0.237,0.353,0.779,0.449,0.393,4
0.825,0.356,0.261,0.393,0.843,3
0.265,0.564,0.912,0.31,0.54,4
0.116,0.174,0.998,0.38,0.167,4
0.155,0.236,0.718,0.548,0.275,4
0.741,0.755,0.288,0.721,0.717,1
0.703,0.771,0.138,0.706,0.497,1
0.06,0.298,0.913,0.249,0.091,0
0.669,0.911,0.418,0.773,0.71,1
0.845,0.946,0.354,0.59,0.739,1
0.302,0.928,0.161,0.537,0.5,2
0.558,0.73,0.329,0.791,0.613,1
0.205,0.795,0.246,0.53,0.495,2
0.277,0.785,0.303,0.661,0.19,2
0.385,0.812,0.248,0.479,0.502,2
0.744,0.476,0.035,0.584,0.916,3
0.688,0.416,0.284,0.307,0.852,3
0.649,0.923,0.32,0.649,0.56,1
0.205,0.277,0.923,0.577,0.294,4
0.951,0.515,0.262,0.257,0.884,3
0.15,0.381,0.798,0.489,0.504,4
0.335,0.819,0.235,0.351,0.463,2
0.933,0.554,0.471,0.312,0.812,3
0.752,0.375,0.104,0.444,0.894,3
0.276,0.295,0.781,0.119,0.073,0
0.052,0.137,0.851,0.45,0.16,0
0.125,0.204,0.882,0.328,0.352,4
0.479,0.676,0.261,0.45,0.507,2
0.289,0.64,0.14,0.335,0.58,2
0.172,0.25,0.894,0.308,0.203,0
0.18,0.227,0.863,0.048,0.028,0
0.811,0.408,0.244,0.374,0.815,3
0.36,0.673,0.165,0.434,0.501,2
0.741,0.833,0.243,0.67,0.632,1
0.342,0.819,0.266,0.5,0.467,2
0.152,0.282,0.892,0.405,0.348,4
0.644,0.839,0.39,0.679,0.497,1
0.33,0.288,0.71,0.114,0.229,0
0.675,0.347,0.374,0.135,0.72,3
0.573,0.701,0.395,0.68,0.591,2
0.25,0.126,0.791,0.297,0.067,0
0.145,0.261,0.927,0.38,0.234,4
0.066,0.189,0.784,0.378,0.217,0
0.103,0.296,0.755,0.481,0.451,4
0.839,0.593,0.221,0.34,0.845,3
0.621,0.861,0.187,0.516,0.736,1
0.088,0.298,0.824,0.41,0.422,4
0.291,0.822,0.396,0.397,0.479,2
0.466,0.613,0.296,0.364,0.925,3
0.495,0.896,0.257,0.603,0.734,1
0.826,0.428,0.296,0.418,0.825,3
0.274,0.722,0.266,0.351,0.503,2
0.68,0.48,0.332,0.36,0.752,3
0.725,0.842,0.294,0.656,0.669,1
0.373,0.55,0.353,0.367,0.354,2
0.583,0.875,0.176,0.705,0.676,1
0.226,0.268,0.791,0.373,0.175,0
0.251,0.685,0.243,0.433,0.629,2
0.131,0.371,0.924,0.518,0.321,4
0.583,0.653,0.324,0.676,0.549,1
0.729,0.416,0.246,0.434,0.861,3
0.153,0.401,0.932,0.596,0.471,4
0.871,0.784,0.33,0.539,0.895,1
0.603,0.79,0.273,0.555,0.69,1
0.501,0.412,0.264,0.332,0.379,2
0.716,0.931,0.115,0.762,0.832,1
0.137,0.793,0.166,0.416,0.483,2
0.487,0.675,0.25,0.54,0.459,2
0.214,0.571,0.299,0.43,0.681,2
0.686,0.866,0.359,0.658,0.699,1
0.243,0.306,0.92,0.241,0.148,0
0.424,0.264,0.724,0.401,0.358,4
0.142,0.441,0.808,0.585,0.239,4
0.381,0.766,0.263,0.496,0.47,2
0.01,0.303,0.874,0.398,0.35,4
0.23,0.263,0.78,0.578,0.358,4
0.65,0.886,0.19,0.705,0.497,1
0.189,0.339,0.95,0.337,0.089,0
0.169,0.446,0.729,0.41,0.436,4
0.28,0.414,0.342,0.591,0.415,2
0.111,0.802,0.297,0.468,0.55,2
0.214,0.418,0.794,0.596,0.484,4
0.776,0.491,0.246,0.267,0.882,3
0.827,0.283,0.192,0.431,0.902,3
0.187,0.16,0.913,0.481,0.261,4
0.824,0.488,0.138,0.236,0.848,3
0.214,0.154,0.688,0.427,0.44,4
0.722,0.948,0.358,0.545,0.719,1
0.112,0.132,0.78,0.43,0.501,4
0.822,0.841,0.272,0.718,0.615,1
0.779,0.722,0.208,0.315,0.929,3
0.018,0.217,0.815,0.43,0.442,4
0.139,0.299,0.902,0.117,0.124,0
0.122,0.084,0.88,0.236,0.308,0
0.439,0.67,0.342,0.426,0.557,2
0.602,0.41,0.277,0.399,0.865,3
0.513,0.547,0.153,0.536,0.556,2
0.119,0.389,0.878,0.359,0.141,0
0.407,0.722,0.307,0.53,0.396,2
0.838,0.45,0.356,0.316,0.718,3
0.309,0.131,0.853,0.112,0.175,0
0.218,0.193,0.936,0.595,0.59,4
0.24,0.7,0.098,0.504,0.511,2
0.715,0.308,0.206,0.434,0.919,3
0.43,0.956,0.139,0.632,0.72,1
0.622,0.375,0.049,0.62,0.859,3
0.786,0.889,0.334,0.642,0.493,1
0.433,0.7,0.283,0.509,0.486,2
0.017,0.174,0.82,0.5,0.171,0
0.243,0.842,0.157,0.609,0.362,2
0.626,0.889,0.328,0.587,0.75,1
0.331,0.675,0.283,0.322,0.624,2
0.554,0.616,0.306,0.512,0.371,2
0.23,0.208,0.886,0.456,0.365,4
0.026,0.33,0.737,0.246,0.191,0
0.701,0.407,0.234,0.48,0.803,3
0.678,0.501,0.41,0.439,0.952,3
0.604,0.465,0.09,0.413,0.856,3
0.109,0.373,0.921,0.545,0.378,4
0.36,0.597,0.294,0.459,0.467,2
0.259,0.877,0.154,0.414,0.55,2
0.221,0.395,0.801,0.448,0.41,4
0.161,0.48,0.832,0.491,0.322,4
0.317,0.357,0.889,0.185,0.008,0
0.261,0.368,0.853,0.613,0.38,4
0.665,0.822,0.366,0.393,0.781,1
0.121,0.282,0.927,0.416,0.002,0
0.305,0.649,0.376,0.421,0.597,2
0.297,0.54,0.204,0.452,0.337,2
0.399,0.728,0.207,0.693,0.535,1
0.969,0.615,0.144,0.519,0.892,3
0.351,0.365,0.779,0.397,0.054,0
0.698,0.462,0.083,0.117,0.873,3
0.697,0.701,0.282,0.676,0.582,1
0.307,0.4,0.633,0.623,0.495,4
0.869,0.474,0.088,0.439,0.82,3
0.027,0.393,0.815,0.413,0.373,4
0.143,0.267,0.898,0.129,0.209,0
0.227,0.624,0.223,0.256,0.611,2
0.187,0.244,0.974,0.342,0.054,0
0.011,0.33,0.889,0.451,0.275,0
0.181,0.181,0.851,0.383,0.063,0
0.179,0.217,0.934,0.476,0.273,4
0.557,0.861,0.232,0.672,0.554,1
0.567,0.732,0.21,0.59,0.557,1
0.859,0.909,0.221,0.651,0.667,1
0.899,0.463,0.108,0.365,0.737,3
0.315,0.625,0.341,0.43,0.409,2
0.032,0.306,0.836,0.412,0.574,4
0.036,0.368,0.94,0.324,0.457,4
0.155,0.317,0.799,0.582,0.378,4
0.555,0.824,0.305,0.71,0.549,1
0.39,0.834,0.285,0.538,0.537,2
0.607,0.801,0.295,0.508,0.667,1
0.33,0.763,0.121,0.503,0.483,2
0.388,0.523,0.447,0.453,0.531,2
0.257,0.512,0.831,0.446,0.174,4
0.412,0.682,0.283,0.437,0.501,2
0.428,0.772,0.126,0.446,0.457,2
0.032,0.244,0.812,0.543,0.378,4
0.505,0.757,0.257,0.428,0.452,2
0.154,0.358,0.75,0.453,0.308,4
0.834,0.468,0.3,0.204,0.776,3
0.607,0.223,0.385,0.333,0.965,3
0.811,0.528,0.167,0.429,0.715,3
0.579,0.475,0.236,0.378,0.953,3
0.666,0.876,0.382,0.791,0.935,1
0.512,0.853,0.264,0.727,0.699,1
0.791,0.415,0.248,0.547,0.83,3
0.29,0.333,0.829,0.391,0.093,0
0.1,0.597,0.998,0.497,0.431,4
0.507,0.837,0.14,0.564,0.684,1
0.893,0.569,0.223,0.28,0.836,3
0.759,0.416,0.337,0.478,0.947,3
0.222,0.475,0.888,0.274,0.057,0
0.78,0.464,0.339,0.427,0.841,3
0.205,0.292,0.92,0.667,0.274,4
0.805,0.451,0.332,0.275,0.881,3
0.548,0.893,0.261,0.555,0.468,2
0.128,0.234,0.861,0.473,0.194,0
0.284,0.826,0.41,0.457,0.447,2
0.44,0.144,0.74,0.292,0.129,0
0.82,0.522,0.274,0.262,0.785,3
0.857,0.367,0.186,0.354,0.955,3
0.629,0.872,0.295,0.665,0.484,1
0.659,0.505,0.231,0.426,0.861,3
0.78,0.954,0.278,0.604,0.733,1
0.207,0.138,0.584,0.073,0.14,0
0.743,0.328,0.158,0.221,0.728,3
0.133,0.067,0.981,0.389,0.405,4
0.152,0.193,0.766,0.306,0.213,0
0.546,0.447,0.148,0.485,0.882,3
0.303,0.555,0.187,0.584,0.547,2
0.798,0.542,0.181,0.446,0.649,3
0.064,0.334,0.741,0.47,0.458,4
0.575,0.512,0.561,0.327,0.807,3
0.932,0.552,0.15,0.464,0.913,3
0.347,0.802,0.557,0.537,0.629,2
0.654,0.96,0.158,0.51,0.784,1
0.222,0.204,0.961,0.293,0.181,0
0.565,0.903,0.271,0.693,0.537,1
0.234,0.481,0.802,0.374,0.255,4
0.811,0.419,0.331,0.524,0.973,3
0.105,0.293,0.838,0.28,0.297,0
0.015,0.251,0.906,0.396,0.266,4
0.685,0.957,0.354,0.759,0.722,1
0.622,0.496,0.198,0.356,0.858,3
0.174,0.664,0.308,0.543,0.35,2
0.487,0.719,0.25,0.511,0.395,2
0.385,0.579,0.343,0.392,0.352,2
0.172,0.358,0.691,0.418,0.111,0
0.143,0.132,0.776,0.331,0.153,0
0.382,0.73,0.134,0.44,0.454,2
0.129,0.265,0.846,0.34,0.267,4
0.123,0.311,0.892,0.459,0.289,4
0.727,0.344,0.459,0.337,0.922,3
0.841,0.258,0.087,0.524,0.772,3
0.566,0.921,0.274,0.572,0.783,1
0.674,0.445,0.046,0.552,0.817,3
0.577,0.395,0.212,0.364,0.864,3
0.807,0.425,0.219,0.268,0.78,3
0.215,0.698,0.335,0.374,0.474,2
0.293,0.824,0.183,0.348,0.501,2
0.169,0.376,0.77,0.548,0.45,4
0.756,0.955,0.346,0.676,0.723,1
0.146,0.319,0.821,0.386,0.608,4
0.773,0.408,0.236,0.458,0.747,3
0.647,0.734,0.248,0.584,0.578,1
0.282,0.367,0.759,0.573,0.044,0
0.774,0.599,0.248,0.39,0.857,3
0.237,0.299,0.726,0.341,0.111,0
0.782,0.208,0.183,0.309,0.817,3
0.998,0.482,0.315,0.37,0.968,3
0.489,0.662,0.289,0.627,0.538,2
0.32,0.627,0.389,0.44,0.403,2
0.006,0.143,0.903,0.334,0.422,4
0.451,0.633,0.242,0.494,0.622,1
0.964,0.556,0.254,0.391,0.873,3
0.256,0.776,0.429,0.293,0.611,2
0.367,0.63,0.318,0.453,0.522,2
0.095,0.325,0.857,0.447,0.324,4
0.257,0.29,0.657,0.367,0.06,0
0.266,0.375,0.867,0.46,0.404,4
0.292,0.8,0.169,0.503,0.491,2
0.259,0.329,0.864,0.446,0.667,4
0.856,0.445,0.349,0.359,0.843,3
0.207,0.248,0.84,0.242,0.038,0
0.25,0.625,0.381,0.37,0.676,2
0.59,0.387,0.105,0.224,0.916,3
0.263,0.759,0.368,0.447,0.709,2
0.696,0.444,0.118,0.477,0.968,3
0.791,0.701,0.207,0.732,0.545,1
0.168,0.407,0.908,0.419,0.44,4
0.204,0.217,0.767,0.332,0.116,0
0.778,0.864,0.087,0.683,0.71,1
0.817,0.597,0.125,0.184,0.997,3
0.154,0.08,0.944,0.133,0.137,0
0.145,0.202,0.72,0.56,0.621,4
0.251,0.136,0.827,0.165,0.068,0
0.796,0.463,0.333,0.4,0.836,3
0.211,0.036,0.843,0.153,0.187,0
0.604,0.322,0.301,0.45,0.765,3
0.544,0.725,0.368,0.28,0.571,2
0.012,0.111,0.882,0.167,0.159,0
0.137,0.36,0.946,0.629,0.411,4
0.266,0.134,0.915,0.291,0.074,0
0.345,0.11,0.822,0.164,0.15,0
0.449,0.802,0.401,0.541,0.402,2
0.544,0.87,0.271,0.418,0.626,2
0.756,0.367,0.264,0.429,0.631,3
