0.971,0.295,0.489,0.368,0.942,3
0.25,0.812,0.278,0.495,0.453,2
0.602,0.644,0.295,0.734,0.758,1
0.177,0.012,0.722,0.446,0.235,0
0.89,0.382,0.1,0.222,0.736,3
0.251,0.448,0.802,0.228,0.246,0
0.262,0.235,0.803,0.467,0.105,0
0.398,0.308,0.957,0.214,0.07,0
0.177,0.185,0.828,0.226,0.02,0
0.599,0.851,0.264,0.678,0.665,1
0.246,0.643,0.256,0.638,0.154,2
0.748,0.936,0.198,0.905,0.714,1
0.301,0.406,0.878,0.178,0.009,0
0.215,0.249,0.976,0.499,0.405,4
0.002,0.242,0.866,0.409,0.213,0
0.3,0.392,0.884,0.177,0.041,0
0.837,0.371,0.201,0.293,0.779,3
0.461,0.744,0.034,0.604,0.411,2
0.181,0.141,0.812,0.601,0.467,4
0.703,0.369,0.292,0.295,0.837,3
0.283,0.537,0.289,0.508,0.552,2
0.75,0.464,0.343,0.427,0.762,3
0.411,0.691,0.265,0.521,0.504,2
0.64,0.863,0.197,0.592,0.636,1
0.86,0.417,0.373,0.368,0.919,3
0.441,0.66,0.349,0.512,0.379,2
0.179,0.359,0.85,0.224,0.153,0
0.458,0.755,0.388,0.29,0.473,2
0.958,0.415,0.277,0.303,0.825,3
0.614,0.727,0.392,0.513,0.423,2
0.328,0.201,0.783,0.318,0.217,0
0.015,0.363,0.843,0.299,0.17,0
0.318,0.206,0.95,0.32,0.264,0
0.567,0.779,0.3,0.428,0.624,1
0.037,0.302,0.794,0.389,0.127,0
0.44,0.633,0.253,0.482,0.443,2
0.314,0.408,0.881,0.317,0.335,4
0.177,0.549,0.097,0.373,0.519,2
0.22,0.333,0.772,0.321,0.13,0
0.195,0.747,0.366,0.236,0.625,2
0.491,0.666,0.379,0.396,0.44,2
0.816,0.739,0.146,0.686,0.694,1
0.229,0.199,0.864,0.533,0.372,4
0.139,0.322,0.889,0.474,0.519,4
0.122,0.418,0.757,0.575,0.506,4
0.797,0.898,0.262,0.618,0.824,1
0.652,0.759,0.086,0.616,0.53,1
0.638,0.812,0.349,0.387,0.581,1
0.809,0.504,0.186,0.43,0.956,3
0.014,0.152,0.786,0.561,0.299,4
0.191,0.264,0.875,0.242,0.007,0
0.175,0.288,0.668,0.516,0.339,4
0.253,0.979,0.297,0.408,0.535,2
0.787,0.393,0.254,0.272,0.745,3
0.621,0.278,0.25,0.373,0.701,3
0.744,0.576,0.27,0.577,0.893,3
0.346,0.579,0.188,0.485,0.441,2
0.754,0.806,0.227,0.871,0.611,1
0.717,0.493,0.262,0.456,0.761,3
0.345,0.139,0.85,0.33,0.236,0
0.751,0.638,0.16,0.626,0.769,1
0.315,0.68,0.242,0.338,0.455,2
0.249,0.749,0.305,0.378,0.404,2
0.038,0.348,0.855,0.524,0.317,4
0.295,0.388,0.912,0.369,0.106,0
0.514,0.67,0.296,0.557,0.511,2
0.729,0.963,0.481,0.567,0.874,1
0.255,0.328,0.734,0.244,0.178,0
0.217,0.677,0.201,0.395,0.353,2
0.608,0.504,0.34,0.227,0.729,3
0.315,0.221,0.793,0.394,0.546,4
0.114,0.188,0.748,0.708,0.436,4
0.738,0.395,0.207,0.408,0.891,3
0.095,0.192,0.879,0.175,0.145,0
0.764,0.48,0.286,0.291,0.962,3
0.614,0.807,0.147,0.661,0.618,1
0.176,0.025,0.774,0.271,0.072,0
0.789,0.975,0.32,0.656,0.546,1
0.714,0.597,0.298,0.243,0.699,3
0.342,0.659,0.134,0.331,0.523,2
0.074,0.282,0.853,0.007,0.032,0
0.483,0.485,0.235,0.406,0.77,3
0.191,0.309,0.896,0.449,0.326,4
0.802,0.388,0.212,0.506,0.777,3
0.52,0.775,0.111,0.835,0.662,1
0.949,0.393,0.206,0.388,0.58,3
0.794,0.841,0.134,0.651,0.76,1
0.013,0.234,0.86,0.545,0.396,4
0.23,0.497,0.202,0.53,0.596,2
0.217,0.755,0.269,0.573,0.492,2
0.62,0.84,0.25,0.7,0.526,1
0.578,0.674,0.329,0.571,0.565,1
0.677,0.64,0.196,0.449,0.881,3
0.205,0.213,0.854,0.41,0.374,0
0.352,0.74,0.301,0.504,0.613,2
0.733,0.771,0.271,0.534,0.548,1
0.334,0.218,0.936,0.276,0.121,0
0.779,0.54,0.035,0.255,0.904,3
0.757,0.531,0.252,0.194,0.941,3
0.298,0.447,0.775,0.547,0.493,4
0.839,0.518,0.251,0.222,0.816,3
0.187,0.4,0.905,0.411,0.313,4
0.368,0.599,0.288,0.424,0.514,2
0.721,0.493,0.218,0.4,0.914,3
0.01,0.383,0.837,0.506,0.343,4
0.021,0.124,0.741,0.235,0.058,0
0.337,0.787,0.202,0.564,0.479,2
0.758,0.879,0.15,0.662,0.721,1
0.144,0.23,0.75,0.314,0.306,0
0.233,0.271,0.831,0.293,0.429,4
0.822,0.423,0.224,0.236,0.917,3
0.217,0.323,0.858,0.373,0.084,0
0.791,0.785,0.187,0.625,0.659,1
0.041,0.409,0.851,0.551,0.297,4
0.793,0.513,0.263,0.516,0.805,3
0.328,0.468,0.931,0.54,0.435,4
0.206,0.109,0.904,0.2,0.133,0
0.701,0.562,0.194,0.279,0.704,3
0.725,0.908,0.221,0.599,0.724,1
0.831,0.415,0.338,0.367,0.779,3
0.849,0.545,0.203,0.318,0.811,3
0.232,0.312,0.948,0.56,0.389,4
0.349,0.755,0.084,0.288,0.364,2
0.251,0.281,0.71,0.2,0.12,0
0.173,0.4,0.771,0.201,0.088,0
0.135,0.154,0.754,0.206,0.014,0
0.119,0.54,0.819,0.69,0.453,4
0.166,0.25,0.902,0.559,0.41,4
0.234,0.275,0.952,0.323,0.099,0
0.181,0.313,0.865,0.216,0.08,0
0.28,0.736,0.109,0.428,0.55,2
0.428,0.819,0.175,0.392,0.45,2
0.936,0.432,0.167,0.225,0.776,3
0.194,0.264,0.888,0.379,0.239,4
0.132,0.21,0.621,0.305,0.12,0
0.514,0.89,0.296,0.698,0.782,1
0.373,0.746,0.245,0.391,0.402,2
0.234,0.193,0.766,0.367,0.132,0
0.176,0.19,0.989,0.227,0.004,0
0.557,0.417,0.158,0.53,0.932,3
0.377,0.605,0.159,0.569,0.3,2
0.775,0.626,0.11,0.464,0.796,3
0.365,0.616,0.239,0.503,0.462,2
0.088,0.187,0.702,0.607,0.073,0
0.667,0.7,0.175,0.699,0.603,1
0.271,0.64,0.31,0.363,0.475,2
0.745,0.569,0.268,0.411,0.808,3
0.177,0.305,0.745,0.224,0.097,0
0.617,0.427,0.313,0.311,0.865,3
0.333,0.751,0.187,0.25,0.469,2
0.024,0.284,0.889,0.446,0.003,0
0.621,0.971,0.368,0.717,0.546,1
0.367,0.664,0.363,0.678,0.572,2
0.328,0.717,0.37,0.555,0.539,2
0.751,0.524,0.219,0.506,0.92,3
0.342,0.377,0.798,0.416,0.052,0
0.607,0.942,0.249,0.545,0.817,1
0.047,0.375,0.901,0.323,0.203,0
0.841,0.618,0.195,0.258,0.867,3
0.677,0.494,0.252,0.624,0.971,3
0.174,0.21,0.999,0.633,0.442,4
0.113,0.425,0.929,0.326,0.086,0
0.484,0.679,0.272,0.502,0.39,2
0.448,0.775,0.248,0.386,0.596,2
0.743,0.768,0.315,0.704,0.57,1
0.827,0.728,0.269,0.589,0.661,1
0.38,0.726,0.206,0.505,0.462,2
0.796,0.283,0.349,0.486,0.963,3
0.118,0.346,0.686,0.436,0.057,0
0.24,0.841,0.287,0.56,0.515,2
0.221,0.321,0.8,0.54,0.424,4
0.128,0.319,0.793,0.453,0.322,4
0.289,0.77,0.378,0.451,0.654,2
0.182,0.387,0.79,0.205,0.259,0
0.227,0.39,0.71,0.552,0.606,4
0.205,0.291,0.872,0.049,0.238,0
0.382,0.632,0.204,0.598,0.475,2
0.018,0.245,0.746,0.115,0.438,4
0.53,0.583,0.405,0.568,0.201,2
0.004,0.143,0.62,0.476,0.307,4
0.614,0.433,0.282,0.404,0.714,3
0.67,0.361,0.212,0.367,0.991,3
0.115,0.327,0.909,0.676,0.457,4
0.773,0.338,0.302,0.475,0.847,3
0.835,0.513,0.268,0.296,0.714,3
0.704,0.691,0.17,0.654,0.695,1
0.118,0.222,0.69,0.248,0.166,0
0.758,0.324,0.252,0.346,0.682,3
0.782,0.719,0.173,0.517,0.663,1
0.284,0.336,0.896,0.458,0.437,4
0.437,0.677,0.151,0.385,0.341,2
0.139,0.096,0.888,0.46,0.356,4
0.296,0.798,0.163,0.391,0.694,2
0.499,0.709,0.326,0.475,0.65,2
0.888,0.389,0.017,0.387,0.787,3
0.589,0.817,0.341,0.554,0.525,1
0.514,0.705,0.494,0.488,0.423,2
0.617,0.471,0.249,0.258,0.786,3
0.892,0.601,0.194,0.326,0.768,3
0.252,0.264,0.882,0.423,0.091,0
0.201,0.095,0.819,0.31,0.624,4
0.425,0.755,0.325,0.336,0.538,2
0.658,0.307,0.251,0.317,0.753,3
0.286,0.711,0.247,0.304,0.429,2
0.074,0.013,0.96,0.49,0.298,4
0.285,0.767,0.201,0.48,0.532,2
0.805,0.84,0.41,0.616,0.518,1
0.126,0.401,0.731,0.364,0.096,0
0.462,0.848,0.542,0.813,0.716,1
0.181,0.14,0.915,0.223,0.173,0
0.343,0.419,0.905,0.476,0.338,4
0.377,0.901,0.392,0.335,0.46,2
0.677,0.185,0.019,0.312,0.867,3
0.611,0.919,0.258,0.569,0.682,1
0.695,0.889,0.2,0.539,0.756,1
0.678,0.878,0.202,0.651,0.64,1
0.1,0.363,0.706,0.3,0.105,0
0.167,0.432,0.82,0.464,0.082,0
0.577,0.842,0.476,0.714,0.91,1
0.361,0.582,0.29,0.179,0.33,2
0.64,0.43,0.21,0.302,0.823,3
0.283,0.812,0.45,0.469,0.547,2
0.286,0.818,0.441,0.464,0.675,2
0.857,0.521,0.213,0.559,0.942,3
0.054,0.178,0.908,0.075,0.053,0
0.396,0.715,0.331,0.277,0.458,2
0.68,0.683,0.246,0.627,0.591,1
0.893,0.261,0.437,0.276,0.84,3
0.749,0.525,0.275,0.436,0.706,3
0.628,0.363,0.197,0.437,0.829,3
0.112,0.205,0.785,0.379,0.18,0
0.197,0.151,0.718,0.157,0.042,0
0.755,0.716,0.324,0.625,0.619,1
0.83,0.617,0.315,0.501,0.933,3
0.339,0.177,0.731,0.36,0.166,0
0.154,0.287,0.797,0.367,0.254,0
0.545,0.913,0.236,0.696,0.55,1
0.116,0.361,0.916,0.274,0.057,0
0.759,0.258,0.157,0.444,0.872,3
0.059,0.139,0.942,0.326,0.327,4
0.747,0.921,0.182,0.5,0.728,1
0.097,0.327,0.905,0.37,0.469,4
0.668,0.339,0.379,0.296,0.898,3
0.144,0.432,0.792,0.516,0.46,4
0.461,0.592,0.155,0.543,0.557,2
0.137,0.328,0.996,0.487,0.341,4
0.216,0.303,0.769,0.433,0.556,4
0.563,0.845,0.295,0.711,0.502,1
0.318,0.774,0.215,0.399,0.521,2
0.782,0.545,0.366,0.459,0.87,3
0.919,0.431,0.115,0.464,0.832,3
0.191,0.212,0.838,0.236,0.209,0
0.176,0.143,0.946,0.247,0.28,0
0.586,0.519,0.412,0.368,0.704,3
0.806,0.952,0.368,0.513,0.709,1
0.794,0.426,0.053,0.389,0.844,3
0.488,0.963,0.26,0.621,0.743,1
0.209,0.186,0.826,0.385,0.185,0
0.213,0.285,0.877,0.498,0.319,4
0.292,0.311,0.855,0.431,0.418,4
0.829,0.568,0.259,0.528,0.893,3
0.801,0.778,0.328,0.488,0.679,1
0.773,0.784,0.248,0.67,0.71,1
0.349,0.753,0.15,0.384,0.502,2
0.004,0.285,0.807,0.523,0.243,0
0.215,0.198,0.824,0.421,0.079,0
0.595,0.89,0.273,0.51,0.711,1
0.201,0.295,0.794,0.396,0.099,4
0.139,0.278,0.646,0.3,0.275,0
0.242,0.389,0.907,0.448,0.119,0
0.284,0.276,0.728,0.326,0.418,4
0.717,0.457,0.241,0.369,0.7,3
0.424,0.764,0.506,0.639,0.382,2
0.024,0.258,0.861,0.571,0.349,4
0.786,0.491,0.243,0.299,0.817,3
0.472,0.615,0.177,0.395,0.565,2
0.092,0.551,0.935,0.519,0.47,4
0.503,0.852,0.116,0.839,0.62,1
0.267,0.128,0.953,0.323,0.207,0
0.174,0.334,0.929,0.271,0.209,0
0.648,0.878,0.294,0.541,0.61,1
0.219,0.238,0.963,0.231,0.309,0
0.695,0.939,0.327,0.65,0.655,1
0.485,0.84,0.383,0.497,0.726,1
0.46,0.888,0.302,0.401,0.525,2
0.104,0.291,0.914,0.409,0.07,0
0.419,0.747,0.279,0.394,0.431,2
0.891,0.633,0.361,0.492,0.784,3
0.227,0.853,0.133,0.39,0.449,2
0.067,0.337,0.755,0.343,0.034,0
0.102,0.291,0.794,0.484,0.345,4
0.613,0.39,0.236,0.263,0.722,3
0.208,0.328,0.882,0.553,0.47,4
0.464,0.554,0.186,0.366,0.526,2
0.57,0.718,0.282,0.504,0.606,1
0.062,0.151,0.792,0.238,0.038,0
0.26,0.23,0.909,0.259,0.239,0
0.674,0.457,0.352,0.536,0.765,3
0.318,0.234,0.948,0.437,0.427,4
0.87,0.539,0.101,0.336,0.63,3
0.587,0.855,0.24,0.505,0.967,1
0.116,0.235,0.714,0.334,0.137,0
0.11,0.22,0.819,0.533,0.277,4
0.789,0.879,0.422,0.656,0.696,1
0.893,0.38,0.05,0.333,0.874,3
0.604,0.915,0.077,0.687,0.589,1
0.675,0.526,0.033,0.395,0.749,3
0.714,0.769,0.24,0.49,0.647,1
0.478,0.744,0.071,0.504,0.523,2
0.811,0.764,0.355,0.55,0.495,1
0.854,0.574,0.28,0.432,0.732,3
0.779,0.959,0.187,0.726,0.671,1
0.026,0.275,0.868,0.201,0.094,0
0.188,0.31,0.893,0.452,0.535,4
0.1,0.25,0.864,0.135,0.285,0
0.194,0.458,0.986,0.211,0.15,0
0.653,0.775,0.363,0.607,0.7,1
0.076,0.339,0.774,0.342,0.422,4
0.846,0.577,0.119,0.225,0.837,3
0.682,0.449,0.113,0.352,0.676,3
0.209,0.319,0.773,0.336,0.437,4
0.683,0.905,0.237,0.705,0.712,1
0.21,0.252,0.866,0.487,0.466,4
0.118,0.558,0.962,0.231,0.271,0
0.708,0.971,0.222,0.726,0.753,1
0.331,0.739,0.216,0.574,0.478,2
0.672,0.326,0.258,0.376,0.938,3
0.15,0.26,0.782,0.211,0.096,0
0.182,0.112,0.73,0.49,0.142,0
0.079,0.257,0.815,0.459,0.26,4
0.712,0.46,0.287,0.498,0.869,3
0.663,0.953,0.185,0.503,0.659,1
0.63,0.358,0.287,0.264,0.777,3
0.32,0.253,0.871,0.126,0.006,0
0.59,0.904,0.201,0.602,0.736,1
0.743,0.956,0.409,0.736,0.64,1
0.258,0.268,0.845,0.279,0.349,4
0.921,0.566,0.333,0.534,0.758,3
0.572,0.842,0.134,0.563,0.575,1
0.403,0.65,0.336,0.375,0.637,2
0.306,0.106,0.88,0.201,0.1,0
0.373,0.772,0.191,0.406,0.487,2
0.839,0.314,0.132,0.505,0.911,3
0.569,0.904,0.335,0.716,0.775,1
0.583,0.752,0.295,0.803,0.796,1
0.664,0.813,0.432,0.616,0.727,1
0.567,0.887,0.149,0.617,0.691,1
0.786,0.57,0.436,0.505,0.769,3
0.376,0.307,0.879,0.235,0.201,0
0.793,0.713,0.188,0.499,0.698,1
0.837,0.383,0.153,0.387,0.913,3
0.592,0.384,0.016,0.507,0.827,3
0.309,0.445,0.946,0.459,0.377,4
0.346,0.124,0.804,0.418,0.273,0
0.054,0.336,0.633,0.45,0.385,4
0.341,0.814,0.218,0.405,0.474,2
0.062,0.075,0.914,0.123,0.192,0
0.797,0.464,0.369,0.487,0.717,3
0.281,0.942,0.323,0.561,0.56,2
0.404,0.8,0.2,0.535,0.599,2
0.791,0.354,0.187,0.272,0.896,3
0.087,0.249,0.773,0.335,0.063,0
0.256,0.242,0.737,0.332,0.001,0
0.092,0.338,0.902,0.491,0.292,4
0.667,0.834,0.158,0.819,0.395,1
0.211,0.112,0.883,0.409,0.446,4
0.746,0.938,0.219,0.583,0.482,1
0.767,0.966,0.123,0.63,0.744,1
0.62,0.797,0.194,0.697,0.76,1
0.37,0.624,0.257,0.519,0.531,2
0.135,0.143,0.901,0.437,0.231,0
0.814,0.506,0.141,0.421,0.875,3
0.78,0.835,0.201,0.572,0.527,1
0.169,0.345,0.787,0.325,0.616,4
0.606,0.94,0.038,0.673,0.787,1
0.512,0.731,0.119,0.506,0.606,2
0.05,0.299,0.995,0.352,0.404,4
0.395,0.812,0.246,0.442,0.454,2
0.658,0.969,0.142,0.684,0.67,1
0.843,0.37,0.213,0.434,0.905,3
0.044,0.331,0.918,0.388,0.262,0
0.397,0.709,0.248,0.507,0.506,2
0.324,0.661,0.102,0.347,0.383,2
0.275,0.683,0.183,0.394,0.462,2
0.853,0.295,0.376,0.281,0.726,3
0.442,0.729,0.228,0.267,0.432,2
0.677,0.669,0.288,0.465,0.7,1
0.866,0.521,0.152,0.245,0.824,3
0.236,0.326,0.927,0.456,0.515,4
0.765,0.401,0.318,0.45,0.701,3
0.428,0.683,0.366,0.316,0.418,2
0.273,0.663,0.284,0.4,0.516,2
0.435,0.792,0.385,0.386,0.552,2
0.68,0.853,0.175,0.771,0.717,1
0.683,0.873,0.302,0.641,0.769,1
0.247,0.35,0.684,0.419,0.332,4
0.08,0.323,0.754,0.477,0.468,4
0.013,0.392,0.813,0.454,0.436,4
0.687,0.386,0.249,0.504,0.654,3
0.547,0.82,0.344,0.535,0.839,1
0.082,0.325,0.877,0.393,0.28,0
0.046,0.461,0.952,0.438,0.303,4
0.69,0.337,0.339,0.432,0.886,3
0.4,0.692,0.424,0.642,0.464,2
0.849,0.365,0.332,0.441,0.771,3
0.837,0.554,0.21,0.538,0.719,3
0.365,0.767,0.3,0.387,0.456,2
0.101,0.357,0.904,0.587,0.424,4
0.07,0.214,0.803,0.368,0.503,4
0.039,0.292,0.955,0.56,0.518,4
0.734,0.488,0.269,0.253,0.837,3
0.345,0.866,0.419,0.554,0.693,2
0.185,0.378,0.87,0.409,0.18,0
0.3,0.605,0.131,0.655,0.637,2
0.305,0.302,0.849,0.306,0.248,0
0.047,0.273,0.922,0.398,0.347,4
0.172,0.802,0.225,0.39,0.452,2
0.703,0.374,0.333,0.443,0.89,3
0.649,0.796,0.152,0.667,0.768,1
0.211,0.467,0.68,0.407,0.418,4
0.487,0.613,0.221,0.541,0.224,2
0.714,0.974,0.307,0.595,0.606,1
0.074,0.3,0.824,0.563,0.368,4
0.2,0.121,0.827,0.618,0.359,4
0.778,0.503,0.099,0.317,0.868,3
0.834,0.903,0.363,0.74,0.682,1
0.853,0.53,0.198,0.303,0.724,3
0.967,0.495,0.273,0.355,0.893,3
0.247,0.787,0.317,0.392,0.585,2
0.355,0.202,0.879,0.392,0.054,0
0.733,0.483,0.236,0.383,0.895,3
0.096,0.201,0.83,0.355,0.434,4
0.456,0.604,0.351,0.382,0.399,2
0.18,0.719,0.408,0.362,0.427,2
0.434,0.107,0.79,0.155,0.121,0
0.025,0.345,0.967,0.358,0.003,0
0.142,0.424,0.703,0.475,0.337,4
0.025,0.395,0.924,0.424,0.467,4
0.801,0.389,0.181,0.404,0.812,3
0.227,0.684,0.241,0.374,0.558,2
0.818,0.435,0.072,0.313,0.91,3
0.76,0.319,0.367,0.351,0.942,3
0.65,0.959,0.292,0.655,0.719,1
0.054,0.278,0.979,0.464,0.397,4
0.407,0.67,0.316,0.647,0.432,2
0.308,0.582,0.266,0.268,0.688,2
0.843,0.44,0.279,0.375,0.881,3
0.456,0.627,0.288,0.461,0.474,2
0.588,0.724,0.2,0.683,0.741,1
0.729,0.821,0.384,0.543,0.588,1
0.322,0.651,0.205,0.433,0.534,2
0.898,0.465,0.211,0.399,0.712,3
0.678,0.372,0.312,0.49,0.801,3
0.423,0.635,0.363,0.688,0.38,2
0.439,0.229,0.913,0.448,0.075,0
0.767,0.429,0.308,0.352,0.786,3
0.277,0.825,0.201,0.387,0.578,2
0.055,0.165,0.96,0.338,0.424,4
0.248,0.322,0.897,0.259,0.316,4
0.103,0.274,0.907,0.516,0.492,4
0.391,0.787,0.266,0.561,0.497,2
0.574,0.796,0.194,0.775,0.853,1
0.589,0.883,0.46,0.707,0.629,1
0.395,0.608,0.31,0.241,0.569,2
0.807,0.795,0.36,0.554,0.533,1
0.208,0.462,0.906,0.395,0.16,0
0.233,0.267,0.715,0.377,0.152,0
0.85,0.835,0.218,0.601,0.686,1
0.119,0.511,0.787,0.371,0.424,4
0.818,0.761,0.227,0.651,0.684,1
0.476,0.844,0.31,0.573,0.475,2
0.536,0.929,0.318,0.801,0.636,1
0.586,0.975,0.259,0.77,0.648,1
0.609,0.487,0.198,0.48,0.878,3
0.211,0.115,0.798,0.453,0.265,0
0.231,0.737,0.374,0.595,0.441,2
0.128,0.393,0.878,0.506,0.287,4
0.3,0.73,0.315,0.277,0.34,2
0.706,0.915,0.069,0.541,0.911,1
0.723,0.99,0.398,0.74,0.835,1
0.652,0.527,0.424,0.491,0.842,3
0.173,0.225,0.95,0.317,0.108,0
0.307,0.598,0.343,0.55,0.441,2
0.347,0.582,0.291,0.402,0.373,2
0.623,0.763,0.11,0.632,0.59,1
0.712,0.857,0.189,0.777,0.742,1
0.8,0.46,0.275,0.301,0.934,3
0.238,0.123,0.778,0.246,0.101,0
0.532,0.826,0.141,0.558,0.579,1
0.707,0.431,0.331,0.536,0.712,3
0.712,0.978,0.328,0.74,0.617,1
0.417,0.819,0.142,0.438,0.378,2
0.232,0.46,0.922,0.503,0.467,4
0.759,0.879,0.451,0.544,0.685,1
0.338,0.21,0.817,0.336,0.059,0
0.136,0.311,0.845,0.342,0.2,0
0.524,0.98,0.171,0.588,0.581,1
0.395,0.369,0.918,0.221,0.216,0
0.732,0.476,0.237,0.373,0.849,3
0.723,0.349,0.39,0.41,0.704,3
