27,51,0,-73,21,47,64,-88,84,70,-43,96,75,-34,97,-37,-22,-49,67,79,-1,
81,77,-85,-24,-57,73,-58,56,79,14,34,-53,56,-14,26,76,-84,52,-17,-37,-1,
51,-97,88,95,79,-97,-60,-97,44,38,-84,5,-54,-4,64,-78,-73,88,-28,40,1,
-37,-31,25,-74,-59,96,74,-63,94,-58,-20,-27,53,-77,-65,-71,17,37,-60,86,-1,
80,85,-83,-26,-53,71,-56,51,80,11,36,-48,56,-16,29,72,-89,61,-16,-38,-1,
-43,-36,19,-80,-63,87,70,-75,95,-64,-26,-28,43,-85,-64,-80,10,40,-74,82,-1,
-63,-21,23,-65,-28,27,-62,-37,-65,-39,28,-6,-66,-37,94,-89,-14,50,-89,94,-1,
-42,-32,21,-78,-62,93,72,-68,87,-59,-23,-27,49,-81,-64,-77,10,38,-67,84,-1,
55,-99,99,89,81,-92,-56,-100,42,39,-80,4,-56,0,67,-78,-68,87,-28,46,1,
24,55,0,-67,20,45,63,-91,90,68,-43,96,79,-33,95,-31,-29,-48,67,78,-1,
-66,-24,24,-63,-35,24,-58,-40,-60,-37,22,-9,-68,-41,91,-93,-17,49,-91,92,-1,
-40,-39,22,-80,-69,92,69,-69,88,-71,-26,-26,46,-81,-65,-77,10,33,-68,82,-1,
79,79,-85,-23,-54,73,-56,58,79,13,35,-52,57,-13,25,74,-88,58,-19,-38,-1,
-68,-27,26,-63,-32,24,-57,-35,-64,-35,18,-9,-67,-39,95,-92,-12,51,-87,89,-1,
73,77,-84,-19,-58,72,-54,54,85,12,38,-53,55,-11,25,78,-84,59,-20,-36,-1,
79,77,-87,-22,-60,74,-52,52,77,11,36,-51,55,-17,23,74,-93,55,-14,-37,-1,
-63,-27,21,-64,-33,23,-59,-41,-59,-41,22,-11,-65,-37,93,-99,-9,49,-86,90,-1,
24,53,-1,-73,21,36,67,-97,85,64,-44,92,75,-32,90,-34,-21,-52,62,77,-1,
77,81,-81,-25,-56,70,-59,54,76,13,35,-47,59,-18,27,72,-84,54,-16,-39,-1,
78,78,-79,-25,-55,73,-55,56,81,12,40,-51,56,-11,28,73,-84,57,-13,-37,-1,
-60,-26,25,-64,-30,26,-58,-35,-64,-45,32,-14,-64,-39,94,-87,-11,49,-88,93,-1,
80,73,-88,-22,-57,70,-53,53,76,8,32,-53,53,-17,22,72,-94,56,-20,-35,-1,
-66,-31,24,-65,-33,23,-61,-36,-62,-43,22,-11,-63,-43,95,-92,-14,50,-87,89,-1,
-65,-23,20,-62,-32,22,-59,-38,-62,-40,25,-14,-63,-37,90,-90,-15,55,-90,95,-1,
-40,-29,19,-84,-60,85,74,-70,95,-63,-23,-22,43,-86,-63,-80,13,37,-71,81,-1,
-63,-26,23,-63,-28,24,-56,-34,-62,-37,22,-12,-61,-38,92,-89,-10,55,-87,93,-1,
-37,-29,22,-75,-61,93,72,-60,93,-63,-22,-19,50,-77,-66,-72,20,38,-62,93,-1,
-61,-31,23,-70,-31,28,-62,-40,-64,-42,27,-15,-67,-45,87,-90,-19,46,-95,93,-1,
53,-95,94,99,78,-94,-57,-96,47,34,-81,14,-60,-2,69,-82,-63,88,-24,45,1,
83,79,-83,-24,-53,74,-54,57,82,12,33,-49,64,-16,23,79,-91,59,-13,-39,-1,
56,-98,93,98,78,-90,-61,-93,45,37,-77,9,-56,0,67,-77,-67,89,-26,47,1,
-42,-32,20,-83,-58,89,69,-64,89,-65,-16,-30,54,-82,-68,-72,12,40,-68,88,-1,
-56,-21,24,-65,-25,33,-58,-33,-62,-36,29,-10,-57,-36,103,-92,-6,50,-82,95,-1,
54,-91,93,95,77,-89,-63,-98,48,34,-81,7,-54,0,63,-78,-71,88,-29,45,1,
55,-103,93,99,75,-91,-63,-102,49,36,-82,10,-59,-2,65,-78,-75,90,-31,43,1,
-61,-27,21,-63,-33,27,-53,-42,-66,-43,31,-13,-58,-44,97,-91,-11,49,-89,92,-1,
72,78,-87,-28,-58,67,-60,57,76,11,35,-54,57,-12,18,68,-82,52,-16,-40,-1,
79,78,-84,-22,-54,70,-53,56,81,10,39,-47,55,-16,28,74,-87,60,-16,-37,-1,
-41,-34,19,-82,-64,89,70,-64,95,-68,-22,-28,47,-82,-62,-76,14,38,-69,86,-1,
-65,-33,16,-63,-31,25,-57,-40,-67,-40,25,-13,-59,-43,94,-85,-11,49,-90,93,-1,
24,54,-3,-75,24,38,59,-91,82,71,-41,94,76,-32,94,-36,-26,-51,72,70,-1,
80,75,-79,-24,-56,75,-55,68,81,16,41,-46,55,-9,26,80,-92,61,-17,-37,-1,
-41,-36,16,-80,-59,91,71,-66,93,-65,-23,-25,52,-77,-70,-76,15,39,-69,91,-1,
78,79,-76,-23,-53,76,-53,52,80,11,36,-47,61,-18,30,74,-87,60,-14,-42,-1,
-62,-23,26,-68,-31,23,-58,-40,-61,-39,22,-13,-66,-44,93,-99,-13,48,-91,94,-1,
-37,-30,27,-81,-57,93,78,-64,96,-59,-21,-21,53,-82,-62,-75,19,39,-66,88,-1,
79,78,-84,-26,-55,68,-58,57,80,14,37,-45,52,-18,27,76,-93,63,-19,-37,-1,
-39,-30,25,-77,-58,93,74,-68,98,-60,-19,-24,53,-78,-60,-75,17,41,-67,90,-1,
21,49,-6,-69,12,44,62,-96,92,60,-44,98,71,-36,93,-33,-27,-49,69,78,-1,
58,-93,92,94,85,-90,-60,-94,43,34,-80,7,-58,0,69,-77,-67,81,-24,47,1,
-36,-31,21,-81,-61,91,74,-64,97,-67,-20,-22,52,-77,-65,-76,18,37,-67,95,-1,
81,79,-80,-18,-54,79,-54,55,80,18,37,-49,57,-13,29,78,-85,60,-19,-33,-1,
25,51,-7,-71,17,41,61,-99,83,64,-45,94,75,-32,89,-32,-27,-51,64,79,-1,
25,52,-2,-70,21,43,69,-94,88,61,-43,99,77,-30,99,-34,-19,-50,70,84,-1,
-65,-29,19,-64,-33,26,-62,-42,-63,-42,25,-14,-64,-43,91,-87,-17,47,-92,90,-1,
28,52,-2,-70,18,37,66,-94,78,67,-46,92,75,-34,96,-34,-25,-53,68,76,-1,
57,-99,93,93,82,-92,-59,-98,42,34,-85,10,-63,0,64,-80,-72,90,-29,42,1,
80,78,-80,-21,-51,70,-50,53,83,12,32,-44,57,-14,29,72,-84,60,-11,-37,-1,
-70,-23,17,-64,-33,24,-60,-41,-60,-41,22,-13,-62,-39,89,-92,-12,50,-87,93,-1,
-38,-32,23,-81,-65,88,69,-65,97,-68,-18,-26,52,-87,-61,-73,18,37,-68,95,-1,
79,77,-84,-25,-50,64,-54,53,79,13,34,-47,55,-19,24,74,-89,55,-19,-40,-1,
-35,-30,21,-76,-58,92,77,-59,95,-58,-24,-22,50,-80,-68,-71,19,43,-67,94,-1,
58,-102,95,93,72,-89,-58,-100,42,35,-78,6,-60,0,63,-81,-69,87,-31,47,1,
55,-97,95,94,80,-91,-56,-97,43,36,-79,5,-56,-3,62,-79,-67,90,-26,42,1,
-60,-28,24,-67,-32,24,-56,-40,-61,-41,24,-13,-68,-40,91,-91,-13,51,-87,93,-1,
23,49,-2,-70,24,37,61,-92,87,69,-43,92,74,-35,88,-37,-23,-45,62,75,-1,
81,80,-79,-20,-59,79,-54,56,75,14,38,-47,61,-14,28,76,-89,59,-14,-33,-1,
83,73,-80,-25,-57,75,-60,57,76,11,38,-50,53,-15,28,68,-88,61,-20,-39,-1,
-61,-30,23,-61,-38,27,-59,-38,-65,-39,24,-13,-63,-40,97,-94,-11,53,-94,91,-1,
-55,-26,25,-65,-28,27,-58,-35,-58,-40,24,-10,-58,-43,95,-89,-11,56,-87,97,-1,
74,76,-85,-26,-59,72,-56,50,79,11,30,-49,53,-12,22,73,-86,53,-12,-38,-1,
-65,-28,23,-61,-33,22,-59,-33,-66,-35,24,-14,-66,-38,92,-95,-9,50,-93,90,-1,
54,-101,94,88,77,-94,-64,-101,43,30,-85,9,-65,-2,66,-82,-72,86,-30,43,1,
-60,-30,26,-62,-30,19,-53,-40,-65,-34,26,-13,-58,-41,99,-90,-8,48,-90,93,-1,
75,76,-87,-28,-56,69,-65,56,71,15,29,-52,52,-19,22,71,-91,55,-21,-41,-1,
68,75,-88,-30,-63,72,-59,48,77,8,30,-58,52,-17,21,70,-91,51,-19,-43,-1,
56,-96,95,94,74,-91,-62,-94,38,35,-86,13,-59,0,67,-80,-70,85,-25,41,1,
55,-91,88,94,79,-91,-62,-93,50,34,-79,11,-63,-3,65,-78,-70,89,-25,44,1,
-41,-33,14,-79,-64,88,73,-71,93,-63,-34,-22,42,-81,-71,-75,11,37,-71,82,-1,
-65,-31,25,-70,-32,24,-60,-34,-62,-39,22,-10,-70,-43,94,-95,-10,47,-84,90,-1,
-65,-26,22,-64,-29,23,-64,-39,-60,-43,21,-12,-69,-35,86,-92,-16,52,-91,95,-1,
57,-99,97,92,79,-92,-57,-94,42,37,-81,7,-56,-1,65,-81,-69,85,-28,44,1,
21,51,0,-67,22,44,66,-94,92,66,-49,103,73,-35,92,-36,-24,-40,67,79,-1,
77,75,-88,-23,-57,71,-59,54,80,9,36,-53,54,-16,24,74,-88,57,-16,-40,-1,
21,53,-5,-74,18,36,62,-92,78,69,-48,92,71,-37,91,-35,-30,-48,68,71,-1,
-44,-29,20,-80,-58,92,72,-67,95,-64,-23,-22,50,-80,-66,-76,16,39,-62,87,-1,
55,-103,91,90,78,-98,-60,-102,45,31,-80,5,-61,-8,65,-79,-75,87,-27,39,1,
25,50,0,-68,22,36,69,-97,81,65,-47,95,74,-34,89,-30,-25,-47,68,81,-1,
-42,-36,20,-82,-63,85,74,-67,90,-65,-26,-26,48,-81,-62,-80,12,35,-72,87,-1,
-39,-30,20,-78,-63,91,70,-63,92,-66,-22,-27,48,-81,-69,-71,15,39,-67,87,-1,
80,80,-80,-28,-56,70,-61,53,81,11,35,-52,59,-18,27,76,-92,58,-18,-41,-1,
-62,-24,25,-65,-26,23,-56,-36,-63,-35,23,-14,-62,-41,103,-89,-11,49,-82,89,-1,
52,-95,93,92,80,-95,-60,-99,40,31,-84,9,-64,-3,71,-85,-71,87,-25,38,1,
56,-97,101,96,81,-93,-57,-94,46,37,-80,12,-56,6,68,-77,-68,88,-30,50,1,
22,49,-3,-69,19,37,63,-96,85,60,-43,95,75,-37,93,-37,-22,-52,68,75,-1,
25,51,-4,-72,19,41,63,-97,91,67,-42,97,73,-32,93,-39,-24,-47,71,74,-1,
81,76,-82,-21,-54,72,-57,58,81,11,37,-51,59,-14,28,77,-85,58,-13,-42,-1,
79,76,-83,-17,-64,74,-55,57,81,12,36,-49,57,-16,29,69,-92,61,-19,-34,-1,
52,-97,89,91,78,-94,-63,-104,43,29,-85,8,-65,-7,66,-85,-70,82,-33,41,1,
-43,-33,21,-83,-62,89,71,-68,96,-62,-27,-25,51,-85,-71,-77,16,40,-69,90,-1,
-34,-29,20,-80,-64,93,70,-62,99,-66,-21,-24,47,-85,-62,-72,16,38,-68,89,-1,
23,56,-2,-70,23,40,63,-97,89,72,-48,101,76,-32,93,-30,-24,-48,69,76,-1,
-63,-25,22,-63,-34,29,-59,-35,-62,-37,26,-13,-63,-38,97,-91,-9,48,-84,89,-1,
25,50,-6,-72,10,41,60,-97,80,62,-51,89,76,-37,89,-33,-30,-53,58,75,-1,
24,53,-6,-70,16,43,61,-97,88,65,-46,93,76,-35,91,-37,-24,-50,66,74,-1,
79,77,-84,-17,-55,73,-54,54,76,13,31,-51,59,-15,30,72,-86,57,-17,-37,-1,
78,74,-85,-25,-62,71,-58,55,79,7,34,-52,55,-13,22,75,-94,59,-20,-39,-1,
80,73,-88,-18,-60,76,-58,58,81,17,29,-53,54,-14,24,72,-91,58,-20,-37,-1,
51,-92,95,91,81,-93,-56,-92,42,37,-77,5,-53,-5,71,-81,-67,88,-23,40,1,
22,54,2,-70,21,41,68,-89,89,67,-45,97,76,-34,98,-36,-20,-46,65,78,-1,
-62,-23,28,-61,-28,30,-53,-38,-58,-38,30,-12,-60,-40,97,-90,-9,46,-86,94,-1,
23,51,-4,-72,18,42,63,-95,86,68,-45,94,75,-33,91,-37,-25,-50,63,76,-1,
-65,-28,19,-61,-35,22,-55,-41,-59,-42,26,-14,-63,-42,90,-91,-14,52,-89,89,-1,
18,54,-3,-78,16,41,62,-93,85,64,-49,95,77,-38,92,-37,-25,-48,61,72,-1,
-38,-31,22,-83,-66,90,73,-68,88,-66,-24,-28,49,-86,-66,-77,9,30,-64,84,-1,
75,73,-86,-22,-60,69,-56,54,77,8,32,-50,54,-15,20,71,-88,58,-20,-40,-1,
-35,-37,27,-80,-62,96,76,-64,90,-61,-22,-22,52,-80,-64,-76,13,38,-63,84,-1,
-38,-28,22,-77,-61,97,74,-66,96,-61,-26,-21,47,-82,-63,-74,15,41,-69,85,-1,
54,-95,94,94,80,-89,-61,-92,44,36,-79,9,-60,2,63,-76,-72,90,-28,46,1,
25,49,-1,-74,18,41,63,-94,84,66,-43,94,77,-40,92,-35,-24,-50,69,74,-1,
-38,-30,17,-78,-67,93,67,-70,93,-67,-23,-26,52,-85,-62,-76,10,35,-65,86,-1,
-37,-32,22,-82,-59,91,78,-71,101,-59,-24,-25,53,-90,-62,-81,16,35,-68,86,-1,
55,-100,94,94,79,-94,-61,-101,41,35,-82,6,-56,-2,64,-78,-68,84,-25,42,1,
-61,-32,25,-64,-28,28,-55,-36,-61,-39,31,-8,-62,-43,95,-89,-10,50,-87,97,-1,
-38,-34,19,-79,-65,89,73,-66,95,-63,-27,-24,48,-82,-69,-78,17,31,-65,87,-1,
52,-92,92,93,80,-92,-59,-95,40,33,-82,5,-55,-2,65,-78,-69,88,-26,42,1,
-39,-32,17,-80,-64,90,71,-70,91,-65,-28,-21,48,-83,-72,-72,11,34,-67,89,-1,
57,-101,92,97,80,-95,-60,-99,46,30,-84,8,-57,-1,65,-82,-73,88,-29,40,1,
-63,-27,29,-69,-27,21,-59,-36,-63,-36,22,-13,-69,-36,92,-94,-13,49,-85,91,-1,
56,-96,88,91,73,-91,-59,-98,43,35,-80,0,-61,-2,64,-84,-71,86,-28,44,1,
-58,-27,22,-64,-32,28,-58,-39,-64,-39,34,-15,-62,-44,95,-86,-19,52,-96,99,-1,
-63,-34,27,-67,-33,29,-56,-37,-63,-39,28,-8,-60,-46,101,-92,-13,48,-85,92,-1,
-63,-26,25,-66,-31,24,-62,-39,-58,-41,20,-7,-67,-40,94,-90,-16,52,-86,95,-1,
22,51,0,-77,17,37,64,-95,80,66,-45,92,75,-37,91,-37,-24,-51,67,71,-1,
80,76,-79,-26,-56,70,-56,55,82,5,32,-50,56,-12,22,70,-90,60,-18,-43,-1,
57,-97,93,92,77,-94,-60,-96,41,35,-86,8,-59,0,62,-79,-73,84,-28,45,1,
23,54,0,-71,23,37,65,-95,85,68,-40,98,75,-32,95,-36,-26,-50,70,73,-1,
-59,-25,24,-60,-29,24,-57,-39,-56,-42,32,-12,-63,-38,95,-88,-15,52,-89,98,-1,
-63,-24,29,-68,-28,30,-58,-36,-60,-37,23,-13,-68,-36,97,-92,-12,46,-81,92,-1,
-39,-30,23,-75,-58,92,77,-67,99,-60,-26,-20,49,-79,-64,-74,18,38,-64,89,-1,
28,52,1,-71,28,44,64,-87,90,70,-38,98,73,-34,90,-32,-21,-41,70,76,-1,
20,54,-5,-68,23,37,66,-94,86,66,-45,97,75,-36,95,-36,-24,-45,70,75,-1,
-61,-30,22,-63,-32,24,-59,-38,-62,-44,25,-6,-64,-42,95,-87,-12,53,-88,94,-1,
-57,-24,27,-59,-24,25,-55,-36,-58,-36,28,-7,-63,-34,97,-86,-6,51,-85,100,-1,
28,51,-1,-74,24,44,65,-95,88,63,-41,98,72,-31,92,-34,-24,-51,71,77,-1,
78,73,-86,-20,-62,68,-55,55,79,6,34,-50,52,-14,23,73,-90,57,-26,-36,-1,
79,73,-82,-27,-53,71,-57,55,78,12,33,-49,55,-18,27,73,-89,58,-17,-41,-1,
80,80,-81,-30,-50,70,-58,52,82,10,35,-48,58,-18,26,77,-86,57,-15,-41,-1,
21,47,-2,-75,14,38,66,-97,86,62,-48,92,74,-36,91,-37,-27,-49,60,76,-1,
-45,-34,16,-81,-60,87,71,-68,93,-64,-26,-23,47,-79,-68,-82,16,37,-69,84,-1,
81,79,-82,-26,-55,71,-57,52,79,8,34,-54,57,-13,27,76,-87,55,-19,-38,-1,
-40,-35,20,-82,-63,91,70,-63,94,-66,-22,-26,53,-77,-71,-73,14,34,-62,89,-1,
83,79,-79,-20,-51,74,-52,58,81,13,39,-50,63,-17,32,72,-87,61,-14,-37,-1,
84,74,-84,-24,-55,68,-49,55,78,10,31,-49,56,-18,26,69,-90,51,-11,-39,-1,
54,-90,94,98,79,-91,-58,-102,51,41,-81,10,-57,2,69,-73,-63,88,-21,49,1,
-39,-29,25,-78,-60,91,77,-69,94,-60,-24,-24,46,-79,-66,-77,18,37,-67,87,-1,
83,80,-79,-20,-51,77,-50,56,82,14,39,-48,56,-12,30,77,-88,60,-15,-36,-1,
-37,-31,20,-82,-63,92,70,-65,98,-68,-23,-25,49,-83,-62,-74,13,39,-68,87,-1,
20,48,-1,-78,17,34,66,-98,80,65,-46,90,73,-35,86,-32,-28,-53,65,73,-1,
-65,-24,20,-66,-32,23,-58,-35,-70,-37,25,-12,-65,-40,94,-90,-11,50,-89,87,-1,
54,-99,94,91,78,-98,-59,-102,47,34,-84,6,-56,-6,67,-80,-74,84,-26,41,1,
24,52,-3,-72,18,40,66,-96,88,66,-45,94,74,-34,92,-36,-24,-47,66,71,-1,
26,51,-2,-71,16,41,63,-92,84,64,-39,96,79,-34,95,-38,-19,-48,71,77,-1,
54,-92,91,98,77,-90,-62,-95,46,34,-80,11,-59,-2,66,-77,-67,89,-23,46,1,
62,-97,90,98,83,-93,-62,-93,48,32,-81,15,-60,0,63,-74,-70,87,-25,45,1,
-37,-34,23,-79,-60,93,74,-66,93,-61,-20,-26,53,-76,-65,-76,14,37,-64,91,-1,
54,-94,98,96,80,-92,-58,-97,45,31,-80,12,-59,-3,69,-81,-69,92,-22,38,1,
-59,-32,27,-66,-31,28,-54,-38,-60,-36,26,-7,-65,-40,95,-87,-6,51,-85,95,-1,
26,52,-1,-66,17,45,63,-90,88,66,-40,97,75,-32,94,-33,-28,-44,70,80,-1,
52,-97,97,92,82,-96,-57,-97,45,37,-83,10,-56,-3,71,-78,-70,90,-30,45,1,
-39,-34,21,-80,-58,93,75,-65,91,-64,-24,-23,53,-78,-67,-75,14,40,-64,88,-1,
-58,-27,24,-65,-30,29,-59,-39,-62,-40,28,-10,-60,-38,95,-86,-9,50,-87,99,-1,
27,49,6,-74,20,43,68,-89,85,64,-42,98,73,-31,91,-29,-27,-44,66,74,-1,
23,55,1,-73,22,43,63,-87,83,67,-40,95,79,-31,94,-34,-22,-48,68,78,-1,
76,72,-87,-23,-57,72,-55,49,77,9,30,-52,58,-20,21,69,-89,53,-15,-46,-1,
24,54,-3,-72,19,39,64,-95,85,71,-47,94,75,-34,90,-29,-24,-47,67,77,-1,
-43,-36,18,-81,-68,87,70,-70,94,-64,-35,-25,42,-83,-70,-80,14,29,-66,79,-1,
54,-92,92,95,80,-92,-63,-94,43,25,-82,12,-62,-1,66,-83,-66,83,-25,41,1,
53,-99,92,91,76,-94,-58,-97,44,38,-84,6,-58,-4,67,-82,-76,90,-32,42,1,
-59,-23,23,-64,-30,30,-58,-32,-60,-36,28,-6,-59,-37,98,-89,-9,53,-83,92,-1,
79,84,-85,-22,-53,74,-54,58,83,13,37,-47,59,-13,25,75,-84,56,-17,-40,-1,
-66,-30,25,-62,-33,26,-54,-37,-63,-39,24,-9,-64,-37,92,-88,-8,50,-86,90,-1,
-65,-21,24,-60,-30,25,-53,-37,-62,-37,26,-11,-59,-41,94,-86,-11,54,-88,93,-1,
-61,-24,26,-67,-34,27,-60,-33,-64,-38,26,-10,-60,-39,96,-83,-6,54,-84,97,-1,
56,-101,95,89,76,-94,-61,-97,41,32,-84,8,-63,1,63,-80,-69,83,-25,40,1,
23,55,-4,-69,19,40,62,-92,84,66,-45,95,78,-37,90,-31,-27,-45,65,75,-1,
53,-91,92,94,76,-91,-57,-95,38,39,-85,7,-58,0,63,-82,-66,86,-25,41,1,
-37,-28,19,-75,-62,94,74,-60,96,-60,-23,-22,50,-83,-63,-73,16,38,-68,90,-1,
23,56,-3,-76,16,43,65,-91,86,63,-44,98,74,-35,94,-32,-22,-47,66,71,-1,
-37,-30,21,-79,-64,93,70,-63,92,-60,-21,-24,50,-86,-65,-71,16,39,-67,87,-1,
77,75,-83,-25,-54,76,-54,50,77,12,34,-52,51,-16,26,73,-90,57,-17,-41,-1,
-61,-29,25,-64,-30,26,-57,-36,-63,-37,26,-10,-64,-40,93,-91,-15,50,-89,86,-1,
-40,-38,26,-85,-61,89,72,-67,88,-62,-24,-28,49,-85,-64,-80,15,32,-64,82,-1,
55,-99,93,91,78,-95,-62,-97,44,31,-82,8,-60,-3,64,-79,-71,87,-25,41,1,
22,49,-1,-74,20,40,66,-94,86,66,-43,96,70,-31,92,-32,-28,-48,69,75,-1,
23,54,-3,-73,23,40,63,-96,84,64,-45,95,74,-33,89,-36,-27,-51,69,74,-1,
21,60,0,-67,21,36,68,-94,81,63,-43,92,78,-33,93,-33,-28,-50,68,75,-1,
-38,-28,24,-79,-60,95,75,-65,101,-57,-22,-21,52,-78,-64,-72,17,38,-63,89,-1,
23,54,-4,-68,23,38,65,-91,88,64,-43,98,73,-32,96,-30,-25,-44,67,79,-1,
79,75,-83,-20,-57,72,-51,54,83,12,34,-45,53,-11,23,71,-85,63,-22,-34,-1,
25,51,0,-70,22,39,69,-92,82,65,-45,94,75,-33,94,-33,-25,-48,65,79,-1,
-38,-38,20,-82,-63,87,72,-65,90,-62,-32,-25,47,-85,-68,-74,14,36,-66,86,-1,
79,78,-84,-23,-58,70,-53,51,82,7,37,-50,53,-16,25,78,-93,55,-19,-40,-1,
80,73,-86,-22,-58,73,-56,56,80,8,34,-52,54,-15,23,73,-88,60,-22,-38,-1,
53,-90,96,96,76,-87,-63,-98,43,32,-84,10,-58,-5,67,-88,-68,82,-27,41,1,
-33,-31,25,-78,-61,91,76,-65,98,-63,-22,-22,52,-80,-61,-75,19,35,-61,94,-1,
27,49,-2,-75,16,39,63,-94,84,67,-44,94,72,-38,92,-39,-27,-46,68,67,-1,
-64,-25,18,-63,-28,26,-55,-38,-63,-44,28,-11,-60,-40,94,-85,-5,50,-83,92,-1,
-42,-33,21,-80,-65,90,74,-65,94,-58,-29,-26,46,-82,-71,-75,15,37,-70,85,-1,
-45,-36,20,-85,-64,84,67,-71,91,-66,-25,-30,50,-85,-72,-79,13,33,-66,84,-1,
53,-94,88,91,72,-96,-61,-95,46,32,-82,4,-62,1,63,-82,-69,88,-23,42,1,
-41,-35,20,-84,-62,89,71,-63,92,-63,-27,-24,50,-83,-70,-77,17,33,-66,86,-1,
22,54,-1,-64,25,43,63,-92,93,63,-41,100,79,-33,98,-31,-26,-45,67,79,-1,
79,72,-85,-24,-56,70,-51,51,83,11,30,-47,55,-18,19,77,-90,56,-14,-42,-1,
-44,-28,22,-79,-62,91,71,-64,92,-60,-24,-22,50,-83,-67,-76,16,36,-64,87,-1,
60,-99,99,95,83,-86,-63,-88,41,35,-77,12,-60,6,73,-78,-66,87,-25,48,1,
72,77,-86,-26,-58,70,-58,51,74,5,32,-55,51,-15,22,69,-90,53,-24,-43,-1,
53,-96,94,93,81,-95,-57,-95,45,35,-76,7,-56,0,68,-77,-67,89,-26,45,1,
80,76,-80,-18,-56,73,-49,56,82,10,40,-45,62,-20,32,71,-87,63,-11,-33,-1,
76,78,-84,-22,-58,73,-56,56,84,11,34,-52,59,-15,26,76,-89,58,-16,-41,-1,
21,48,-5,-75,22,41,64,-97,89,60,-45,98,70,-34,92,-32,-25,-51,65,78,-1,
-67,-29,25,-62,-32,26,-61,-32,-65,-40,28,-13,-60,-40,93,-91,-13,51,-92,90,-1,
-36,-30,22,-78,-63,90,72,-61,96,-61,-23,-20,51,-83,-57,-72,14,40,-63,93,-1,
-67,-28,21,-67,-37,24,-60,-40,-68,-42,24,-13,-65,-47,93,-92,-17,48,-94,93,-1,
79,76,-88,-21,-58,70,-54,52,77,9,35,-49,55,-20,28,75,-89,59,-19,-36,-1,
76,74,-85,-25,-60,71,-61,56,78,10,34,-49,52,-16,25,69,-93,59,-21,-40,-1,
19,52,-6,-77,20,38,58,-93,86,63,-44,95,77,-36,94,-37,-24,-51,65,73,-1,
80,77,-82,-17,-54,71,-48,55,83,12,30,-44,55,-9,24,75,-88,58,-17,-37,-1,
76,82,-86,-22,-56,71,-57,56,84,10,30,-48,58,-12,27,71,-87,58,-19,-43,-1,
77,79,-85,-24,-56,69,-56,54,78,16,35,-49,55,-17,30,74,-85,54,-15,-37,-1,
-63,-24,26,-66,-32,28,-62,-35,-60,-37,22,-12,-63,-36,93,-94,-10,54,-89,99,-1,
-43,-33,18,-80,-64,91,70,-63,88,-68,-20,-27,48,-76,-72,-74,12,35,-66,84,-1,
-63,-29,21,-67,-29,26,-62,-37,-66,-38,28,-9,-68,-38,95,-87,-11,48,-87,92,-1,
22,56,-4,-73,24,43,65,-91,87,68,-40,100,72,-27,95,-31,-26,-47,70,79,-1,
52,-95,91,94,78,-97,-58,-98,46,35,-83,9,-62,-1,65,-77,-73,90,-24,42,1,
-37,-34,21,-78,-61,92,71,-66,93,-64,-24,-24,53,-82,-66,-75,18,33,-62,88,-1,
-41,-35,24,-77,-64,96,75,-68,95,-58,-28,-26,54,-81,-64,-77,15,39,-65,88,-1,
-62,-29,20,-68,-28,26,-60,-43,-63,-41,24,-12,-65,-41,91,-91,-17,45,-89,92,-1,
-42,-32,21,-81,-61,91,75,-67,96,-63,-24,-24,50,-80,-67,-78,15,38,-67,86,-1,
-57,-27,26,-68,-28,27,-59,-35,-61,-35,22,-13,-66,-34,96,-92,-6,50,-83,94,-1,
55,-99,91,90,77,-89,-60,-97,37,37,-79,2,-61,-5,65,-83,-70,81,-28,42,1,
83,73,-83,-25,-60,71,-54,52,80,9,37,-49,53,-17,27,74,-94,60,-14,-38,-1,
53,-94,90,94,74,-92,-58,-101,43,38,-86,6,-60,-4,65,-81,-73,84,-29,48,1,
24,54,-1,-74,20,41,68,-94,84,64,-44,93,73,-31,92,-33,-27,-52,69,76,-1,
-41,-31,22,-82,-60,88,75,-63,89,-68,-24,-22,47,-83,-66,-78,16,32,-65,84,-1,
-39,-33,25,-82,-63,92,71,-65,93,-65,-22,-26,46,-81,-65,-76,13,40,-63,82,-1,
26,61,1,-72,20,49,68,-89,90,68,-40,102,78,-27,102,-28,-20,-53,73,75,-1,
58,-97,90,99,78,-94,-60,-96,48,36,-85,12,-58,3,63,-78,-68,88,-27,47,1,
18,58,0,-73,22,36,64,-91,81,66,-48,97,75,-35,96,-33,-26,-53,66,73,-1,
54,-93,99,94,81,-91,-55,-103,50,37,-81,14,-62,0,69,-78,-66,91,-29,45,1,
-43,-34,19,-83,-58,92,73,-64,97,-65,-24,-22,51,-83,-66,-75,15,40,-72,89,-1,
55,-92,96,101,81,-92,-57,-95,47,41,-78,14,-54,1,72,-73,-60,86,-16,48,1,
-39,-34,20,-82,-63,96,70,-62,90,-64,-29,-23,50,-79,-71,-72,15,35,-63,82,-1,
-60,-21,26,-59,-26,24,-54,-37,-55,-38,28,-9,-63,-32,94,-86,-8,54,-83,98,-1,
83,74,-80,-23,-52,70,-53,58,80,9,41,-50,58,-19,30,70,-86,60,-18,-35,-1,
-41,-32,23,-81,-68,90,72,-64,92,-66,-22,-27,47,-85,-61,-77,13,35,-65,86,-1,
79,79,-83,-21,-54,75,-53,52,81,5,40,-54,59,-16,26,77,-93,59,-19,-44,-1,
53,-100,94,94,77,-91,-57,-94,37,39,-79,4,-56,1,68,-78,-69,89,-30,48,1,
-44,-35,16,-83,-63,89,67,-67,91,-66,-25,-28,52,-84,-65,-77,10,38,-73,88,-1,
-33,-33,15,-79,-64,90,74,-59,90,-65,-28,-19,41,-79,-69,-69,12,38,-70,88,-1,
54,-95,89,99,77,-89,-59,-97,44,35,-76,4,-56,-2,65,-79,-67,89,-30,48,1,
57,-92,92,95,84,-90,-61,-90,45,37,-79,11,-59,1,65,-72,-71,87,-23,46,1,
29,52,0,-67,19,42,62,-92,86,66,-42,96,79,-36,99,-31,-27,-51,65,74,-1,
58,-95,92,97,78,-90,-67,-92,45,33,-81,14,-56,-6,67,-78,-73,87,-24,44,1,
80,77,-83,-16,-55,76,-53,54,81,11,34,-52,58,-12,30,77,-86,58,-13,-35,-1,
-37,-32,22,-79,-62,92,73,-63,96,-62,-29,-18,44,-78,-64,-75,17,38,-62,88,-1,
-63,-29,19,-67,-35,25,-59,-42,-64,-38,24,-9,-65,-48,96,-96,-12,46,-91,94,-1,
79,78,-81,-24,-56,69,-53,54,86,5,38,-48,57,-17,30,72,-85,60,-19,-38,-1,
54,-89,102,96,81,-88,-56,-98,51,40,-80,11,-52,0,69,-79,-63,89,-22,45,1,
25,48,-5,-74,17,45,62,-97,90,63,-44,95,77,-34,91,-37,-26,-50,67,78,-1,
24,50,-4,-68,17,42,67,-96,87,61,-47,95,77,-36,95,-34,-25,-47,64,81,-1,
85,74,-81,-22,-55,69,-52,55,83,9,33,-48,56,-16,28,75,-92,58,-18,-40,-1,
-64,-26,19,-62,-31,26,-58,-40,-60,-44,27,-16,-61,-35,86,-91,-14,51,-92,94,-1,
-64,-25,17,-61,-26,24,-53,-42,-64,-40,24,-14,-60,-39,91,-87,-12,50,-88,92,-1,
-66,-27,16,-65,-34,19,-58,-43,-63,-43,16,-15,-63,-45,91,-89,-12,51,-87,91,-1,
21,48,-6,-75,14,43,57,-93,82,64,-50,90,73,-39,86,-35,-32,-49,57,76,-1,
25,51,0,-72,23,41,66,-89,85,64,-43,97,71,-34,95,-28,-27,-47,69,75,-1,
-42,-32,23,-84,-64,91,68,-67,96,-60,-24,-26,52,-87,-68,-75,14,39,-67,87,-1,
21,48,-5,-81,18,42,59,-94,87,65,-46,96,67,-33,90,-32,-25,-52,64,76,-1,
56,-97,91,93,81,-92,-62,-93,44,35,-84,8,-59,-3,66,-82,-73,84,-26,41,1,
-59,-31,25,-65,-26,21,-53,-38,-65,-39,24,-9,-62,-45,99,-91,-9,51,-87,95,-1,
81,73,-83,-17,-53,72,-50,58,76,12,34,-42,52,-15,25,78,-93,64,-16,-35,-1,
-56,-30,23,-62,-35,27,-53,-41,-61,-38,27,-9,-62,-41,97,-87,-9,55,-87,93,-1,
24,51,-6,-75,20,35,62,-99,80,68,-44,93,71,-37,88,-33,-25,-55,71,75,-1,
-41,-31,19,-77,-63,92,73,-65,92,-62,-23,-28,50,-82,-69,-77,11,40,-66,83,-1,
28,53,0,-64,22,39,67,-93,85,70,-40,93,77,-29,95,-33,-25,-48,67,80,-1,
-65,-30,25,-62,-35,21,-55,-39,-65,-38,20,-13,-64,-38,93,-89,-8,51,-90,94,-1,
-64,-29,21,-56,-34,28,-59,-36,-64,-37,25,-12,-62,-35,89,-88,-11,50,-96,92,-1,
83,80,-83,-25,-52,69,-54,58,80,12,39,-51,57,-15,28,74,-87,56,-18,-38,-1,
-40,-33,22,-79,-67,89,72,-60,86,-59,-30,-26,47,-82,-73,-69,15,34,-68,86,-1,
-63,-28,27,-68,-27,22,-57,-38,-64,-34,26,-12,-63,-41,94,-92,-14,50,-90,93,-1,
-40,-36,22,-83,-60,89,73,-69,96,-63,-24,-29,51,-84,-67,-79,17,36,-70,91,-1,
57,-95,100,98,80,-90,-56,-98,50,37,-78,11,-54,0,70,-79,-67,89,-23,39,1,
-61,-32,19,-61,-35,27,-61,-39,-60,-48,25,-17,-59,-45,92,-93,-12,48,-93,96,-1,
-62,-25,26,-65,-27,25,-56,-37,-63,-37,23,-12,-66,-39,97,-89,-13,51,-85,91,-1,
-64,-29,23,-68,-30,22,-60,-37,-67,-40,27,-15,-64,-44,91,-92,-12,51,-91,93,-1,
-59,-29,25,-63,-30,25,-58,-34,-66,-38,32,-13,-58,-41,97,-89,-12,53,-91,91,-1,
-42,-33,20,-78,-65,87,73,-70,90,-60,-26,-28,46,-80,-71,-74,14,33,-69,87,-1,
-62,-24,25,-67,-28,33,-59,-29,-64,-36,28,-16,-65,-39,92,-92,-9,46,-87,89,-1,
77,79,-86,-27,-57,67,-60,54,77,10,34,-53,56,-18,26,68,-92,52,-20,-42,-1,
-63,-27,21,-61,-34,30,-55,-34,-61,-38,27,-13,-59,-41,93,-89,-14,53,-90,93,-1,
25,54,-1,-73,21,42,72,-97,88,63,-41,94,80,-36,99,-36,-17,-55,70,79,-1,
55,-96,100,98,80,-89,-59,-98,47,33,-77,13,-56,-2,73,-82,-62,86,-26,44,1,
78,75,-84,-22,-58,69,-57,52,76,9,30,-52,57,-18,25,68,-91,54,-19,-41,-1,
80,73,-83,-18,-61,70,-52,52,82,11,33,-51,57,-18,29,71,-89,57,-17,-35,-1,
58,-96,94,97,81,-92,-56,-97,47,37,-83,13,-61,1,69,-79,-69,88,-29,47,1,
54,-98,88,94,78,-96,-66,-97,45,29,-83,9,-58,-3,63,-78,-73,87,-30,41,1,
82,81,-84,-24,-52,72,-57,56,80,13,39,-46,55,-16,29,77,-87,58,-15,-40,-1,
-35,-31,23,-79,-62,88,79,-70,95,-63,-23,-25,50,-79,-66,-74,14,36,-65,92,-1,
-40,-27,24,-80,-61,96,74,-64,95,-61,-22,-23,53,-80,-64,-76,14,38,-61,84,-1,
74,78,-87,-24,-59,74,-58,52,77,9,36,-53,55,-16,23,73,-91,57,-17,-42,-1,
56,-96,91,92,76,-91,-61,-95,44,27,-80,9,-63,1,63,-80,-68,89,-28,44,1,
27,50,0,-73,23,37,65,-94,86,69,-39,97,71,-31,97,-37,-25,-51,72,72,-1,
-40,-36,18,-80,-68,87,72,-66,92,-66,-25,-27,48,-84,-67,-79,10,36,-68,85,-1,
20,47,-5,-71,17,41,55,-90,90,64,-39,94,75,-35,94,-38,-27,-45,65,75,-1,
-63,-35,24,-66,-31,20,-56,-43,-67,-43,30,-13,-63,-46,96,-88,-9,46,-89,91,-1,
-58,-29,26,-62,-29,28,-52,-39,-61,-40,25,-7,-55,-44,99,-85,-7,50,-86,96,-1,
81,80,-84,-23,-55,72,-54,54,78,14,34,-52,58,-14,27,77,-85,54,-20,-34,-1,
21,56,-1,-73,25,37,65,-91,83,70,-44,98,77,-37,99,-33,-29,-46,73,74,-1,
80,70,-84,-26,-60,72,-59,57,77,7,37,-58,53,-18,25,70,-91,57,-20,-39,-1,
-39,-32,19,-80,-63,92,70,-67,100,-64,-27,-27,55,-85,-65,-77,17,36,-67,89,-1,
-55,-26,24,-58,-35,25,-55,-39,-53,-41,29,-13,-59,-41,98,-94,-10,54,-89,95,-1,
77,74,-85,-24,-62,75,-60,59,73,11,31,-54,54,-13,20,71,-92,54,-18,-42,-1,
70,78,-91,-28,-60,69,-63,48,69,12,27,-54,52,-21,22,66,-92,51,-17,-41,-1,
-65,-27,22,-61,-37,27,-58,-39,-62,-41,22,-9,-64,-44,96,-84,-12,50,-88,95,-1,
60,-106,94,90,76,-95,-63,-96,37,30,-84,7,-59,-2,65,-81,-72,85,-25,42,1,
-67,-34,23,-66,-34,22,-58,-40,-69,-40,27,-13,-66,-43,95,-89,-11,48,-89,89,-1,
22,49,1,-74,23,42,67,-97,86,62,-47,97,75,-35,93,-35,-28,-52,64,77,-1,
55,-101,89,92,75,-94,-63,-97,41,32,-83,9,-63,-1,65,-78,-71,85,-26,43,1,
78,81,-82,-23,-58,73,-57,54,78,17,40,-48,61,-20,31,71,-90,59,-14,-33,-1,
-38,-29,20,-75,-62,92,70,-66,95,-62,-21,-25,51,-81,-67,-70,15,40,-66,89,-1,
62,-93,94,97,83,-88,-62,-92,50,36,-81,10,-51,-1,69,-79,-70,84,-27,49,1,
79,75,-84,-24,-60,71,-57,54,78,9,35,-52,55,-15,26,66,-87,55,-16,-39,-1,
22,51,-6,-71,13,33,66,-97,78,60,-48,92,71,-38,89,-37,-26,-50,65,76,-1,
20,49,-4,-74,20,40,60,-94,85,59,-45,96,71,-37,91,-37,-28,-49,67,75,-1,
-66,-28,18,-60,-32,20,-57,-41,-64,-40,18,-16,-62,-39,90,-85,-11,54,-91,94,-1,
57,-94,93,91,79,-91,-62,-95,47,31,-79,9,-62,0,67,-77,-68,90,-24,47,1,
78,71,-88,-23,-56,68,-54,54,78,7,34,-56,49,-17,22,72,-87,55,-23,-37,-1,
18,46,-4,-78,15,39,59,-97,84,67,-51,95,68,-40,93,-38,-32,-54,63,69,-1,
-61,-27,21,-66,-29,29,-63,-34,-62,-37,29,-14,-63,-38,91,-91,-9,51,-90,91,-1,
22,52,-5,-79,17,42,63,-99,86,65,-49,97,67,-32,86,-29,-30,-53,67,73,-1,
74,82,-84,-29,-59,73,-61,57,79,12,35,-52,64,-16,26,75,-88,59,-14,-38,-1,
24,50,-1,-70,18,40,61,-90,82,63,-46,93,76,-38,93,-35,-26,-49,59,78,-1,
73,81,-81,-27,-55,75,-58,52,79,11,36,-52,58,-17,26,75,-89,60,-21,-42,-1,
19,41,-8,-74,19,34,59,-104,87,57,-49,94,69,-44,87,-36,-30,-52,65,74,-1,
23,53,2,-73,21,40,68,-90,84,66,-47,100,74,-36,97,-34,-24,-46,71,78,-1,
80,80,-83,-23,-54,75,-54,55,83,16,38,-50,57,-14,29,80,-86,59,-13,-35,-1,
55,-96,92,94,77,-94,-60,-100,47,25,-77,8,-64,3,64,-78,-68,87,-28,48,1,
54,-98,96,95,80,-95,-59,-99,47,32,-82,8,-56,0,69,-82,-69,86,-31,48,1,
-37,-26,25,-80,-65,91,73,-69,90,-58,-25,-26,47,-84,-64,-78,16,33,-66,81,-1,
57,-99,95,90,78,-92,-64,-96,44,33,-81,7,-55,0,67,-77,-70,86,-26,48,1,
-41,-28,26,-77,-61,95,73,-65,90,-64,-19,-23,51,-82,-64,-73,16,34,-62,85,-1,
56,-95,100,93,81,-90,-58,-95,49,37,-79,11,-58,0,69,-81,-62,84,-23,46,1,
-57,-26,29,-60,-29,21,-48,-37,-59,-37,30,-10,-59,-38,95,-81,-7,54,-84,97,-1,
-60,-26,23,-65,-31,26,-59,-38,-61,-34,26,-9,-65,-41,93,-84,-15,53,-92,100,-1,
23,48,-4,-75,20,44,59,-91,82,63,-45,90,70,-32,87,-39,-29,-54,60,80,-1,
54,-99,91,93,74,-90,-62,-98,37,33,-78,5,-61,-2,65,-78,-68,88,-22,43,1,
-63,-29,23,-66,-25,25,-63,-31,-66,-35,23,-14,-67,-34,89,-91,-13,50,-91,90,-1,
52,-99,93,92,79,-94,-62,-98,46,36,-83,6,-61,-3,63,-82,-72,83,-27,40,1,
-63,-24,24,-65,-30,29,-61,-37,-65,-45,20,-17,-63,-39,93,-90,-13,48,-87,90,-1,
80,77,-83,-20,-53,69,-52,53,82,15,33,-46,58,-19,27,75,-88,61,-14,-35,-1,
-41,-35,21,-86,-63,88,71,-64,86,-67,-23,-27,44,-85,-69,-78,11,32,-68,81,-1,
-37,-33,18,-80,-61,92,71,-58,93,-64,-21,-26,50,-78,-68,-73,16,36,-64,88,-1,
56,-95,96,96,78,-90,-62,-97,46,33,-80,12,-60,3,64,-74,-71,95,-25,44,1,
78,78,-82,-21,-60,73,-60,58,77,13,36,-46,54,-13,23,74,-88,61,-20,-35,-1,
-41,-27,17,-76,-67,93,69,-67,96,-61,-23,-26,52,-78,-67,-69,9,39,-66,88,-1,
-38,-35,24,-83,-62,89,73,-67,92,-64,-24,-24,52,-88,-64,-79,13,38,-65,86,-1,
53,-97,92,89,77,-96,-61,-96,39,29,-80,4,-59,-2,63,-79,-73,85,-27,43,1,
79,71,-84,-26,-58,73,-59,56,80,11,28,-56,59,-19,24,68,-90,55,-16,-46,-1,
-40,-34,21,-76,-67,94,69,-67,90,-64,-25,-29,48,-80,-69,-75,9,40,-66,83,-1,
25,50,0,-70,22,37,70,-97,88,64,-41,96,75,-34,98,-35,-23,-49,73,78,-1,
26,51,-2,-66,19,42,64,-92,91,70,-43,98,80,-36,99,-37,-20,-44,65,79,-1,
-62,-30,26,-68,-31,25,-60,-37,-61,-40,25,-13,-63,-45,92,-88,-13,48,-88,91,-1,
-63,-27,23,-65,-24,29,-58,-36,-68,-41,31,-14,-61,-39,89,-89,-9,47,-93,95,-1,
-61,-29,25,-64,-32,23,-55,-39,-62,-38,23,-10,-67,-40,91,-90,-10,51,-90,95,-1,
-61,-27,20,-64,-33,26,-60,-41,-65,-41,30,-12,-61,-42,91,-92,-12,53,-95,91,-1,
58,-94,94,95,79,-91,-60,-95,46,32,-79,10,-58,0,68,-78,-73,92,-25,44,1,
57,-98,101,93,79,-89,-59,-96,49,37,-77,12,-58,0,70,-79,-64,88,-25,45,1,
55,-99,97,100,80,-92,-56,-99,46,38,-78,5,-50,-1,75,-80,-69,92,-26,45,1,
-44,-32,17,-83,-61,88,67,-64,92,-63,-25,-25,50,-80,-71,-74,16,37,-69,87,-1,
-62,-27,20,-63,-26,26,-53,-37,-60,-36,24,-12,-62,-38,92,-85,-10,52,-84,91,-1,
23,55,-6,-76,18,40,62,-94,78,68,-46,92,73,-36,91,-31,-28,-53,68,77,-1,
-38,-34,21,-78,-63,93,72,-68,95,-66,-24,-26,45,-76,-69,-72,14,40,-67,87,-1,
-41,-27,22,-74,-59,93,74,-66,96,-61,-16,-25,52,-79,-63,-72,12,43,-64,87,-1,
27,54,-3,-69,20,46,62,-91,89,69,-42,96,78,-34,93,-28,-26,-44,69,79,-1,
79,79,-83,-16,-63,75,-59,57,78,17,34,-49,60,-14,31,74,-87,58,-17,-34,-1,
22,51,-5,-74,17,39,62,-94,84,64,-43,92,72,-33,89,-34,-23,-52,66,72,-1,
-37,-37,24,-84,-63,89,70,-63,87,-64,-28,-27,49,-80,-71,-81,17,29,-61,88,-1,
61,-96,92,97,84,-89,-63,-93,46,28,-76,9,-58,0,65,-74,-73,94,-29,47,1,
58,-95,92,99,77,-89,-60,-95,43,36,-80,10,-58,0,68,-78,-70,91,-25,45,1,
58,-98,96,94,80,-93,-57,-97,49,35,-81,13,-58,-2,68,-79,-65,88,-27,47,1,
54,-95,94,94,80,-90,-58,-97,45,36,-79,7,-60,2,68,-79,-67,89,-31,46,1,
-62,-30,24,-65,-28,20,-56,-43,-61,-44,26,-13,-62,-42,91,-86,-9,48,-87,91,-1,
-65,-25,27,-66,-25,21,-57,-46,-57,-42,29,-9,-66,-37,94,-84,-12,46,-80,94,-1,
-66,-23,24,-60,-32,31,-61,-36,-60,-36,25,-9,-67,-32,88,-87,-12,53,-91,92,-1,
28,51,0,-71,17,42,64,-96,88,68,-45,96,74,-34,91,-33,-24,-50,66,71,-1,
-40,-29,20,-80,-60,95,70,-63,93,-61,-27,-22,51,-82,-70,-68,15,39,-65,84,-1,
-65,-26,23,-69,-34,22,-62,-40,-66,-43,24,-15,-67,-39,85,-92,-15,51,-93,96,-1,
-38,-35,21,-80,-64,91,72,-67,95,-60,-29,-25,46,-79,-66,-78,14,33,-63,84,-1,
-62,-24,24,-61,-25,27,-55,-37,-64,-40,28,-11,-60,-40,93,-88,-9,51,-90,92,-1,
-65,-27,25,-62,-29,30,-60,-35,-64,-41,24,-10,-65,-38,95,-92,-16,52,-90,91,-1,
-62,-26,23,-63,-28,31,-58,-33,-62,-33,24,-9,-61,-35,96,-87,-13,53,-85,93,-1,
-38,-36,26,-76,-65,99,76,-67,92,-61,-24,-24,53,-79,-64,-77,16,34,-64,86,-1,
75,80,-86,-22,-53,74,-60,55,81,15,36,-55,61,-18,28,76,-88,62,-15,-39,-1,
79,74,-86,-21,-62,76,-57,57,78,8,37,-51,54,-14,22,77,-93,59,-17,-38,-1,
-66,-29,16,-57,-33,26,-58,-42,-62,-42,25,-13,-61,-39,91,-85,-15,51,-93,93,-1,
-60,-33,21,-66,-33,22,-59,-40,-66,-45,29,-13,-65,-43,92,-92,-12,51,-90,90,-1,
82,80,-81,-21,-53,75,-58,57,81,16,38,-53,61,-13,29,75,-85,60,-16,-35,-1,
-38,-34,23,-80,-62,89,73,-68,95,-63,-24,-24,47,-80,-68,-73,16,33,-64,87,-1,
52,-95,95,92,81,-93,-62,-92,44,36,-81,9,-57,2,66,-73,-74,91,-26,44,1,
77,81,-87,-20,-49,69,-49,53,83,12,37,-44,55,-17,28,76,-86,62,-14,-36,-1,
-41,-28,13,-80,-68,88,65,-66,94,-67,-25,-24,49,-82,-68,-76,14,36,-67,88,-1,
74,74,-81,-19,-65,71,-56,55,80,10,36,-52,56,-18,27,72,-91,59,-23,-36,-1,
80,76,-83,-27,-54,67,-53,51,80,8,34,-50,58,-19,22,70,-85,54,-15,-39,-1,
58,-98,90,92,78,-90,-63,-97,47,33,-76,5,-55,-4,64,-73,-70,87,-29,51,1,
22,47,-3,-75,19,38,60,-91,84,65,-40,95,71,-33,93,-34,-28,-48,68,73,-1,
60,-96,96,95,83,-90,-55,-91,50,38,-75,10,-58,4,68,-74,-67,94,-23,50,1,
75,78,-86,-22,-58,73,-54,56,81,10,34,-52,59,-14,24,74,-87,56,-15,-40,-1,
80,77,-90,-20,-56,69,-53,53,79,13,30,-53,55,-17,27,71,-93,54,-15,-37,-1,
75,77,-81,-21,-55,71,-50,51,83,8,38,-55,56,-12,25,74,-88,59,-16,-35,-1,
-62,-26,29,-67,-26,24,-54,-35,-64,-33,26,-11,-67,-40,99,-88,-7,45,-82,90,-1,
-41,-34,21,-79,-65,91,70,-66,89,-63,-25,-29,50,-82,-71,-76,12,35,-66,84,-1,
27,58,2,-71,29,46,69,-84,87,70,-38,100,74,-29,100,-25,-23,-46,73,78,-1,
-40,-32,20,-84,-58,90,71,-65,93,-66,-23,-21,53,-82,-69,-72,15,35,-61,88,-1,
24,51,-2,-73,18,38,67,-94,81,64,-44,92,77,-37,96,-31,-26,-52,67,78,-1,
-56,-25,31,-64,-28,29,-57,-35,-59,-33,25,-6,-60,-36,99,-88,-12,55,-88,105,-1,
-43,-29,17,-83,-66,89,68,-68,91,-64,-30,-21,46,-82,-68,-78,12,31,-66,84,-1,
-35,-30,24,-80,-57,93,78,-57,91,-61,-22,-18,48,-80,-68,-69,17,42,-66,88,-1,
-44,-31,18,-81,-59,91,72,-68,95,-65,-23,-25,49,-85,-66,-78,15,40,-71,87,-1,
23,53,-6,-74,19,43,62,-92,79,66,-44,90,77,-35,95,-37,-28,-54,64,82,-1,
82,77,-85,-23,-57,69,-55,57,79,8,34,-46,52,-14,28,73,-95,56,-16,-42,-1,
58,-95,96,101,82,-92,-57,-99,50,38,-83,12,-53,1,65,-77,-68,89,-23,40,1,
-61,-31,20,-63,-30,26,-58,-48,-62,-45,22,-8,-67,-35,92,-94,-13,44,-89,90,-1,
74,80,-86,-24,-56,71,-56,55,76,9,35,-50,59,-18,27,74,-85,53,-14,-42,-1,
78,76,-87,-24,-54,73,-54,58,79,9,39,-50,58,-18,22,75,-89,58,-16,-40,-1,
59,-93,97,97,80,-89,-59,-96,48,37,-82,12,-54,-1,67,-80,-67,86,-27,47,1,
76,75,-85,-20,-56,71,-57,56,79,12,38,-50,57,-20,30,74,-89,62,-16,-37,-1,
23,54,-2,-75,22,39,65,-92,83,70,-48,95,73,-32,89,-32,-27,-46,64,77,-1,
-45,-31,18,-80,-65,89,68,-72,92,-65,-24,-26,51,-84,-67,-78,12,34,-68,85,-1,
-59,-30,27,-65,-34,19,-56,-41,-63,-35,28,-9,-66,-39,92,-85,-9,55,-92,96,-1,
57,-96,95,94,83,-89,-57,-92,46,36,-74,10,-60,-2,74,-76,-69,95,-23,45,1,
56,-94,95,96,85,-91,-58,-91,49,37,-77,9,-61,3,70,-78,-65,87,-21,47,1,
-44,-37,21,-83,-61,90,74,-70,95,-65,-27,-22,51,-77,-71,-75,15,35,-69,91,-1,
54,-94,98,95,79,-89,-56,-97,45,37,-77,10,-59,0,64,-74,-66,92,-26,48,1,
52,-92,92,94,76,-93,-65,-94,42,32,-82,10,-60,-2,69,-81,-69,80,-19,41,1,
-63,-28,28,-66,-29,26,-57,-33,-66,-35,25,-9,-65,-37,96,-89,-6,52,-86,92,-1,
19,46,-6,-77,22,36,61,-97,83,59,-46,94,71,-40,89,-38,-25,-48,68,74,-1,
-56,-24,26,-58,-27,30,-54,-34,-58,-37,25,-10,-60,-39,96,-86,-8,52,-87,96,-1,
56,-96,89,94,76,-93,-57,-95,42,33,-83,8,-60,0,61,-82,-68,87,-33,43,1,
80,74,-79,-24,-54,70,-54,52,79,12,40,-54,61,-21,32,75,-91,56,-10,-41,-1,
77,76,-82,-21,-56,75,-55,57,80,9,37,-54,57,-12,26,71,-92,60,-17,-42,-1,
56,-100,94,91,79,-94,-62,-93,40,35,-81,6,-60,1,60,-77,-75,86,-24,39,1,
79,75,-83,-27,-56,75,-59,57,76,13,37,-56,57,-15,26,71,-88,56,-13,-37,-1,
81,72,-84,-25,-58,67,-58,58,80,10,37,-48,56,-23,26,74,-89,60,-21,-38,-1,
-41,-31,16,-78,-63,90,69,-66,93,-62,-23,-25,48,-79,-68,-79,16,35,-64,88,-1,
-62,-27,26,-62,-34,29,-56,-37,-59,-37,25,-10,-62,-39,95,-89,-10,48,-88,96,-1,
77,79,-84,-26,-56,70,-59,52,80,13,34,-52,55,-14,27,74,-90,57,-19,-39,-1,
-42,-32,22,-80,-64,91,74,-66,96,-64,-23,-27,47,-85,-63,-76,16,40,-72,89,-1,
60,-99,92,98,79,-94,-59,-98,45,40,-84,12,-59,-2,69,-77,-70,84,-23,44,1,
19,54,0,-77,18,36,63,-96,84,62,-46,94,73,-33,90,-40,-25,-53,64,69,-1,
-68,-30,26,-67,-31,23,-60,-38,-65,-38,24,-15,-67,-40,90,-92,-16,48,-92,92,-1,
-42,-32,15,-85,-68,86,64,-69,88,-68,-24,-32,46,-83,-70,-76,3,34,-66,81,-1,
54,-93,96,100,81,-89,-61,-93,45,37,-73,11,-53,-2,74,-75,-65,87,-21,46,1,
54,-98,95,93,77,-93,-58,-102,48,32,-80,9,-60,-3,68,-82,-70,88,-36,47,1,
-58,-26,24,-63,-27,29,-57,-35,-58,-36,28,-12,-62,-43,94,-91,-9,48,-91,95,-1,
52,-99,89,97,77,-95,-60,-104,43,36,-80,5,-60,-3,63,-75,-74,91,-25,38,1,
76,83,-88,-26,-57,73,-62,55,78,12,41,-54,60,-18,29,77,-87,58,-18,-35,-1,
25,55,-7,-71,16,46,63,-91,87,68,-44,96,76,-37,97,-29,-28,-46,70,74,-1,
-33,-29,16,-79,-64,90,69,-66,96,-63,-24,-25,46,-83,-63,-74,12,35,-66,90,-1,
24,50,-3,-74,20,37,64,-94,84,63,-43,92,74,-39,97,-35,-26,-54,66,72,-1,
-37,-28,20,-76,-63,92,74,-67,95,-62,-19,-27,48,-84,-62,-72,12,38,-68,85,-1,
20,55,-2,-73,24,41,66,-95,91,63,-41,99,75,-29,95,-35,-25,-50,71,77,-1,
24,56,0,-71,18,45,69,-89,88,63,-42,94,78,-34,94,-32,-25,-43,67,76,-1,
23,52,-2,-74,18,40,66,-95,86,63,-45,95,71,-31,94,-39,-25,-51,66,73,-1,
-61,-28,23,-63,-26,22,-58,-39,-65,-39,29,-12,-67,-39,93,-86,-13,50,-91,93,-1,
53,-94,93,91,77,-93,-62,-99,47,32,-83,7,-58,-2,64,-82,-71,85,-31,43,1,
22,49,-2,-75,26,35,70,-96,84,58,-40,95,73,-33,94,-35,-27,-50,71,76,-1,
56,-98,90,95,79,-91,-62,-98,43,34,-81,9,-62,-4,65,-79,-68,86,-27,44,1,
-36,-32,21,-81,-63,91,65,-64,92,-64,-24,-22,47,-84,-65,-73,15,38,-65,87,-1,
81,77,-83,-20,-59,76,-56,60,81,15,38,-49,60,-13,29,75,-84,59,-14,-32,-1,
79,75,-90,-21,-58,70,-55,53,70,10,31,-55,49,-20,27,66,-95,48,-20,-42,-1,
53,-97,97,95,81,-90,-62,-99,46,30,-79,9,-58,-2,68,-81,-69,87,-30,45,1,
-62,-28,25,-59,-30,25,-55,-36,-58,-39,22,-12,-62,-39,94,-92,-9,50,-88,93,-1,
-41,-38,17,-81,-60,86,72,-68,90,-67,-27,-28,48,-81,-69,-79,15,33,-69,87,-1,
-44,-30,19,-80,-63,96,68,-67,92,-66,-26,-25,49,-77,-70,-76,12,36,-64,79,-1,
50,-92,87,93,78,-92,-57,-103,45,35,-83,4,-64,-6,65,-85,-70,86,-34,44,1,
58,-97,94,94,79,-89,-63,-94,44,39,-82,10,-56,0,69,-76,-70,86,-25,49,1,
78,78,-84,-23,-57,74,-51,49,82,10,34,-52,56,-12,23,73,-87,55,-9,-40,-1,
-59,-26,30,-62,-32,29,-55,-34,-57,-37,25,-11,-64,-39,96,-88,-15,54,-88,96,-1,
56,-96,98,94,81,-91,-59,-97,51,38,-82,15,-60,0,69,-77,-68,92,-26,44,1,
-42,-36,22,-79,-57,92,76,-65,89,-63,-22,-25,50,-76,-65,-75,12,39,-66,87,-1,
20,53,-3,-73,20,38,62,-95,80,64,-45,93,72,-34,88,-33,-31,-52,67,76,-1,
-40,-32,25,-78,-59,91,73,-63,97,-58,-23,-23,51,-80,-67,-76,20,37,-60,88,-1,
77,79,-82,-21,-56,73,-58,56,80,13,39,-52,62,-19,30,76,-87,60,-16,-37,-1,
80,78,-81,-21,-52,73,-53,56,84,13,36,-49,58,-13,23,77,-90,63,-17,-37,-1,
-64,-29,21,-63,-29,26,-55,-43,-67,-43,27,-21,-63,-39,89,-89,-19,48,-94,89,-1,
23,56,0,-70,22,42,65,-89,87,73,-44,96,77,-34,100,-37,-24,-47,68,75,-1,
-45,-32,19,-83,-60,90,69,-69,90,-66,-26,-25,48,-75,-69,-79,13,34,-66,86,-1,
-42,-33,15,-80,-65,92,70,-69,93,-67,-25,-27,50,-81,-70,-76,11,32,-68,86,-1,
-58,-25,28,-61,-25,28,-53,-36,-58,-39,27,-10,-59,-39,97,-87,-10,51,-85,93,-1,
-56,-27,23,-60,-32,27,-57,-37,-59,-39,26,-12,-63,-37,97,-90,-9,50,-88,92,-1,
-40,-31,21,-82,-62,92,66,-60,87,-62,-24,-22,53,-81,-70,-71,15,39,-60,85,-1,
25,52,-2,-76,18,45,61,-92,84,69,-42,94,74,-31,90,-39,-24,-50,66,76,-1,
-57,-26,24,-59,-31,27,-53,-37,-58,-35,27,-10,-56,-39,99,-88,-9,54,-87,96,-1,
-41,-31,19,-82,-65,85,67,-67,92,-61,-24,-28,46,-83,-67,-77,12,33,-68,86,-1,
20,50,-4,-79,20,38,61,-92,85,64,-44,94,66,-34,87,-33,-25,-49,65,69,-1,
58,-95,97,97,78,-88,-58,-94,45,40,-79,9,-54,1,66,-77,-65,91,-22,43,1,
76,78,-90,-22,-63,66,-53,50,78,10,34,-52,50,-14,17,76,-93,52,-24,-35,-1,
56,-105,89,91,73,-93,-63,-103,38,34,-90,6,-63,-4,64,-84,-74,85,-31,43,1,
-72,-26,20,-65,-34,32,-60,-39,-65,-44,21,-14,-61,-41,88,-91,-16,48,-91,90,-1,
-59,-27,24,-58,-30,23,-56,-40,-60,-37,26,-10,-65,-37,95,-89,-13,53,-91,92,-1,
54,-96,87,99,76,-92,-60,-95,43,36,-82,6,-59,-3,61,-78,-76,91,-25,41,1,
25,55,-3,-68,23,40,69,-93,84,65,-45,93,76,-33,96,-32,-26,-49,70,78,-1,
54,-96,91,94,74,-93,-64,-101,42,37,-90,9,-58,-1,59,-79,-71,80,-26,42,1,
-65,-27,21,-65,-32,25,-58,-40,-63,-42,25,-11,-62,-41,92,-93,-14,51,-89,95,-1,
21,54,1,-74,22,44,64,-86,83,69,-40,98,73,-31,97,-30,-29,-49,74,78,-1,
55,-89,92,100,81,-92,-61,-94,53,34,-78,11,-56,1,67,-76,-67,90,-23,46,1,
-68,-31,18,-65,-32,28,-57,-38,-66,-38,27,-14,-63,-42,90,-92,-12,49,-92,92,-1,
77,75,-88,-24,-61,65,-59,52,73,10,28,-51,51,-19,26,71,-92,49,-22,-39,-1,
-64,-37,23,-68,-34,25,-64,-38,-68,-44,22,-14,-68,-44,91,-94,-16,46,-94,89,-1,
54,-98,91,94,76,-90,-65,-95,38,32,-83,9,-62,-1,63,-81,-69,82,-27,43,1,
76,79,-82,-25,-58,71,-58,55,84,10,34,-54,59,-12,24,78,-90,56,-17,-43,-1,
23,54,-3,-70,22,41,67,-94,85,64,-45,98,71,-35,93,-34,-25,-49,72,77,-1,
82,77,-79,-18,-56,76,-52,57,78,15,37,-48,58,-14,31,71,-88,56,-8,-36,-1,
54,-98,92,93,81,-93,-65,-95,42,33,-83,10,-62,-2,68,-80,-74,84,-25,40,1,
-42,-34,17,-82,-63,94,69,-66,90,-63,-29,-19,51,-80,-67,-74,9,34,-65,83,-1,
22,48,-4,-73,22,34,64,-99,82,58,-43,90,72,-34,89,-36,-28,-56,66,76,-1,
57,-96,92,98,76,-92,-59,-101,48,39,-87,13,-58,0,64,-77,-72,90,-29,44,1,
-60,-29,23,-61,-28,28,-59,-38,-60,-39,26,-8,-61,-40,95,-89,-13,52,-90,96,-1,
58,-97,94,99,77,-91,-55,-98,46,35,-82,10,-60,1,62,-79,-67,91,-26,44,1,
57,-94,94,95,75,-90,-60,-96,42,37,-82,5,-55,0,62,-79,-73,87,-24,42,1,
75,77,-88,-23,-59,69,-56,54,77,6,36,-47,54,-16,23,74,-88,56,-17,-40,-1,
25,57,0,-70,23,40,72,-92,92,64,-38,96,77,-28,98,-31,-19,-48,70,77,-1,
-42,-34,20,-85,-65,88,69,-66,94,-72,-23,-28,49,-82,-70,-76,14,37,-66,85,-1,
77,72,-82,-18,-65,75,-55,54,82,10,34,-55,60,-18,29,76,-94,59,-16,-37,-1,
26,53,-4,-69,20,38,65,-92,84,64,-41,94,74,-35,96,-32,-27,-47,69,74,-1,
24,49,-1,-71,20,43,63,-89,90,65,-40,99,73,-34,99,-33,-25,-46,64,78,-1,
27,50,2,-73,24,42,67,-93,87,67,-41,95,70,-30,92,-34,-25,-49,68,77,-1,
19,52,-4,-76,19,38,63,-96,82,66,-50,94,71,-31,91,-35,-29,-53,62,78,-1,
-63,-28,26,-62,-31,28,-57,-38,-59,-39,25,-9,-63,-39,93,-89,-13,51,-90,97,-1,
-37,-38,19,-80,-66,90,69,-64,95,-65,-30,-26,47,-83,-66,-77,13,34,-64,85,-1,
58,-93,98,100,83,-92,-55,-98,48,34,-82,13,-57,3,66,-78,-66,90,-24,47,1,
80,78,-85,-16,-52,72,-50,57,81,10,36,-46,58,-17,29,72,-89,58,-15,-39,-1,
57,-97,89,94,75,-95,-63,-100,41,32,-83,6,-58,-2,67,-78,-73,82,-26,47,1,
-40,-37,22,-83,-64,92,66,-64,91,-65,-27,-28,50,-82,-66,-76,10,35,-62,84,-1,
-42,-34,22,-80,-62,94,73,-66,92,-62,-23,-25,54,-83,-66,-77,12,38,-65,88,-1,
-42,-30,25,-79,-60,91,74,-64,91,-62,-19,-26,54,-82,-66,-73,15,37,-64,86,-1,
53,-97,90,93,79,-95,-61,-98,44,37,-84,7,-59,0,65,-78,-70,86,-31,49,1,
-39,-30,19,-80,-60,87,70,-68,92,-64,-20,-24,50,-82,-68,-74,15,35,-65,85,-1,
52,-100,93,93,77,-97,-58,-101,49,39,-84,9,-57,-5,68,-82,-69,86,-30,40,1,
81,77,-88,-18,-57,73,-53,58,79,10,38,-46,53,-15,28,75,-90,60,-19,-34,-1,
23,54,-3,-73,22,46,62,-90,89,69,-43,96,77,-33,93,-33,-30,-43,65,77,-1,
78,81,-81,-23,-49,74,-55,58,76,15,35,-51,56,-12,25,76,-85,53,-18,-43,-1,
74,83,-89,-24,-53,71,-58,52,80,12,32,-48,56,-17,26,73,-87,61,-19,-36,-1,
-42,-30,20,-81,-63,90,69,-64,93,-62,-24,-22,47,-80,-66,-73,11,38,-64,86,-1,
-62,-28,23,-67,-32,30,-62,-37,-68,-42,29,-10,-65,-39,92,-89,-14,48,-91,94,-1,
23,53,-4,-66,18,39,67,-93,90,61,-44,98,73,-32,96,-28,-26,-46,68,78,-1,
55,-101,95,95,81,-92,-61,-96,49,29,-77,10,-60,-1,64,-81,-68,91,-32,42,1,
62,-98,97,98,81,-92,-57,-95,47,33,-80,13,-55,2,65,-74,-69,93,-27,50,1,
30,53,-3,-67,22,43,65,-92,87,67,-43,94,76,-33,95,-31,-25,-46,67,80,-1,
23,50,-4,-67,22,38,66,-100,88,62,-42,94,78,-33,94,-39,-27,-49,68,80,-1,
22,56,0,-75,20,40,63,-90,83,69,-46,96,73,-30,90,-33,-27,-47,68,73,-1,
-38,-34,20,-78,-64,89,74,-68,91,-64,-26,-27,46,-83,-72,-73,16,36,-68,86,-1,
78,79,-84,-25,-58,69,-57,59,82,8,37,-47,57,-14,24,70,-86,60,-22,-39,-1,
-64,-29,26,-60,-29,28,-57,-36,-66,-41,28,-13,-56,-41,98,-88,-8,47,-90,94,-1,
-41,-38,24,-79,-63,93,73,-61,88,-62,-29,-24,49,-83,-68,-77,16,39,-67,83,-1,
-38,-28,21,-78,-61,94,72,-69,94,-63,-27,-23,47,-82,-66,-77,18,33,-65,82,-1,
-62,-27,26,-66,-31,29,-61,-32,-63,-39,26,-12,-59,-41,92,-96,-9,53,-92,97,-1,
21,53,-2,-77,20,37,62,-97,81,69,-44,96,75,-32,93,-35,-31,-54,70,74,-1,
82,72,-76,-26,-55,73,-54,51,78,9,32,-53,58,-16,25,71,-91,56,-15,-42,-1,
-63,-24,19,-64,-27,25,-56,-46,-60,-42,28,-10,-64,-40,90,-86,-14,50,-88,95,-1,
76,82,-85,-20,-54,70,-53,57,75,9,34,-47,56,-13,26,73,-89,56,-19,-42,-1,
-43,-29,20,-82,-65,89,66,-66,92,-65,-28,-24,47,-85,-68,-74,17,33,-67,84,-1,
77,80,-81,-20,-56,70,-52,55,83,13,36,-50,61,-10,26,80,-85,58,-16,-35,-1,
82,82,-87,-22,-56,75,-59,60,79,10,41,-50,58,-16,30,75,-88,61,-19,-35,-1,
-66,-30,19,-66,-33,24,-55,-38,-66,-39,27,-15,-62,-46,90,-87,-10,50,-90,94,-1,
59,-97,96,92,82,-92,-59,-95,48,35,-81,11,-60,0,72,-80,-68,84,-26,49,1,
75,75,-91,-25,-55,67,-56,57,83,10,34,-51,52,-17,22,73,-92,54,-14,-45,-1,
-63,-24,21,-61,-24,19,-50,-40,-62,-37,24,-13,-61,-42,93,-89,-5,49,-86,93,-1,
78,73,-82,-25,-63,69,-56,49,75,6,35,-50,53,-21,25,72,-95,58,-25,-39,-1,
60,-97,93,96,81,-89,-58,-96,46,31,-78,10,-60,0,68,-81,-64,90,-28,47,1,
-63,-28,21,-65,-37,24,-56,-34,-63,-33,22,-13,-64,-38,94,-90,-12,55,-86,89,-1,
-42,-32,19,-77,-60,91,73,-65,95,-64,-23,-24,49,-84,-67,-75,18,40,-68,84,-1,
81,72,-80,-24,-57,74,-56,54,80,10,34,-50,60,-15,21,75,-84,59,-15,-37,-1,
-41,-26,23,-76,-59,91,75,-63,94,-59,-22,-21,48,-76,-62,-70,18,38,-67,90,-1,
-64,-30,24,-66,-35,26,-57,-36,-64,-35,21,-12,-62,-44,100,-93,-7,45,-84,88,-1,
19,51,0,-74,22,38,64,-89,85,65,-39,95,77,-37,97,-40,-27,-46,71,72,-1,
-43,-30,21,-83,-64,91,71,-70,97,-62,-28,-26,51,-83,-67,-78,14,35,-67,86,-1,
-39,-31,20,-83,-72,92,64,-61,90,-64,-31,-25,45,-85,-65,-80,18,30,-67,84,-1,
26,50,-1,-73,18,38,62,-91,78,65,-45,92,73,-37,92,-37,-27,-49,68,71,-1,
57,-98,94,95,75,-94,-62,-95,44,34,-83,9,-57,3,61,-74,-74,86,-25,46,1,
81,81,-88,-22,-60,72,-60,55,81,8,39,-48,54,-16,31,72,-90,62,-21,-37,-1,
-42,-38,22,-87,-64,91,70,-64,86,-63,-26,-24,50,-84,-69,-79,9,31,-63,84,-1,
74,77,-86,-24,-58,66,-54,47,82,3,34,-58,57,-15,24,70,-90,54,-15,-40,-1,
-44,-29,22,-84,-59,87,70,-67,92,-66,-14,-27,47,-84,-60,-74,10,37,-69,86,-1,
49,-92,91,93,75,-95,-61,-101,41,32,-86,7,-59,-4,64,-82,-71,86,-26,41,1,
78,78,-83,-24,-55,69,-55,51,80,10,33,-52,54,-12,22,75,-90,56,-20,-40,-1,
20,54,-4,-73,19,43,60,-94,88,63,-44,95,76,-34,91,-36,-24,-50,69,75,-1,
-64,-37,25,-74,-28,21,-62,-35,-68,-37,23,-13,-67,-44,95,-96,-9,45,-86,88,-1,
27,48,-3,-71,17,38,66,-97,81,62,-43,91,73,-40,87,-33,-21,-53,69,76,-1,
-58,-27,25,-63,-27,25,-58,-37,-60,-37,27,-12,-66,-36,94,-84,-11,49,-87,92,-1,
55,-94,105,100,79,-87,-57,-97,46,42,-81,18,-59,4,71,-76,-63,90,-23,50,1,
-41,-33,24,-79,-61,94,74,-59,86,-57,-26,-27,53,-77,-73,-75,17,35,-60,84,-1,
-59,-22,21,-66,-30,21,-56,-45,-62,-43,28,-17,-58,-44,95,-90,-7,48,-87,95,-1,
81,76,-82,-22,-52,72,-51,52,85,10,35,-46,58,-15,25,76,-86,61,-14,-41,-1,
-43,-34,18,-88,-64,86,69,-66,92,-65,-26,-22,44,-81,-66,-78,11,38,-73,88,-1,
-67,-25,21,-62,-35,24,-57,-39,-59,-38,26,-12,-65,-40,92,-89,-13,49,-89,93,-1,
-34,-34,25,-80,-57,95,77,-58,93,-65,-20,-21,57,-81,-65,-75,21,34,-60,93,-1,
-40,-34,20,-79,-64,91,71,-69,92,-65,-25,-25,48,-85,-65,-77,14,33,-68,83,-1,
56,-98,98,93,82,-90,-59,-93,47,37,-78,11,-59,1,70,-77,-68,91,-24,47,1,
-68,-26,23,-68,-26,25,-61,-39,-66,-42,22,-10,-66,-41,89,-93,-14,46,-89,91,-1,
57,-96,95,94,78,-87,-62,-93,46,36,-80,7,-60,-1,66,-79,-74,86,-27,47,1,
25,49,-4,-71,19,37,63,-97,86,59,-43,93,71,-33,88,-34,-26,-49,66,73,-1,
-64,-33,24,-63,-39,25,-62,-38,-57,-41,24,-6,-70,-40,91,-93,-13,54,-90,96,-1,
-61,-25,29,-63,-27,27,-55,-35,-62,-35,28,-7,-64,-35,94,-90,-13,55,-88,95,-1,
-57,-33,21,-65,-30,22,-61,-40,-60,-39,22,-15,-63,-41,93,-96,-12,51,-91,92,-1,
-61,-22,25,-54,-29,30,-52,-35,-58,-34,23,-7,-58,-33,96,-78,-7,58,-86,96,-1,
77,71,-85,-28,-56,65,-59,51,76,6,30,-56,53,-19,20,67,-92,54,-23,-44,-1,
-39,-35,24,-82,-54,92,75,-64,94,-58,-24,-24,52,-79,-67,-75,15,42,-65,85,-1,
-33,-32,17,-78,-63,94,73,-62,96,-64,-26,-19,52,-83,-60,-74,15,33,-66,90,-1,
-42,-34,20,-81,-64,89,71,-72,92,-68,-24,-24,46,-83,-68,-75,16,32,-69,85,-1,
81,76,-85,-21,-52,72,-50,57,79,15,34,-46,52,-13,27,75,-88,59,-11,-35,-1,
20,51,-7,-72,16,36,62,-94,83,57,-42,90,75,-40,92,-36,-26,-53,66,76,-1,
23,53,-3,-72,19,41,65,-90,84,66,-47,94,75,-36,92,-28,-29,-46,62,76,-1,
59,-89,94,97,82,-86,-62,-92,48,34,-81,12,-55,3,65,-75,-66,91,-24,48,1,
-36,-35,25,-78,-63,94,73,-64,98,-62,-28,-23,49,-81,-67,-74,21,38,-63,89,-1,
81,69,-83,-24,-61,67,-55,50,76,9,25,-48,56,-18,18,72,-90,56,-19,-37,-1,
82,72,-79,-24,-61,71,-56,56,85,11,34,-47,57,-15,24,74,-88,60,-20,-36,-1,
56,-101,93,93,75,-92,-65,-99,49,32,-82,12,-61,-3,67,-81,-72,88,-32,43,1,
-44,-29,17,-82,-63,89,72,-69,96,-68,-20,-25,51,-86,-65,-78,13,33,-69,87,-1,
-43,-31,18,-78,-67,89,71,-67,90,-66,-27,-27,45,-82,-69,-75,11,34,-70,82,-1,
-61,-33,22,-66,-31,19,-55,-43,-63,-40,26,-10,-66,-46,91,-92,-13,48,-91,90,-1,
-39,-29,20,-79,-65,90,74,-67,95,-66,-28,-22,41,-80,-66,-80,18,32,-64,83,-1,
62,-94,102,100,82,-86,-55,-90,49,37,-74,16,-54,1,73,-76,-61,94,-22,50,1,
80,76,-82,-21,-56,74,-55,58,81,7,35,-50,57,-11,26,72,-86,62,-19,-39,-1,
26,50,0,-72,18,43,66,-96,89,65,-44,96,75,-33,93,-36,-25,-49,67,75,-1,
78,74,-85,-19,-63,71,-54,53,74,11,32,-53,53,-12,25,72,-87,52,-19,-35,-1,
77,78,-80,-19,-61,75,-54,54,77,11,33,-54,60,-13,28,69,-92,59,-19,-38,-1,
22,58,-6,-74,20,41,62,-93,90,66,-44,97,74,-33,97,-41,-21,-51,71,69,-1,
-43,-30,18,-79,-62,89,67,-60,90,-60,-24,-25,48,-77,-75,-68,15,41,-68,90,-1,
20,49,-5,-75,16,37,62,-95,81,64,-46,92,77,-36,94,-37,-30,-49,62,77,-1,
57,-100,88,98,72,-90,-67,-94,42,33,-82,8,-56,-3,60,-77,-76,90,-29,45,1,
-46,-31,21,-79,-59,92,69,-63,83,-62,-25,-26,49,-73,-74,-77,19,32,-62,81,-1,
-60,-23,25,-64,-26,30,-55,-37,-60,-38,30,-11,-64,-37,97,-91,-10,47,-82,90,-1,
-39,-41,21,-84,-62,89,72,-63,90,-66,-29,-23,47,-81,-66,-82,17,34,-68,87,-1,
-40,-31,22,-81,-62,90,74,-66,97,-66,-20,-21,50,-83,-64,-76,15,38,-65,90,-1,
-64,-29,24,-65,-34,26,-61,-39,-65,-40,28,-13,-64,-41,96,-89,-15,48,-91,94,-1,
81,83,-89,-21,-55,72,-54,55,85,12,39,-46,58,-14,26,80,-88,61,-20,-36,-1,
80,77,-87,-22,-57,72,-57,55,80,14,36,-47,52,-17,30,76,-95,62,-15,-36,-1,
25,55,0,-74,22,36,67,-93,87,64,-40,94,74,-28,95,-37,-22,-49,65,72,-1,
-60,-30,24,-67,-29,27,-59,-40,-58,-43,28,-14,-66,-39,93,-89,-14,49,-85,94,-1,
80,77,-83,-20,-57,74,-54,57,84,12,31,-46,57,-15,28,75,-88,58,-16,-40,-1,
22,49,-1,-75,21,38,64,-92,81,62,-45,93,74,-37,93,-36,-27,-51,62,78,-1,
76,80,-84,-20,-53,69,-53,55,83,9,33,-47,56,-13,27,75,-89,57,-15,-42,-1,
-59,-28,22,-64,-33,26,-55,-41,-61,-39,30,-15,-62,-42,95,-93,-10,51,-90,95,-1,
18,55,-1,-68,21,35,68,-89,84,64,-48,96,75,-34,96,-31,-26,-41,66,79,-1,
76,79,-83,-20,-60,73,-55,54,82,14,35,-45,60,-17,22,80,-88,65,-20,-31,-1,
-39,-27,24,-80,-66,94,70,-67,94,-62,-25,-24,51,-84,-67,-75,17,35,-66,86,-1,
-40,-30,23,-79,-64,96,66,-64,92,-68,-19,-25,53,-82,-65,-69,10,42,-62,84,-1,
53,-97,97,94,76,-95,-58,-101,47,35,-82,9,-55,-6,69,-82,-70,88,-28,42,1,
19,45,-6,-76,18,33,61,-98,86,61,-46,90,69,-36,87,-35,-28,-50,61,73,-1,
-37,-34,23,-81,-65,95,72,-63,90,-61,-27,-25,48,-76,-68,-72,11,34,-63,83,-1,
78,79,-86,-27,-58,68,-60,55,77,11,34,-51,56,-17,26,73,-90,55,-19,-41,-1,
22,47,-1,-72,23,39,64,-98,90,64,-39,97,68,-32,89,-33,-27,-49,66,76,-1,
54,-99,89,93,76,-93,-63,-99,42,34,-84,4,-58,-2,62,-80,-75,88,-28,41,1,
54,-94,96,89,80,-92,-61,-91,42,33,-80,12,-59,0,62,-72,-71,91,-25,43,1,
-61,-25,25,-61,-26,29,-51,-36,-65,-35,25,-14,-56,-37,100,-88,-6,52,-84,93,-1,
-42,-34,19,-77,-67,87,74,-69,94,-67,-25,-26,52,-84,-68,-74,12,38,-69,89,-1,
79,75,-83,-23,-57,73,-54,53,82,9,34,-49,55,-13,20,75,-88,60,-18,-40,-1,
-39,-34,17,-83,-65,89,70,-67,90,-63,-27,-27,46,-84,-68,-80,10,36,-68,84,-1,
-43,-33,17,-78,-68,92,66,-64,90,-62,-29,-28,44,-81,-73,-75,16,32,-67,83,-1,
79,76,-86,-28,-63,68,-60,51,74,9,31,-49,48,-15,18,76,-97,56,-25,-38,-1,
56,-100,103,96,84,-89,-56,-96,43,43,-78,11,-58,2,73,-76,-66,83,-24,48,1,
-43,-27,21,-78,-63,92,71,-67,98,-59,-25,-27,56,-82,-64,-82,17,37,-66,88,-1,
26,45,-5,-75,15,40,63,-97,83,60,-43,91,72,-32,87,-33,-27,-53,62,77,-1,
24,56,-5,-67,19,44,63,-94,94,68,-42,98,79,-32,95,-34,-21,-45,68,77,-1,
56,-96,99,94,80,-86,-60,-96,43,31,-73,5,-53,-3,70,-78,-72,94,-29,45,1,
61,-96,93,96,80,-88,-59,-97,44,37,-83,8,-59,2,62,-76,-72,87,-25,46,1,
23,56,-10,-68,14,41,62,-94,83,62,-51,94,72,-36,92,-27,-31,-48,65,75,-1,
-61,-25,26,-62,-28,27,-58,-39,-57,-38,26,-12,-64,-37,92,-86,-15,54,-90,96,-1,
-38,-28,18,-78,-63,95,69,-65,94,-60,-29,-21,51,-85,-65,-80,17,39,-67,86,-1,
56,-96,90,97,75,-94,-61,-99,41,34,-86,10,-61,0,62,-81,-69,84,-26,42,1,
-41,-35,17,-80,-68,90,69,-71,87,-67,-25,-28,47,-86,-68,-77,5,38,-69,81,-1,
-57,-33,24,-64,-27,28,-59,-33,-62,-35,27,-11,-60,-41,97,-91,-11,52,-90,93,-1,
16,52,-4,-74,18,38,59,-94,85,61,-46,94,73,-33,92,-43,-24,-52,61,78,-1,
76,73,-76,-20,-54,72,-52,53,82,13,35,-53,60,-16,26,71,-81,57,-14,-39,-1,
55,-98,96,97,82,-93,-59,-97,46,37,-80,12,-55,-2,70,-75,-69,94,-27,45,1,
-43,-32,15,-82,-65,91,67,-68,90,-74,-22,-26,49,-84,-66,-77,12,32,-70,83,-1,
57,-94,94,93,78,-90,-59,-96,46,38,-82,9,-58,-3,66,-79,-73,90,-26,41,1,
81,81,-91,-19,-61,74,-58,61,81,11,38,-46,54,-13,27,75,-91,62,-21,-33,-1,
77,74,-85,-19,-58,70,-57,53,80,5,34,-53,58,-15,23,73,-91,58,-18,-44,-1,
-62,-19,25,-60,-25,28,-53,-34,-57,-35,31,-11,-58,-39,97,-81,-9,55,-83,98,-1,
49,-103,94,93,78,-95,-65,-102,36,34,-85,6,-58,-3,69,-82,-73,80,-27,38,1,
-63,-26,26,-64,-24,26,-58,-37,-61,-39,30,-8,-64,-36,92,-89,-14,55,-89,99,-1,
82,80,-87,-24,-53,72,-57,59,79,15,41,-51,55,-16,32,72,-86,56,-15,-36,-1,
-65,-30,19,-66,-31,19,-57,-42,-62,-44,25,-12,-62,-45,90,-92,-17,50,-88,91,-1,
80,74,-81,-29,-58,69,-58,50,78,7,34,-51,52,-14,21,76,-90,58,-20,-39,-1,
-64,-26,27,-64,-30,24,-51,-42,-63,-37,22,-16,-61,-39,97,-89,-14,48,-85,91,-1,
-43,-33,20,-82,-62,86,71,-72,93,-61,-28,-22,48,-84,-70,-79,14,35,-65,85,-1,
21,48,-2,-79,20,39,65,-95,82,60,-48,92,72,-35,87,-38,-26,-50,59,74,-1,
80,79,-76,-24,-55,79,-55,54,88,14,37,-52,65,-13,26,78,-87,65,-13,-38,-1,
60,-99,94,94,82,-94,-57,-96,47,36,-84,14,-61,0,67,-77,-69,88,-25,45,1,
53,-98,98,94,78,-95,-59,-96,44,35,-83,12,-57,-2,69,-83,-64,84,-25,41,1,
19,48,-9,-75,16,36,56,-96,83,60,-48,92,71,-40,94,-34,-33,-55,63,66,-1,
-43,-30,19,-83,-62,89,71,-70,94,-62,-24,-26,48,-84,-66,-80,17,34,-70,85,-1,
22,49,-1,-66,18,38,68,-97,87,63,-43,95,79,-34,96,-37,-25,-48,65,82,-1,
21,56,0,-72,20,40,64,-90,83,70,-45,96,74,-34,93,-34,-28,-47,68,70,-1,
-64,-29,22,-66,-36,22,-59,-36,-65,-38,21,-16,-64,-44,90,-96,-12,52,-93,89,-1,
-59,-28,22,-62,-36,21,-60,-38,-59,-40,26,-15,-69,-39,94,-91,-10,52,-89,91,-1,
27,55,0,-72,21,39,66,-89,82,71,-45,95,76,-35,95,-35,-20,-46,68,74,-1,
55,-98,92,94,82,-91,-59,-97,44,40,-81,8,-59,0,65,-73,-73,91,-32,50,1,
-44,-33,17,-81,-63,90,71,-68,85,-60,-28,-27,46,-85,-66,-81,8,33,-68,77,-1,
59,-100,95,94,81,-92,-58,-95,42,43,-85,12,-59,2,66,-74,-70,89,-24,44,1,
20,54,-2,-71,21,38,65,-97,85,65,-50,97,74,-34,94,-34,-25,-52,65,78,-1,
76,78,-82,-24,-55,74,-53,52,79,12,35,-51,58,-15,25,74,-90,58,-11,-37,-1,
-37,-29,26,-81,-52,94,80,-65,97,-65,-18,-18,53,-78,-62,-71,18,43,-66,92,-1,
-58,-29,25,-68,-29,23,-61,-34,-63,-38,24,-9,-66,-40,96,-93,-8,53,-87,97,-1,
54,-99,91,96,75,-95,-59,-100,44,37,-86,8,-58,-3,62,-81,-73,90,-29,42,1,
22,46,-6,-75,17,37,59,-97,78,64,-51,93,69,-38,85,-35,-30,-52,67,80,-1,
27,55,0,-71,22,41,75,-94,87,65,-39,97,75,-28,93,-26,-19,-49,73,79,-1,
22,51,-4,-71,18,41,63,-93,90,69,-45,98,76,-37,99,-35,-22,-46,67,74,-1,
-60,-28,26,-65,-22,24,-55,-36,-63,-34,25,-9,-62,-38,97,-87,-8,48,-84,97,-1,
21,53,-2,-73,19,38,68,-95,82,68,-46,92,74,-34,93,-37,-28,-49,69,76,-1,
-65,-30,28,-64,-32,27,-60,-36,-63,-36,24,-16,-68,-40,95,-91,-14,48,-92,92,-1,
-64,-28,26,-65,-29,25,-61,-38,-63,-35,24,-7,-67,-38,95,-87,-12,51,-89,97,-1,
-42,-31,25,-83,-56,91,74,-68,96,-66,-16,-26,53,-83,-62,-77,18,39,-68,88,-1,
-62,-29,21,-64,-29,27,-63,-37,-66,-42,27,-18,-65,-40,89,-90,-13,49,-94,90,-1,
-38,-38,19,-89,-60,85,72,-65,90,-68,-25,-23,45,-84,-71,-76,12,36,-68,87,-1,
23,49,-1,-77,22,33,66,-95,80,60,-43,92,73,-35,90,-34,-29,-49,62,69,-1,
-58,-26,21,-63,-32,31,-65,-37,-59,-41,28,-15,-64,-37,94,-92,-14,51,-90,91,-1,
-42,-38,19,-85,-61,86,69,-66,91,-62,-25,-27,50,-83,-70,-72,9,40,-68,85,-1,
81,78,-85,-26,-54,68,-58,56,77,9,39,-52,56,-16,24,75,-89,56,-15,-39,-1,
-64,-31,28,-61,-29,24,-54,-35,-61,-36,31,-10,-63,-41,94,-85,-10,51,-88,92,-1,
77,75,-84,-23,-61,77,-57,55,82,6,35,-54,60,-15,22,71,-88,64,-20,-35,-1,
-60,-30,26,-65,-31,26,-57,-38,-61,-33,28,-9,-65,-40,97,-89,-8,50,-88,93,-1,
54,-98,95,95,78,-93,-60,-99,46,36,-81,11,-59,-3,69,-80,-68,87,-27,45,1,
60,-96,96,94,81,-92,-58,-96,49,33,-75,9,-56,2,72,-76,-67,89,-23,48,1,
26,52,-3,-71,20,43,63,-96,84,69,-48,97,72,-33,91,-37,-28,-51,66,77,-1,
22,48,-2,-75,20,40,65,-94,87,64,-45,95,71,-35,93,-38,-24,-50,65,77,-1,
-62,-28,20,-65,-30,27,-55,-38,-62,-36,22,-12,-64,-41,95,-90,-11,50,-86,94,-1,
21,52,0,-71,25,42,67,-91,88,64,-38,96,75,-30,95,-33,-24,-48,71,82,-1,
53,-97,87,96,75,-93,-63,-97,43,35,-81,6,-59,0,68,-79,-71,89,-31,47,1,
-39,-29,25,-74,-58,90,77,-63,96,-59,-19,-23,56,-81,-64,-71,18,43,-64,95,-1,
75,80,-89,-24,-61,71,-59,56,75,16,30,-47,55,-15,25,75,-91,51,-11,-39,-1,
56,-97,90,96,76,-92,-60,-101,47,34,-81,6,-56,-2,64,-75,-78,94,-32,42,1,
-46,-32,15,-74,-68,95,70,-63,89,-66,-26,-26,53,-87,-69,-73,14,38,-71,85,-1,
23,51,-6,-65,17,43,62,-90,92,66,-41,95,72,-34,99,-37,-21,-45,68,80,-1,
-63,-31,21,-66,-33,23,-58,-39,-66,-43,27,-11,-67,-46,89,-93,-7,43,-91,88,-1,
80,78,-87,-24,-58,73,-54,50,81,13,34,-54,46,-11,22,76,-91,52,-21,-38,-1,
-63,-18,23,-60,-29,24,-50,-41,-58,-35,26,-10,-58,-41,96,-85,-10,53,-85,93,-1,
79,73,-85,-21,-61,66,-56,56,73,9,31,-50,53,-19,29,66,-93,52,-17,-40,-1,
55,-91,95,100,80,-87,-61,-93,41,36,-80,11,-57,0,69,-80,-66,86,-23,45,1,
51,-95,89,92,81,-94,-63,-97,43,33,-83,5,-61,-2,59,-80,-72,87,-28,38,1,
27,48,-2,-71,20,42,62,-94,85,63,-45,94,73,-36,92,-37,-24,-51,61,79,-1,
-62,-28,23,-63,-33,29,-57,-38,-65,-37,29,-10,-57,-44,98,-82,-11,53,-89,96,-1,
76,75,-85,-24,-58,69,-58,53,74,8,31,-51,54,-16,26,71,-86,55,-18,-38,-1,
60,-87,95,98,88,-87,-58,-89,50,41,-78,13,-58,3,71,-73,-68,89,-20,49,1,
55,-97,94,93,75,-95,-59,-100,43,35,-85,8,-58,-3,68,-81,-70,88,-23,41,1,
-64,-30,20,-67,-37,25,-60,-37,-64,-39,26,-19,-65,-44,94,-93,-16,49,-91,94,-1,
53,-98,89,93,77,-94,-61,-95,39,33,-81,4,-59,0,62,-80,-70,84,-30,45,1,
61,-94,92,96,80,-91,-61,-93,49,35,-80,10,-57,2,64,-76,-69,85,-25,50,1,
-56,-30,28,-62,-28,22,-49,-36,-62,-36,27,-13,-60,-43,102,-90,-4,50,-84,94,-1,
-66,-34,20,-68,-31,17,-62,-42,-66,-40,22,-14,-69,-43,90,-93,-13,45,-91,88,-1,
83,80,-85,-20,-53,75,-54,56,84,12,37,-47,59,-14,29,76,-85,59,-12,-37,-1,
-63,-25,22,-62,-30,27,-60,-35,-61,-43,26,-16,-63,-34,89,-86,-15,50,-89,93,-1,
-61,-32,20,-66,-34,22,-63,-42,-62,-43,24,-12,-68,-41,86,-90,-16,50,-93,91,-1,
57,-103,95,93,78,-91,-60,-101,50,36,-82,8,-58,-7,68,-82,-74,90,-33,44,1,
-62,-34,22,-65,-34,22,-58,-37,-62,-39,20,-17,-62,-41,92,-97,-15,51,-91,90,-1,
57,-99,95,90,80,-96,-52,-98,46,38,-82,8,-60,0,66,-78,-69,86,-28,47,1,
-56,-27,27,-66,-30,26,-55,-33,-60,-34,27,-15,-65,-36,95,-93,-8,54,-86,94,-1,
21,54,-5,-70,16,33,66,-97,80,67,-50,92,76,-41,96,-36,-27,-50,68,72,-1,
-42,-31,24,-80,-61,92,73,-68,90,-69,-19,-27,49,-81,-58,-78,12,36,-69,88,-1,
-40,-32,22,-79,-65,93,68,-68,96,-63,-26,-25,52,-82,-70,-74,17,34,-63,85,-1,
-64,-33,19,-69,-31,19,-60,-42,-69,-41,24,-15,-66,-46,91,-92,-14,47,-92,87,-1,
59,-101,89,96,76,-88,-66,-97,38,34,-84,11,-64,0,61,-74,-73,86,-29,47,1,
-35,-30,21,-76,-63,90,72,-63,97,-57,-24,-20,51,-82,-66,-67,12,42,-61,87,-1,
26,57,0,-72,21,42,66,-92,83,70,-42,92,76,-33,90,-33,-22,-49,69,76,-1,
58,-91,92,101,79,-91,-57,-94,46,32,-81,15,-58,1,66,-78,-62,86,-22,46,1,
22,54,-2,-73,18,40,65,-94,83,65,-47,95,76,-36,94,-35,-25,-50,65,71,-1,
25,51,-3,-73,22,43,64,-91,88,67,-39,95,74,-31,94,-32,-23,-49,69,79,-1,
56,-92,97,94,84,-90,-56,-96,47,32,-77,10,-60,0,74,-79,-63,86,-23,47,1,
-61,-29,27,-63,-29,27,-59,-38,-66,-40,22,-10,-66,-36,95,-88,-13,49,-90,92,-1,
-59,-31,26,-64,-31,28,-53,-38,-64,-40,26,-10,-61,-43,93,-93,-13,54,-91,94,-1,
-68,-29,22,-65,-33,28,-59,-37,-62,-39,23,-13,-62,-41,90,-89,-11,46,-87,87,-1,
82,78,-83,-20,-53,71,-52,56,81,8,36,-48,58,-14,27,68,-84,57,-16,-36,-1,
27,50,-1,-70,18,42,68,-92,88,64,-43,96,74,-32,94,-29,-24,-44,69,78,-1,
57,-97,96,99,80,-90,-59,-96,46,36,-83,16,-61,-2,71,-81,-68,90,-27,45,1,
-40,-31,22,-79,-61,94,74,-65,92,-62,-25,-27,52,-80,-70,-74,14,35,-61,84,-1,
-64,-25,22,-60,-30,21,-53,-40,-62,-38,24,-14,-64,-39,91,-85,-14,51,-91,94,-1,
79,79,-85,-21,-56,73,-56,56,81,13,31,-50,61,-17,27,73,-88,56,-14,-41,-1,
50,-95,95,96,79,-91,-62,-96,45,40,-82,7,-53,-1,69,-80,-69,89,-27,42,1,
26,58,0,-71,25,39,70,-92,86,63,-37,93,76,-33,96,-35,-22,-50,68,75,-1,
78,79,-81,-19,-52,72,-54,59,76,15,36,-46,58,-16,30,73,-88,60,-19,-38,-1,
56,-89,93,102,80,-85,-65,-94,47,33,-76,12,-54,-1,67,-75,-67,87,-24,47,1,
80,71,-84,-23,-61,76,-58,54,75,13,34,-53,56,-19,26,70,-89,57,-16,-36,-1,
-42,-27,21,-77,-64,94,68,-61,90,-63,-23,-26,52,-76,-69,-72,16,36,-61,89,-1,
55,-96,94,93,77,-88,-61,-95,41,34,-79,7,-58,-6,69,-83,-68,83,-29,46,1,
57,-94,90,96,75,-91,-63,-103,44,32,-82,7,-60,-3,65,-79,-71,84,-26,46,1,
78,80,-87,-25,-59,72,-56,54,83,6,43,-52,58,-15,28,75,-88,61,-17,-34,-1,
80,72,-85,-23,-63,71,-54,53,81,9,33,-50,52,-14,24,72,-92,57,-15,-39,-1,
51,-96,95,95,77,-92,-62,-100,42,34,-85,11,-58,-9,69,-81,-77,89,-29,39,1,
-61,-24,22,-60,-28,30,-54,-33,-56,-35,27,-14,-59,-39,94,-91,-13,56,-88,98,-1,
50,-98,92,92,75,-98,-63,-98,45,34,-84,6,-59,0,62,-80,-72,82,-29,46,1,
74,79,-86,-25,-57,71,-60,57,76,11,35,-52,57,-16,30,71,-90,59,-13,-38,-1,
29,48,-2,-72,21,41,65,-93,84,64,-43,94,69,-34,91,-34,-26,-48,65,73,-1,
-41,-34,22,-78,-64,92,74,-62,90,-61,-27,-21,47,-79,-68,-71,13,37,-67,89,-1,
28,54,0,-70,27,46,66,-89,89,68,-38,99,75,-32,100,-36,-22,-47,75,75,-1,
62,-97,95,96,81,-86,-55,-94,45,38,-76,8,-60,3,68,-78,-65,90,-27,48,1,
21,54,-7,-70,18,42,58,-93,85,65,-48,94,75,-35,90,-37,-27,-49,62,75,-1,
80,73,-86,-21,-60,75,-59,52,77,10,30,-48,56,-20,28,69,-86,61,-17,-36,-1,
55,-101,97,90,78,-94,-61,-100,48,40,-82,6,-54,-4,65,-79,-70,81,-28,43,1,
25,55,0,-72,24,43,63,-86,83,69,-38,92,75,-31,92,-31,-25,-46,67,75,-1,
25,54,-3,-69,21,38,67,-98,87,61,-40,98,78,-33,101,-36,-26,-51,73,75,-1,
52,-100,93,97,74,-94,-60,-103,41,34,-84,8,-59,-3,67,-82,-68,85,-28,43,1,
83,74,-82,-24,-51,72,-53,55,80,10,36,-51,54,-16,28,69,-85,56,-17,-42,-1,
78,70,-82,-26,-59,71,-59,55,75,8,34,-53,51,-18,24,66,-92,54,-18,-42,-1,
60,-92,96,100,81,-84,-58,-90,48,44,-75,13,-55,3,71,-74,-69,95,-27,51,1,
-59,-25,29,-65,-29,28,-56,-39,-61,-38,26,-12,-65,-41,93,-89,-13,47,-90,94,-1,
-41,-34,13,-82,-65,88,67,-65,88,-67,-26,-27,51,-78,-71,-72,9,34,-66,88,-1,
53,-97,92,92,73,-96,-61,-102,42,30,-85,7,-59,-4,65,-81,-73,83,-27,43,1,
77,76,-82,-18,-57,71,-57,57,78,11,34,-51,61,-15,30,73,-86,57,-14,-38,-1,
53,-94,97,94,78,-92,-59,-98,50,36,-82,8,-54,-1,64,-82,-65,87,-29,45,1,
-43,-34,21,-82,-59,88,74,-70,98,-66,-26,-26,52,-79,-69,-82,18,34,-62,84,-1,
77,74,-81,-24,-65,74,-60,53,77,12,31,-50,57,-17,29,68,-92,57,-15,-37,-1,
27,52,2,-70,24,41,67,-90,87,65,-42,96,77,-37,96,-34,-19,-46,69,75,-1,
23,57,-3,-69,20,40,66,-94,88,68,-45,98,77,-37,97,-31,-22,-46,71,77,-1,
24,51,1,-67,22,38,67,-93,84,63,-41,95,79,-33,94,-32,-28,-49,63,80,-1,
55,-98,89,98,76,-93,-59,-99,43,36,-82,8,-57,-4,67,-79,-71,89,-31,46,1,
24,52,-5,-69,17,39,62,-95,86,64,-46,98,75,-35,95,-33,-27,-46,65,76,-1,
28,60,1,-71,23,44,70,-90,89,72,-41,97,79,-34,95,-30,-22,-44,70,74,-1,
26,54,0,-71,23,40,73,-91,85,66,-42,93,76,-31,94,-26,-25,-43,68,79,-1,
-63,-30,22,-60,-34,23,-57,-36,-62,-40,20,-17,-62,-40,95,-86,-14,54,-88,90,-1,
58,-98,91,95,78,-88,-59,-92,42,34,-79,8,-57,0,66,-80,-66,90,-34,50,1,
-64,-27,24,-68,-37,30,-60,-34,-67,-36,27,-15,-62,-46,90,-85,-14,49,-95,96,-1,
-62,-25,24,-61,-31,26,-57,-38,-66,-36,28,-12,-61,-41,100,-90,-9,49,-91,91,-1,
82,73,-84,-22,-57,75,-56,55,80,10,33,-51,58,-16,24,77,-90,60,-15,-38,-1,
23,54,-3,-71,21,37,68,-95,83,64,-44,92,77,-33,91,-30,-25,-48,63,78,-1,
77,74,-84,-26,-56,67,-58,53,76,8,33,-53,55,-20,23,67,-91,55,-20,-47,-1,
-59,-25,21,-61,-33,30,-55,-41,-60,-40,26,-10,-59,-42,92,-86,-11,51,-90,94,-1,
77,74,-81,-28,-61,72,-58,50,73,8,32,-53,51,-17,22,68,-91,54,-22,-41,-1,
24,47,-2,-72,19,36,66,-96,86,65,-47,97,70,-39,93,-35,-24,-49,68,74,-1,
23,52,-4,-71,22,41,61,-90,85,66,-40,92,78,-37,91,-33,-28,-45,64,79,-1,
60,-98,95,104,81,-88,-59,-95,46,39,-81,15,-56,1,68,-75,-71,93,-30,51,1,
-59,-29,23,-65,-34,23,-58,-41,-60,-41,26,-11,-64,-43,93,-86,-9,50,-87,94,-1,
19,49,-7,-74,16,39,59,-95,83,64,-48,95,69,-34,93,-36,-31,-51,66,76,-1,
27,54,-2,-69,21,45,62,-90,87,70,-39,95,75,-31,97,-32,-26,-51,70,77,-1,
-39,-30,23,-79,-60,96,71,-61,93,-65,-27,-18,45,-79,-66,-71,22,37,-65,85,-1,
-58,-29,28,-66,-32,24,-59,-42,-63,-40,30,-18,-63,-44,97,-90,-15,48,-92,94,-1,
-42,-27,22,-77,-61,95,72,-62,95,-59,-21,-23,54,-78,-65,-76,17,38,-62,92,-1,
21,53,0,-74,22,39,67,-93,85,63,-43,96,72,-32,92,-31,-26,-48,69,73,-1,
52,-95,94,93,76,-89,-63,-97,40,34,-79,4,-54,-3,63,-78,-71,89,-30,43,1,
-61,-25,29,-63,-30,27,-52,-38,-65,-38,28,-10,-62,-44,100,-89,-14,48,-88,95,-1,
21,49,-5,-73,18,42,64,-96,86,57,-45,94,74,-34,90,-35,-27,-50,64,82,-1,
-63,-31,23,-69,-31,25,-61,-31,-68,-33,22,-15,-67,-40,94,-93,-13,50,-89,86,-1,
-39,-30,20,-82,-64,90,70,-68,94,-70,-25,-23,46,-82,-67,-76,16,35,-65,85,-1,
59,-97,98,94,82,-90,-60,-94,45,35,-80,14,-64,4,69,-77,-67,86,-24,48,1,
77,72,-82,-21,-56,69,-57,55,77,8,36,-55,59,-19,25,71,-89,62,-22,-35,-1,
56,-95,97,97,79,-89,-62,-98,51,34,-76,8,-55,2,67,-75,-70,90,-25,49,1,
-39,-30,21,-78,-63,86,74,-69,94,-61,-26,-24,50,-88,-68,-74,19,34,-69,89,-1,
77,77,-84,-22,-59,73,-54,50,82,10,34,-53,56,-18,26,72,-88,61,-16,-36,-1,
-64,-29,23,-64,-30,20,-56,-37,-62,-35,24,-11,-68,-36,90,-91,-16,55,-88,87,-1,
-64,-26,25,-60,-26,22,-55,-36,-58,-35,26,-15,-64,-38,91,-88,-11,50,-87,86,-1,
-64,-24,25,-70,-31,26,-60,-42,-67,-40,25,-10,-61,-43,98,-87,-13,49,-85,93,-1,
19,55,-9,-74,22,35,60,-90,84,64,-46,91,73,-36,91,-37,-27,-45,64,71,-1,
62,-95,93,94,83,-91,-58,-92,49,35,-79,12,-59,0,69,-75,-71,91,-22,45,1,
-41,-32,20,-79,-61,94,73,-68,95,-63,-26,-23,49,-83,-66,-78,14,38,-67,83,-1,
58,-95,98,94,82,-91,-57,-95,48,38,-77,9,-57,1,68,-77,-69,92,-21,41,1,
82,76,-87,-20,-56,67,-51,48,79,5,34,-52,54,-22,27,72,-91,54,-17,-37,-1,
-68,-29,21,-58,-33,25,-57,-41,-59,-41,19,-12,-64,-39,95,-94,-10,48,-88,93,-1,
-37,-29,25,-75,-59,98,75,-65,95,-61,-22,-23,50,-78,-64,-72,19,35,-64,88,-1,
-36,-32,22,-78,-66,91,69,-63,95,-60,-24,-21,50,-84,-62,-69,15,40,-70,93,-1,
-63,-32,20,-61,-40,24,-59,-41,-59,-43,29,-13,-61,-43,96,-92,-13,52,-90,96,-1,
-65,-30,24,-68,-33,23,-57,-40,-68,-38,19,-11,-71,-41,93,-91,-9,45,-87,91,-1,
-41,-36,19,-82,-64,86,69,-72,92,-68,-26,-28,46,-83,-64,-80,8,33,-63,80,-1,
-40,-30,16,-79,-66,92,69,-65,92,-63,-26,-24,50,-82,-64,-75,8,38,-69,88,-1,
-41,-35,18,-82,-62,89,71,-66,98,-61,-28,-24,48,-79,-70,-74,12,39,-65,89,-1,
-58,-29,29,-61,-28,25,-56,-37,-52,-36,27,-6,-64,-38,97,-93,-13,54,-87,100,-1,
54,-96,96,100,78,-90,-61,-99,49,39,-79,13,-54,-2,69,-75,-68,93,-27,47,1,
80,76,-84,-22,-56,74,-59,53,79,12,36,-58,59,-16,27,73,-86,55,-16,-39,-1,
-64,-32,28,-62,-35,24,-54,-39,-61,-38,23,-13,-67,-38,94,-93,-12,50,-89,90,-1,
-41,-32,18,-80,-62,92,74,-64,95,-62,-22,-26,56,-85,-65,-74,11,42,-69,88,-1,
55,-94,98,95,80,-89,-59,-95,46,42,-84,12,-58,3,68,-77,-68,90,-24,46,1,
50,-95,95,93,77,-92,-62,-99,44,35,-79,5,-57,-1,67,-81,-68,83,-24,42,1,
-42,-35,20,-78,-57,90,71,-66,94,-62,-22,-27,57,-80,-66,-77,17,41,-66,91,-1,
-45,-30,16,-82,-65,88,67,-69,93,-69,-23,-26,50,-82,-70,-77,10,33,-67,87,-1,
55,-100,92,93,75,-95,-62,-97,43,31,-84,7,-59,-3,62,-84,-71,85,-28,41,1,
24,53,-6,-71,19,43,65,-95,87,64,-45,95,73,-34,97,-32,-28,-52,65,77,-1,
57,-100,93,93,81,-93,-56,-94,43,32,-78,7,-59,0,67,-80,-67,91,-32,49,1,
-62,-24,22,-65,-32,24,-57,-40,-63,-36,28,-9,-65,-39,92,-91,-16,54,-90,92,-1,
81,80,-88,-18,-54,73,-52,57,84,10,36,-47,53,-13,29,75,-84,58,-19,-38,-1,
-39,-30,21,-78,-65,90,73,-70,92,-66,-28,-22,43,-84,-61,-80,15,34,-69,84,-1,
-57,-28,27,-69,-30,26,-60,-37,-62,-37,21,-16,-64,-40,94,-93,-14,51,-88,90,-1,
-65,-32,24,-70,-33,27,-63,-38,-68,-41,21,-14,-68,-42,92,-94,-11,44,-89,89,-1,
-59,-28,23,-61,-28,22,-51,-40,-62,-43,27,-10,-58,-39,92,-89,-6,50,-88,93,-1,
-42,-33,19,-81,-68,95,66,-65,93,-63,-25,-27,51,-78,-66,-76,9,37,-65,86,-1,
-60,-27,25,-63,-26,30,-56,-32,-62,-34,31,-11,-58,-35,97,-89,-7,56,-87,100,-1,
57,-97,93,94,81,-90,-63,-93,43,32,-80,9,-62,0,65,-79,-75,87,-28,46,1,
57,-102,96,98,78,-92,-58,-97,43,33,-78,14,-60,-3,71,-80,-64,89,-25,45,1,
-60,-29,25,-66,-23,25,-55,-38,-62,-38,26,-9,-61,-41,95,-89,-9,50,-85,95,-1,
21,54,-3,-72,19,41,64,-90,81,66,-46,92,75,-36,92,-35,-26,-48,67,78,-1,
-48,-36,18,-87,-65,86,66,-66,89,-69,-26,-29,43,-81,-74,-76,11,34,-66,78,-1,
25,48,-2,-75,18,37,65,-91,82,61,-45,93,69,-37,91,-35,-27,-47,64,69,-1,
-64,-28,23,-65,-27,26,-56,-39,-65,-44,26,-14,-58,-43,97,-92,-8,47,-86,95,-1,
55,-102,93,91,76,-93,-63,-100,39,32,-82,3,-60,0,65,-81,-72,83,-29,43,1,
55,-97,95,93,79,-89,-58,-97,42,39,-82,7,-58,0,65,-81,-68,85,-30,44,1,
27,48,-6,-73,13,44,63,-92,88,62,-43,95,68,-35,91,-35,-23,-47,70,73,-1,
-40,-29,16,-79,-65,90,67,-63,93,-65,-23,-27,51,-87,-70,-71,15,40,-71,91,-1,
-63,-34,23,-65,-31,25,-58,-38,-66,-39,23,-13,-65,-44,94,-94,-10,46,-92,91,-1,
62,-92,96,96,83,-90,-53,-92,46,33,-76,10,-56,0,68,-78,-66,92,-20,43,1,
77,73,-82,-27,-58,69,-59,56,78,11,34,-51,58,-16,26,68,-84,56,-18,-39,-1,
29,56,6,-70,25,47,65,-88,89,77,-42,102,80,-28,96,-33,-20,-45,69,82,-1,
78,71,-84,-26,-61,74,-60,54,75,11,35,-56,54,-18,21,75,-93,55,-23,-40,-1,
25,50,-2,-70,19,40,67,-93,86,66,-44,95,75,-32,95,-30,-27,-46,64,81,-1,
-57,-25,29,-63,-27,22,-51,-38,-60,-35,30,-7,-59,-41,102,-87,-9,57,-82,96,-1,
19,53,-5,-71,17,38,62,-91,84,65,-47,94,74,-35,92,-29,-28,-46,64,76,-1,
-59,-31,21,-67,-36,24,-58,-39,-63,-43,24,-9,-60,-46,98,-96,-7,49,-86,89,-1,
57,-94,93,95,77,-81,-66,-93,44,36,-74,7,-57,-4,63,-75,-71,89,-26,48,1,
54,-95,91,96,77,-91,-63,-93,41,33,-78,11,-61,-3,69,-77,-70,85,-21,43,1,
80,77,-83,-26,-55,68,-58,55,80,13,37,-50,57,-19,30,76,-87,59,-17,-34,-1,
-62,-25,18,-62,-33,29,-65,-37,-64,-41,31,-15,-58,-40,93,-88,-10,52,-94,94,-1,
-34,-33,25,-79,-59,95,75,-61,92,-59,-24,-24,56,-83,-60,-73,17,40,-66,93,-1,
-40,-29,22,-77,-61,91,76,-65,94,-59,-22,-26,48,-83,-63,-74,15,38,-69,89,-1,
25,59,-1,-69,23,42,66,-88,85,72,-43,94,79,-31,99,-36,-22,-46,67,77,-1,
-38,-34,24,-79,-63,89,76,-67,89,-64,-24,-27,46,-82,-68,-70,12,33,-65,85,-1,
81,76,-88,-28,-56,69,-60,57,74,10,33,-55,53,-14,21,70,-89,52,-19,-41,-1,
-66,-30,23,-69,-36,23,-62,-36,-66,-40,25,-16,-64,-44,93,-90,-12,48,-89,91,-1,
60,-97,93,96,80,-89,-61,-95,43,37,-81,12,-59,-1,66,-74,-71,88,-28,49,1,
-40,-34,18,-83,-61,91,72,-67,93,-65,-26,-23,52,-86,-64,-79,12,36,-68,85,-1,
53,-101,95,87,79,-98,-59,-97,43,30,-82,10,-60,-8,69,-82,-74,86,-29,40,1,
56,-95,93,91,81,-91,-55,-95,42,39,-79,1,-57,0,66,-79,-73,86,-29,45,1,
55,-96,93,97,80,-90,-60,-100,48,35,-77,7,-58,-4,70,-78,-72,90,-31,49,1,
59,-100,88,97,72,-92,-63,-95,44,31,-82,9,-58,-1,65,-79,-73,90,-28,45,1,
-63,-32,24,-67,-32,26,-56,-39,-65,-37,24,-7,-62,-49,94,-86,-10,47,-90,98,-1,
74,81,-77,-23,-53,70,-52,53,82,12,39,-47,60,-16,29,79,-90,62,-15,-36,-1,
-40,-38,23,-83,-65,93,69,-68,88,-68,-26,-30,51,-87,-66,-78,14,33,-68,84,-1,
55,-95,96,94,79,-93,-60,-97,40,38,-85,9,-55,-1,67,-77,-76,88,-24,41,1,
25,50,0,-67,17,37,67,-93,84,64,-44,88,76,-34,91,-35,-24,-46,62,78,-1,
-60,-30,24,-67,-33,24,-59,-38,-62,-37,25,-13,-66,-43,94,-90,-15,53,-89,92,-1,
74,84,-89,-23,-54,69,-58,55,77,11,34,-52,53,-14,26,73,-87,53,-21,-41,-1,
57,-98,94,91,80,-96,-58,-95,47,32,-86,11,-61,0,63,-84,-69,83,-30,42,1,
54,-94,99,96,79,-89,-64,-95,42,37,-82,14,-57,-3,73,-77,-71,84,-23,45,1,
25,52,-3,-72,19,39,64,-98,85,69,-45,98,74,-36,96,-33,-28,-51,73,73,-1,
-39,-34,21,-80,-60,92,71,-63,92,-66,-22,-24,54,-81,-68,-73,16,40,-65,88,-1,
23,47,-8,-75,13,45,55,-93,85,63,-43,96,68,-34,96,-40,-28,-56,68,71,-1,
-58,-28,21,-62,-32,30,-59,-36,-65,-33,28,-11,-63,-39,98,-89,-13,50,-91,90,-1,
21,51,-3,-74,19,35,66,-99,82,58,-47,95,71,-34,86,-35,-27,-50,65,73,-1,
78,78,-85,-28,-58,66,-58,49,77,7,34,-50,51,-18,23,74,-91,55,-24,-40,-1,
73,72,-85,-22,-62,66,-52,46,78,6,31,-49,53,-22,21,71,-94,56,-16,-41,-1,
-37,-29,22,-78,-65,92,71,-68,96,-63,-25,-26,49,-81,-67,-74,16,40,-68,89,-1,
57,-99,95,96,79,-94,-57,-98,44,38,-80,8,-55,0,67,-74,-72,93,-25,45,1,
-62,-24,20,-62,-28,25,-58,-42,-62,-43,29,-8,-63,-37,89,-84,-9,48,-89,93,-1,
-39,-30,23,-75,-64,90,76,-63,91,-64,-24,-30,47,-80,-68,-72,17,35,-68,88,-1,
-63,-31,21,-70,-34,25,-63,-38,-66,-44,21,-11,-66,-42,93,-96,-11,47,-88,87,-1,
23,48,-4,-74,19,41,63,-99,84,63,-46,92,74,-35,91,-40,-27,-54,65,77,-1,
-41,-30,20,-83,-63,89,75,-64,91,-66,-22,-26,52,-87,-66,-76,13,38,-69,87,-1,
-38,-29,16,-76,-61,91,70,-60,96,-70,-21,-22,53,-79,-64,-72,16,38,-63,91,-1,
26,52,0,-71,18,41,65,-93,85,66,-44,95,75,-34,97,-36,-24,-51,65,76,-1,
21,50,-11,-72,16,38,59,-101,87,58,-49,92,72,-39,90,-37,-31,-55,61,70,-1,
-45,-32,21,-81,-64,91,72,-71,93,-65,-24,-24,46,-82,-63,-79,11,33,-67,81,-1,
76,71,-85,-23,-58,66,-58,54,76,7,29,-52,51,-17,24,70,-93,54,-19,-43,-1,
-61,-33,30,-67,-31,23,-59,-37,-63,-42,27,-15,-62,-42,100,-91,-11,47,-84,94,-1,
21,51,-7,-78,21,37,60,-95,84,63,-44,94,76,-40,91,-35,-24,-50,67,71,-1,
23,61,-2,-71,22,39,67,-91,85,68,-45,94,72,-32,95,-32,-21,-50,70,75,-1,
22,52,-5,-70,20,42,62,-89,85,63,-43,89,77,-37,90,-35,-22,-47,61,82,-1,
-35,-34,26,-74,-59,102,77,-67,94,-63,-18,-27,58,-79,-60,-71,13,39,-65,86,-1,
23,55,-5,-67,12,40,67,-92,85,68,-44,93,79,-34,101,-35,-28,-45,69,76,-1,
-42,-34,17,-85,-67,85,70,-65,90,-68,-27,-24,44,-81,-71,-79,12,33,-69,85,-1,
23,54,-3,-69,16,45,66,-93,89,66,-47,98,75,-33,96,-30,-24,-47,69,81,-1,
-62,-33,28,-62,-28,28,-57,-33,-67,-37,33,-16,-60,-37,103,-90,-5,44,-86,95,-1,
51,-99,87,89,75,-93,-66,-98,44,28,-81,5,-64,-7,63,-83,-76,87,-32,36,1,
-64,-21,19,-61,-30,30,-57,-38,-62,-42,27,-15,-61,-40,93,-89,-18,51,-90,89,-1,
81,77,-84,-18,-58,71,-54,55,82,13,35,-48,60,-17,29,75,-89,60,-12,-36,-1,
22,52,-6,-71,20,37,69,-100,84,61,-47,94,78,-38,95,-32,-29,-51,68,74,-1,
-44,-30,18,-79,-60,89,72,-69,92,-62,-27,-25,46,-80,-71,-73,14,33,-67,80,-1,
56,-98,95,91,77,-92,-58,-98,43,31,-78,6,-60,-5,69,-83,-69,87,-29,48,1,
81,76,-84,-19,-58,76,-53,58,81,7,40,-53,56,-11,28,65,-84,59,-19,-36,-1,
85,81,-74,-20,-48,71,-49,58,89,11,38,-46,61,-12,33,76,-85,64,-17,-35,-1,
79,82,-84,-23,-54,73,-53,57,77,14,34,-43,55,-13,24,72,-87,55,-12,-37,-1,
64,-100,92,100,77,-87,-61,-90,47,37,-77,12,-55,0,66,-76,-69,91,-26,47,1,
-41,-37,18,-83,-68,91,69,-66,84,-64,-32,-27,46,-86,-70,-79,9,34,-69,78,-1,
75,80,-91,-20,-59,67,-57,56,80,12,35,-50,56,-19,29,72,-90,57,-20,-35,-1,
81,78,-83,-22,-55,68,-49,52,85,9,33,-49,54,-12,28,71,-87,55,-17,-39,-1,
-43,-30,20,-85,-65,90,69,-68,93,-69,-26,-25,48,-84,-68,-80,13,33,-68,87,-1,
-39,-31,24,-79,-63,93,72,-71,97,-66,-23,-25,49,-79,-62,-78,13,37,-64,85,-1,
-41,-33,20,-83,-65,88,70,-64,92,-63,-30,-23,47,-85,-66,-80,17,37,-71,87,-1,
-59,-27,30,-70,-23,25,-59,-31,-68,-34,27,-8,-68,-43,98,-89,-5,47,-87,94,-1,
-68,-31,20,-68,-34,19,-62,-39,-66,-43,22,-18,-62,-43,89,-97,-19,53,-92,91,-1,
80,82,-78,-21,-52,76,-52,58,84,15,43,-51,64,-16,31,74,-83,61,-14,-34,-1,
80,76,-88,-26,-59,68,-56,55,76,10,33,-51,52,-19,23,68,-91,52,-17,-38,-1,
-37,-32,22,-83,-64,95,69,-66,90,-63,-24,-23,50,-82,-65,-73,10,31,-62,82,-1,
57,-97,91,98,77,-89,-61,-94,47,30,-78,12,-60,0,62,-76,-71,97,-30,43,1,
-36,-31,26,-83,-57,89,76,-65,98,-58,-23,-20,48,-81,-63,-73,17,40,-65,90,-1,
-37,-29,24,-79,-58,100,71,-65,95,-63,-20,-22,58,-80,-62,-75,18,35,-61,87,-1,
51,-95,93,91,78,-92,-66,-95,45,31,-83,10,-65,-2,64,-82,-74,86,-27,42,1,
-63,-26,23,-65,-31,23,-60,-41,-60,-41,23,-10,-67,-42,89,-89,-17,53,-92,95,-1,
-39,-29,23,-78,-63,92,72,-66,95,-64,-23,-21,47,-81,-64,-72,17,39,-64,89,-1,
-38,-34,23,-75,-58,95,75,-64,89,-56,-26,-25,51,-82,-66,-72,17,43,-66,86,-1,
21,51,-1,-74,23,48,59,-90,91,65,-43,102,75,-34,95,-30,-27,-47,70,81,-1,
56,-92,93,98,79,-89,-57,-96,44,35,-80,8,-60,1,68,-80,-69,88,-26,46,1,
54,-98,94,91,79,-92,-63,-92,41,36,-83,7,-57,-1,62,-79,-72,88,-27,39,1,
