-60,-28,25,-64,-32,21,-61,-41,-58,-41,23,-11,-66,-42,93,-89,-14,51,-90,95,-1,
-40,-34,25,-79,-59,94,73,-63,90,-58,-19,-28,52,-77,-67,-71,11,39,-62,86,-1,
82,77,-82,-22,-58,77,-57,61,79,10,42,-53,58,-14,25,76,-88,60,-20,-35,-1,
53,-101,93,88,79,-95,-64,-102,40,29,-84,6,-60,-4,69,-83,-73,83,-32,42,1,
-61,-30,26,-67,-35,24,-57,-41,-62,-44,27,-12,-59,-47,94,-88,-11,51,-88,93,-1,
76,72,-86,-23,-55,66,-56,55,80,10,32,-49,54,-19,24,76,-92,57,-23,-44,-1,
71,76,-84,-21,-58,74,-56,50,79,10,33,-49,56,-15,22,74,-92,59,-14,-42,-1,
77,75,-82,-25,-56,73,-56,51,77,12,40,-54,55,-19,30,74,-88,58,-14,-37,-1,
27,49,-4,-73,16,47,63,-90,88,63,-40,95,72,-34,94,-33,-24,-47,70,75,-1,
79,75,-81,-26,-60,74,-60,56,72,15,34,-48,58,-18,27,73,-88,58,-14,-33,-1,
83,74,-87,-22,-59,72,-53,53,78,10,37,-50,49,-14,27,73,-89,55,-15,-36,-1,
54,-95,92,96,78,-92,-63,-98,46,31,-82,12,-60,0,67,-81,-67,85,-29,46,1,
-46,-37,13,-87,-69,83,62,-69,88,-71,-29,-29,47,-87,-69,-84,12,27,-69,82,-1,
81,78,-83,-20,-58,75,-55,56,85,10,39,-51,57,-11,28,75,-87,63,-16,-35,-1,
75,74,-84,-21,-57,70,-57,54,77,7,37,-53,56,-19,28,75,-90,60,-20,-40,-1,
22,50,-1,-73,20,42,65,-90,87,59,-42,96,70,-36,90,-28,-25,-47,65,77,-1,
21,46,-2,-77,21,34,62,-94,82,62,-42,93,69,-33,90,-33,-33,-50,66,72,-1,
-40,-28,18,-78,-61,91,72,-66,95,-63,-23,-20,47,-78,-63,-75,15,39,-67,88,-1,
57,-95,99,93,82,-89,-58,-96,50,32,-79,14,-60,-2,70,-81,-70,92,-29,42,1,
-44,-35,15,-85,-65,91,66,-69,90,-70,-26,-25,47,-84,-68,-76,8,34,-68,82,-1,
-60,-24,22,-60,-29,33,-56,-36,-58,-38,32,-8,-56,-42,98,-89,-9,53,-88,99,-1,
25,52,-3,-73,21,42,65,-96,89,65,-41,94,75,-33,91,-37,-19,-49,67,76,-1,
-35,-39,25,-81,-63,93,73,-68,85,-60,-26,-24,54,-83,-64,-75,9,33,-63,86,-1,
62,-100,96,93,80,-90,-58,-93,44,36,-80,11,-58,3,69,-78,-71,89,-31,47,1,
83,74,-79,-22,-56,78,-56,58,81,12,37,-53,59,-13,27,71,-86,63,-17,-36,-1,
-41,-32,22,-80,-67,93,70,-63,93,-64,-23,-25,48,-80,-65,-77,11,37,-63,81,-1,
56,-99,93,88,76,-94,-59,-97,41,30,-86,9,-64,-1,66,-86,-67,85,-31,45,1,
-62,-22,26,-60,-29,24,-57,-34,-59,-38,27,-11,-60,-37,96,-91,-8,55,-86,92,-1,
24,50,-4,-71,15,40,67,-96,87,64,-43,95,74,-35,94,-33,-25,-49,69,76,-1,
80,76,-83,-19,-57,74,-54,57,79,12,37,-50,52,-11,27,72,-89,55,-16,-41,-1,
-46,-31,17,-79,-61,91,73,-69,94,-67,-24,-26,50,-78,-71,-80,13,35,-66,84,-1,
20,49,-5,-73,14,36,58,-92,78,63,-51,93,73,-40,92,-32,-33,-50,60,70,-1,
77,74,-83,-21,-56,74,-54,59,77,10,36,-50,59,-17,30,71,-92,61,-14,-36,-1,
65,-94,93,97,78,-89,-57,-92,47,40,-81,10,-53,0,67,-74,-72,89,-22,49,1,
77,78,-89,-27,-60,72,-60,47,75,12,29,-54,48,-18,25,72,-95,56,-21,-40,-1,
-40,-37,21,-79,-63,95,73,-68,92,-67,-29,-24,50,-83,-68,-75,14,35,-68,87,-1,
81,79,-78,-20,-55,77,-48,57,86,14,41,-46,56,-12,22,78,-88,61,-18,-35,-1,
19,59,-1,-74,21,36,68,-93,85,69,-45,99,72,-29,97,-34,-23,-50,73,74,-1,
-67,-30,21,-68,-37,28,-64,-38,-70,-41,22,-13,-66,-45,90,-93,-14,49,-97,94,-1,
-61,-27,21,-61,-31,23,-56,-40,-58,-40,26,-6,-67,-38,90,-86,-15,54,-88,92,-1,
71,75,-87,-29,-59,70,-57,48,79,7,31,-51,51,-14,17,67,-86,52,-12,-45,-1,
24,52,-8,-72,16,38,59,-91,82,68,-41,91,74,-33,92,-33,-27,-45,69,75,-1,
26,56,0,-74,23,40,66,-90,83,70,-43,98,74,-31,95,-31,-21,-50,70,77,-1,
53,-94,93,95,76,-90,-63,-103,49,38,-81,10,-58,-3,67,-77,-69,88,-24,45,1,
-39,-31,23,-81,-58,90,74,-62,98,-64,-24,-20,48,-79,-68,-74,22,40,-66,90,-1,
-65,-34,27,-71,-36,23,-64,-37,-64,-35,17,-11,-71,-40,92,-96,-14,50,-90,95,-1,
49,-94,94,94,77,-90,-63,-95,37,37,-80,5,-54,-4,67,-81,-65,84,-23,40,1,
-57,-24,22,-67,-31,24,-57,-39,-64,-36,27,-15,-60,-42,96,-90,-7,50,-88,92,-1,
24,49,-5,-74,19,40,62,-94,84,65,-47,97,70,-38,93,-34,-29,-48,69,71,-1,
-65,-31,23,-69,-36,23,-60,-38,-66,-41,26,-18,-64,-46,92,-99,-14,47,-92,91,-1,
-62,-28,29,-64,-30,27,-57,-34,-61,-39,26,-9,-63,-41,93,-92,-11,54,-88,93,-1,
-67,-24,24,-56,-27,23,-52,-40,-58,-41,24,-8,-61,-38,95,-93,-5,50,-85,92,-1,
-64,-27,25,-63,-32,25,-57,-39,-62,-37,23,-14,-68,-37,88,-88,-11,46,-89,85,-1,
53,-95,94,92,81,-95,-58,-96,48,37,-85,10,-62,1,69,-80,-70,87,-25,45,1,
28,51,-3,-68,25,40,67,-97,87,63,-40,94,76,-31,95,-38,-26,-49,67,81,-1,
20,49,-2,-77,20,35,62,-95,80,61,-44,89,74,-35,88,-42,-24,-54,63,74,-1,
-65,-29,21,-64,-30,27,-60,-41,-62,-39,25,-19,-62,-36,91,-86,-10,47,-89,95,-1,
54,-93,91,98,79,-90,-60,-95,46,33,-81,11,-61,0,69,-83,-64,90,-26,44,1,
57,-93,96,95,85,-85,-57,-92,43,41,-77,9,-56,1,67,-73,-64,92,-26,49,1,
51,-94,92,97,73,-90,-61,-97,44,38,-84,8,-59,-2,62,-81,-70,91,-31,45,1,
-44,-34,15,-78,-63,87,73,-70,93,-65,-31,-21,43,-83,-67,-80,17,33,-69,85,-1,
-61,-23,24,-62,-30,25,-55,-36,-60,-34,29,-8,-60,-43,99,-89,-9,53,-87,98,-1,
-62,-26,24,-64,-28,29,-58,-37,-62,-37,21,-11,-69,-33,90,-87,-12,48,-88,97,-1,
-36,-33,21,-83,-60,86,75,-68,91,-65,-24,-26,44,-82,-67,-78,14,35,-69,86,-1,
-40,-35,21,-81,-61,88,73,-65,90,-65,-24,-24,51,-85,-67,-78,16,36,-69,90,-1,
24,51,-2,-74,21,37,63,-91,84,68,-44,100,73,-36,97,-34,-27,-42,71,72,-1,
57,-100,95,97,77,-92,-62,-98,47,30,-80,12,-58,-1,67,-79,-73,90,-29,42,1,
52,-98,93,90,81,-93,-64,-97,45,32,-81,8,-62,-4,66,-80,-75,84,-32,45,1,
-39,-31,17,-84,-60,86,71,-64,97,-64,-26,-17,42,-79,-69,-74,18,34,-67,87,-1,
75,78,-84,-26,-57,72,-57,53,81,11,35,-51,55,-12,22,74,-84,54,-18,-40,-1,
-65,-28,21,-60,-36,29,-57,-41,-65,-42,27,-12,-59,-43,92,-92,-11,48,-96,92,-1,
56,-95,97,95,79,-90,-60,-95,48,32,-80,11,-59,2,69,-80,-66,90,-25,46,1,
-41,-36,18,-84,-63,87,70,-62,91,-69,-21,-26,49,-85,-68,-75,13,36,-67,86,-1,
-61,-25,26,-65,-31,28,-54,-37,-64,-39,27,-12,-59,-41,98,-86,-7,50,-83,92,-1,
-41,-34,22,-83,-61,87,73,-67,95,-61,-21,-28,49,-83,-66,-77,12,36,-65,87,-1,
-39,-33,28,-81,-60,94,76,-66,92,-61,-18,-22,50,-79,-64,-72,13,34,-63,85,-1,
73,70,-92,-24,-62,70,-58,55,74,6,35,-59,53,-22,21,70,-91,54,-22,-40,-1,
25,49,1,-70,22,41,67,-93,92,68,-40,95,75,-31,91,-34,-22,-42,66,81,-1,
-37,-32,26,-81,-62,95,72,-66,89,-65,-24,-23,53,-80,-67,-74,13,34,-58,84,-1,
77,74,-82,-24,-61,70,-59,56,79,8,29,-50,58,-15,25,68,-88,59,-19,-40,-1,
23,46,-3,-78,19,36,66,-98,84,59,-44,92,74,-36,89,-36,-23,-51,62,76,-1,
21,53,-8,-70,22,35,64,-98,84,61,-44,92,74,-35,88,-30,-30,-50,67,76,-1,
-57,-29,21,-64,-25,25,-56,-39,-62,-40,30,-11,-59,-39,93,-86,-5,52,-88,99,-1,
53,-98,92,92,75,-96,-59,-103,44,33,-86,7,-58,-7,68,-83,-77,89,-32,41,1,
27,51,2,-69,21,39,66,-96,84,70,-40,94,81,-29,93,-39,-28,-46,69,79,-1,
80,81,-82,-18,-53,67,-54,53,83,11,37,-50,58,-15,32,72,-87,58,-19,-37,-1,
74,82,-82,-28,-58,71,-55,50,79,7,39,-50,59,-17,26,70,-88,60,-17,-33,-1,
25,47,-1,-73,17,39,62,-92,82,64,-42,89,74,-38,92,-36,-30,-50,62,70,-1,
78,72,-87,-27,-59,68,-56,50,78,5,35,-55,52,-18,24,68,-91,55,-19,-39,-1,
57,-93,94,95,82,-92,-57,-94,48,35,-80,12,-57,0,67,-78,-68,93,-27,44,1,
20,59,-6,-74,18,35,68,-100,85,66,-47,97,75,-31,93,-33,-25,-51,70,72,-1,
59,-97,98,96,82,-91,-56,-95,45,40,-82,14,-60,-1,66,-74,-72,92,-21,43,1,
-60,-28,22,-66,-34,25,-57,-39,-62,-42,23,-13,-61,-51,94,-93,-10,49,-91,96,-1,
-64,-31,27,-70,-27,23,-62,-40,-64,-44,24,-16,-71,-35,84,-93,-13,45,-90,90,-1,
-60,-19,29,-60,-30,33,-55,-33,-57,-33,31,-12,-58,-38,99,-87,-6,52,-85,96,-1,
21,55,-3,-69,18,37,68,-100,88,62,-44,95,80,-32,95,-34,-25,-51,65,74,-1,
-40,-30,22,-76,-64,98,75,-69,97,-62,-24,-23,55,-77,-66,-75,13,34,-62,88,-1,
-61,-26,24,-62,-30,32,-55,-35,-64,-39,26,-15,-55,-40,96,-93,-10,55,-92,96,-1,
-53,-25,30,-60,-25,27,-55,-33,-56,-35,35,-11,-57,-31,101,-84,-4,55,-81,97,-1,
-41,-32,16,-79,-62,89,66,-66,89,-67,-22,-29,48,-78,-73,-73,13,34,-65,86,-1,
58,-95,98,95,85,-90,-55,-94,47,36,-77,12,-55,-1,72,-77,-66,90,-25,45,1,
78,80,-86,-22,-55,70,-54,54,79,9,34,-46,57,-19,27,71,-90,59,-19,-37,-1,
27,55,0,-73,18,44,70,-93,85,68,-45,100,75,-32,92,-27,-25,-45,70,76,-1,
81,73,-78,-27,-53,75,-56,50,78,12,36,-55,56,-15,30,73,-86,55,-11,-44,-1,
55,-96,90,90,76,-93,-66,-94,40,31,-84,7,-58,-2,61,-80,-74,83,-29,41,1,
26,50,-5,-69,20,39,66,-95,81,56,-41,95,77,-35,94,-34,-24,-50,67,79,-1,
22,54,-6,-72,14,46,59,-92,91,62,-42,96,73,-32,95,-36,-24,-51,70,72,-1,
-33,-34,28,-77,-57,97,77,-61,95,-54,-20,-22,57,-76,-62,-68,16,40,-59,92,-1,
55,-100,93,93,79,-90,-62,-99,45,32,-77,6,-61,-3,67,-78,-75,93,-31,47,1,
-68,-29,25,-63,-35,27,-62,-36,-63,-37,28,-12,-63,-40,93,-93,-15,53,-94,94,-1,
26,55,-5,-66,22,42,68,-93,88,66,-44,95,74,-31,97,-32,-24,-47,68,79,-1,
-60,-25,30,-68,-30,28,-56,-41,-59,-41,31,-8,-62,-43,95,-88,-10,50,-85,93,-1,
-61,-25,21,-63,-26,28,-59,-39,-61,-38,29,-12,-59,-38,93,-87,-13,53,-90,97,-1,
74,74,-86,-28,-61,63,-61,48,77,5,32,-56,55,-20,25,66,-89,52,-22,-40,-1,
-41,-31,17,-77,-66,89,71,-63,93,-64,-22,-27,50,-84,-63,-77,15,36,-68,89,-1,
-39,-30,26,-79,-62,93,71,-68,94,-61,-24,-23,51,-85,-60,-77,18,33,-64,85,-1,
-61,-31,23,-66,-37,22,-62,-43,-64,-48,25,-17,-64,-44,93,-92,-12,48,-91,90,-1,
-63,-29,26,-67,-29,24,-63,-36,-66,-44,27,-17,-64,-41,92,-89,-12,50,-90,92,-1,
74,76,-82,-24,-56,70,-54,48,76,13,31,-49,53,-16,22,72,-87,55,-17,-38,-1,
82,78,-79,-18,-52,75,-49,60,83,15,36,-48,59,-8,25,80,-88,60,-10,-37,-1,
24,51,0,-75,18,39,66,-94,79,68,-49,96,70,-31,92,-39,-26,-48,67,75,-1,
-58,-26,25,-67,-28,28,-59,-33,-64,-39,30,-10,-64,-39,92,-84,-13,51,-88,95,-1,
82,79,-87,-22,-58,71,-59,62,76,11,35,-50,56,-10,23,72,-86,56,-22,-37,-1,
-65,-30,23,-61,-33,28,-60,-35,-62,-38,22,-13,-62,-41,91,-85,-13,52,-91,93,-1,
-37,-33,20,-76,-63,92,71,-65,98,-61,-23,-24,51,-80,-65,-72,15,40,-66,91,-1,
25,55,-1,-78,23,45,64,-90,84,64,-46,99,73,-34,92,-36,-25,-50,70,71,-1,
57,-100,97,94,79,-93,-57,-98,48,33,-79,8,-56,0,62,-77,-74,93,-32,43,1,
-62,-30,23,-62,-39,30,-56,-34,-63,-43,29,-11,-65,-36,97,-90,-11,53,-85,92,-1,
52,-91,96,100,79,-92,-58,-101,46,40,-84,12,-55,-4,67,-79,-67,88,-23,42,1,
64,-101,96,100,83,-87,-56,-96,45,35,-74,12,-58,2,69,-74,-65,92,-29,52,1,
80,72,-79,-25,-56,66,-57,58,74,11,34,-49,55,-16,27,69,-86,55,-19,-37,-1,
26,52,2,-72,25,37,69,-91,84,68,-39,92,80,-32,93,-29,-22,-48,64,79,-1,
-68,-25,24,-65,-32,29,-59,-36,-65,-39,30,-13,-61,-43,95,-90,-9,49,-88,92,-1,
76,80,-85,-28,-54,70,-57,52,80,11,32,-48,55,-15,24,74,-86,55,-14,-40,-1,
-39,-36,23,-80,-64,89,73,-62,85,-56,-24,-27,50,-82,-65,-76,12,36,-64,88,-1,
-63,-34,21,-68,-34,25,-60,-38,-68,-39,26,-13,-66,-44,93,-93,-14,49,-92,91,-1,
-39,-32,21,-81,-63,91,70,-68,94,-65,-25,-24,45,-79,-67,-75,14,37,-65,84,-1,
19,56,-8,-77,21,39,60,-90,83,63,-45,92,73,-34,92,-33,-22,-54,62,74,-1,
-46,-30,18,-80,-62,86,70,-73,94,-65,-21,-23,53,-86,-66,-76,12,34,-69,89,-1,
80,73,-82,-24,-56,72,-53,55,83,5,38,-53,59,-18,25,74,-94,59,-16,-40,-1,
-43,-29,16,-76,-63,93,71,-67,90,-65,-23,-29,49,-82,-72,-77,14,35,-67,82,-1,
-35,-31,21,-77,-59,94,76,-61,101,-61,-18,-25,55,-75,-64,-72,15,43,-63,94,-1,
80,78,-82,-25,-54,71,-57,51,80,11,38,-54,60,-18,29,74,-86,59,-14,-34,-1,
-40,-28,18,-80,-63,87,70,-69,95,-64,-19,-24,48,-86,-63,-79,15,36,-68,87,-1,
-59,-25,28,-64,-32,24,-57,-33,-61,-30,27,-11,-63,-38,97,-86,-7,54,-85,93,-1,
81,72,-80,-23,-54,74,-53,55,80,11,32,-49,55,-14,22,75,-90,59,-17,-41,-1,
78,76,-80,-16,-56,75,-47,56,86,10,37,-46,60,-12,25,75,-88,62,-12,-39,-1,
-60,-28,21,-59,-36,23,-55,-43,-61,-45,28,-8,-62,-42,95,-89,-6,51,-88,91,-1,
55,-97,93,96,78,-90,-62,-95,43,38,-78,8,-58,2,69,-77,-66,87,-23,46,1,
59,-96,95,97,80,-91,-58,-97,47,34,-83,12,-58,-1,69,-81,-71,91,-28,43,1,
-37,-34,23,-82,-58,88,81,-61,97,-59,-25,-18,46,-79,-66,-71,16,39,-67,88,-1,
-41,-32,23,-85,-62,90,68,-63,88,-66,-22,-26,52,-85,-65,-78,14,33,-62,86,-1,
-64,-30,20,-60,-30,28,-54,-37,-63,-38,26,-12,-59,-41,95,-88,-14,55,-90,90,-1,
55,-98,93,96,76,-87,-64,-97,45,37,-77,8,-56,-3,67,-78,-70,89,-29,44,1,
-60,-29,24,-61,-35,29,-56,-40,-58,-38,26,-14,-61,-40,94,-90,-9,50,-91,97,-1,
76,81,-86,-19,-55,72,-56,59,82,10,33,-45,56,-15,28,77,-91,63,-23,-39,-1,
76,77,-83,-22,-53,72,-56,55,79,12,34,-49,55,-18,26,71,-85,60,-23,-39,-1,
78,76,-85,-21,-53,69,-52,52,80,10,31,-43,49,-14,29,73,-90,58,-13,-42,-1,
-37,-28,30,-76,-60,96,78,-66,100,-62,-21,-21,51,-80,-56,-75,20,38,-63,91,-1,
-38,-33,21,-86,-66,90,71,-66,95,-66,-27,-22,45,-82,-66,-75,12,36,-65,87,-1,
54,-99,93,91,78,-94,-64,-96,45,30,-82,5,-56,-1,65,-82,-72,86,-30,43,1,
78,78,-83,-28,-53,70,-54,54,77,9,39,-49,56,-19,25,73,-91,56,-12,-41,-1,
-34,-34,20,-77,-62,94,76,-71,96,-62,-26,-25,50,-80,-64,-78,10,37,-63,84,-1,
60,-91,101,93,86,-89,-58,-97,50,39,-82,13,-56,2,66,-75,-67,90,-20,43,1,
-55,-29,28,-61,-28,26,-53,-38,-60,-39,30,-12,-62,-37,95,-83,-13,53,-87,95,-1,
-40,-30,20,-80,-61,90,75,-62,94,-62,-22,-23,47,-77,-65,-75,11,36,-62,86,-1,
56,-97,92,90,77,-90,-64,-97,43,35,-85,10,-60,-7,65,-83,-72,84,-29,41,1,
19,52,-7,-74,18,39,62,-95,88,62,-49,100,70,-35,94,-37,-24,-48,64,71,-1,
60,-99,96,95,79,-88,-59,-93,46,40,-78,10,-56,0,62,-73,-67,90,-24,48,1,
20,55,-1,-73,22,36,67,-94,83,62,-49,94,74,-39,95,-35,-23,-54,65,75,-1,
-62,-27,27,-66,-31,21,-57,-38,-67,-37,25,-14,-62,-45,95,-95,-11,52,-92,90,-1,
-61,-29,24,-61,-31,27,-58,-36,-57,-41,28,-14,-59,-39,96,-91,-14,53,-88,98,-1,
-37,-28,16,-72,-59,94,73,-64,101,-62,-25,-18,48,-78,-66,-72,19,38,-60,88,-1,
-65,-31,22,-64,-33,23,-61,-41,-65,-40,22,-8,-64,-40,89,-90,-18,53,-95,94,-1,
81,73,-81,-19,-54,71,-50,58,83,7,38,-45,56,-13,27,74,-87,61,-14,-39,-1,
-44,-31,21,-82,-61,93,68,-58,92,-65,-21,-23,50,-80,-69,-74,21,35,-65,89,-1,
18,54,-4,-74,20,37,65,-96,85,62,-46,95,75,-32,92,-35,-25,-50,65,74,-1,
57,-100,96,97,76,-91,-64,-100,44,32,-85,14,-60,-2,65,-83,-70,85,-30,44,1,
-42,-35,23,-80,-60,89,73,-61,91,-69,-19,-23,54,-80,-64,-76,19,35,-64,92,-1,
-36,-31,22,-77,-62,95,69,-62,94,-61,-24,-26,47,-82,-64,-71,14,40,-65,83,-1,
-65,-24,26,-62,-24,24,-52,-36,-59,-38,24,-12,-64,-39,96,-92,-12,48,-84,93,-1,
25,55,-3,-70,21,42,64,-94,87,66,-44,93,76,-31,92,-35,-23,-51,67,77,-1,
-58,-24,23,-63,-25,30,-53,-37,-57,-40,32,-13,-62,-37,91,-86,-12,50,-86,95,-1,
-37,-30,24,-82,-62,96,69,-62,93,-59,-24,-22,50,-79,-64,-71,16,35,-64,86,-1,
-36,-32,18,-72,-60,95,76,-66,95,-60,-24,-23,53,-84,-63,-73,17,38,-69,91,-1,
78,81,-86,-22,-54,74,-53,58,79,14,39,-42,57,-14,23,76,-89,62,-13,-36,-1,
-61,-25,25,-61,-23,29,-55,-31,-62,-36,28,-8,-57,-35,95,-88,-9,55,-86,97,-1,
54,-101,94,90,78,-93,-62,-100,43,33,-82,9,-63,-6,67,-80,-73,84,-29,43,1,
80,79,-86,-23,-53,72,-52,57,77,12,33,-51,56,-14,24,76,-89,54,-17,-38,-1,
-37,-33,20,-75,-60,92,71,-69,91,-64,-24,-25,45,-77,-68,-69,8,38,-62,83,-1,
78,78,-83,-16,-57,76,-54,57,79,16,32,-46,54,-12,33,71,-85,60,-19,-34,-1,
78,79,-84,-22,-55,73,-54,55,85,13,40,-50,58,-16,28,77,-90,62,-15,-36,-1,
-68,-29,24,-67,-31,28,-63,-35,-70,-38,21,-10,-70,-34,91,-87,-12,47,-88,90,-1,
58,-98,89,94,79,-94,-61,-98,46,33,-80,4,-59,-2,66,-76,-77,87,-27,44,1,
59,-94,92,99,77,-95,-57,-96,48,37,-84,12,-54,0,66,-76,-69,89,-25,46,1,
-58,-28,24,-72,-27,27,-59,-39,-65,-43,27,-15,-59,-43,92,-92,-16,50,-89,95,-1,
-65,-26,22,-65,-31,22,-58,-35,-61,-40,22,-13,-66,-36,90,-92,-8,54,-84,89,-1,
-41,-36,21,-82,-62,93,72,-64,90,-63,-27,-25,53,-83,-69,-75,15,38,-68,87,-1,
56,-100,95,96,78,-90,-61,-95,40,40,-82,9,-56,1,66,-74,-68,89,-24,46,1,
20,49,-4,-72,19,34,64,-95,81,62,-48,91,71,-40,91,-36,-28,-49,62,72,-1,
-58,-27,21,-66,-28,31,-62,-36,-65,-43,31,-15,-60,-42,93,-88,-13,48,-91,93,-1,
50,-94,90,96,76,-97,-59,-101,43,35,-83,3,-57,-1,70,-79,-72,86,-26,46,1,
54,-94,89,90,78,-91,-59,-92,40,34,-79,2,-59,0,65,-80,-71,92,-27,39,1,
-40,-31,18,-81,-60,88,74,-67,91,-62,-24,-24,51,-83,-70,-75,13,36,-66,87,-1,
30,55,2,-70,26,43,71,-85,88,68,-35,96,82,-28,103,-29,-16,-43,71,80,-1,
21,53,-3,-75,22,41,63,-91,84,66,-42,96,73,-30,91,-33,-29,-46,71,74,-1,
-60,-26,22,-65,-28,27,-60,-39,-60,-44,30,-14,-60,-39,94,-86,-13,50,-87,97,-1,
-63,-24,25,-61,-28,27,-54,-35,-60,-37,24,-8,-59,-37,96,-91,-8,54,-85,96,-1,
79,78,-80,-24,-58,72,-56,54,83,11,36,-48,56,-11,25,75,-84,61,-20,-35,-1,
-38,-34,21,-83,-64,93,71,-66,91,-67,-25,-21,48,-82,-64,-74,10,38,-66,87,-1,
-56,-31,26,-61,-28,19,-52,-40,-60,-39,31,-11,-62,-38,99,-83,-8,55,-84,95,-1,
52,-96,91,94,77,-95,-62,-99,48,29,-80,7,-58,1,65,-80,-69,89,-31,44,1,
-36,-33,21,-77,-68,91,68,-59,90,-64,-22,-26,48,-80,-61,-75,14,34,-61,86,-1,
53,-96,92,94,81,-95,-60,-96,46,33,-80,8,-59,2,63,-74,-68,89,-22,40,1,
21,54,-3,-72,18,42,66,-90,83,63,-46,92,74,-31,91,-35,-23,-47,62,78,-1,
79,79,-85,-21,-56,74,-53,58,81,15,37,-49,56,-12,28,76,-87,55,-13,-39,-1,
-38,-31,24,-79,-58,87,76,-65,94,-64,-18,-23,49,-80,-65,-70,16,41,-67,92,-1,
-66,-26,24,-65,-28,24,-58,-40,-65,-39,22,-16,-68,-36,90,-89,-14,48,-89,89,-1,
78,74,-87,-22,-65,70,-55,50,82,4,37,-55,53,-19,25,68,-92,56,-21,-39,-1,
-43,-38,17,-76,-65,91,69,-68,90,-69,-27,-27,52,-83,-66,-79,13,38,-71,87,-1,
-39,-27,20,-82,-59,90,74,-63,97,-65,-18,-19,53,-84,-64,-71,18,37,-70,97,-1,
-61,-25,25,-59,-32,25,-57,-35,-63,-32,25,-14,-61,-35,96,-94,-7,54,-92,92,-1,
25,53,-2,-68,19,41,65,-88,84,66,-43,92,73,-36,93,-33,-24,-45,64,76,-1,
56,-94,94,99,77,-88,-62,-99,46,35,-78,10,-55,-3,72,-78,-68,87,-25,45,1,
79,78,-85,-24,-55,68,-56,52,82,12,34,-51,58,-20,27,79,-85,55,-16,-36,-1,
20,56,2,-69,18,42,67,-88,90,68,-39,97,79,-31,94,-25,-23,-43,66,79,-1,
78,81,-76,-22,-54,70,-55,54,85,11,34,-47,61,-16,29,72,-87,60,-19,-41,-1,
-58,-23,27,-66,-30,28,-57,-36,-60,-35,29,-6,-64,-41,98,-90,-8,48,-86,100,-1,
61,-97,93,98,79,-90,-61,-94,48,33,-82,12,-56,1,65,-78,-69,91,-27,48,1,
52,-97,95,92,74,-95,-63,-102,45,35,-81,7,-54,-5,67,-75,-75,91,-22,40,1,
-39,-27,17,-75,-62,89,75,-64,97,-60,-23,-23,51,-82,-65,-76,15,41,-64,91,-1,
53,-102,90,93,74,-93,-63,-103,39,30,-85,7,-64,0,63,-83,-70,86,-32,42,1,
55,-101,95,91,76,-94,-59,-99,42,39,-82,7,-59,0,68,-78,-72,88,-29,46,1,
53,-90,94,97,79,-89,-59,-95,45,34,-79,10,-60,3,68,-77,-65,91,-26,49,1,
82,77,-82,-22,-63,70,-55,54,78,3,36,-50,58,-17,27,70,-92,53,-17,-42,-1,
79,81,-87,-22,-56,71,-54,50,81,14,37,-52,55,-17,27,77,-87,53,-16,-37,-1,
57,-96,92,98,78,-90,-58,-98,50,33,-75,8,-58,-3,66,-77,-68,91,-25,46,1,
-46,-31,22,-85,-64,89,69,-67,92,-63,-23,-29,49,-86,-67,-75,12,37,-71,81,-1,
23,49,0,-74,24,39,67,-94,86,65,-44,96,71,-31,89,-29,-26,-47,65,78,-1,
20,55,-6,-76,20,42,62,-90,86,62,-38,91,77,-38,96,-34,-22,-53,69,75,-1,
-49,-28,15,-81,-62,91,68,-71,96,-70,-24,-23,47,-81,-69,-78,12,37,-66,80,-1,
-42,-34,22,-80,-63,93,67,-65,90,-64,-26,-26,50,-82,-69,-70,11,36,-63,81,-1,
-60,-26,28,-62,-27,23,-60,-31,-61,-37,19,-12,-64,-33,94,-90,-6,54,-86,91,-1,
51,-97,97,95,81,-90,-62,-97,44,35,-77,11,-59,-2,68,-75,-69,90,-27,46,1,
-40,-34,19,-78,-64,90,74,-67,93,-61,-29,-26,46,-79,-69,-77,15,35,-66,83,-1,
22,52,-8,-69,17,39,62,-92,86,60,-47,92,74,-38,93,-35,-27,-47,63,76,-1,
57,-101,99,95,82,-89,-57,-93,45,36,-75,9,-61,0,66,-78,-63,87,-22,48,1,
-56,-30,19,-61,-24,25,-52,-36,-59,-36,31,-13,-58,-36,94,-90,-9,53,-86,92,-1,
-40,-34,18,-79,-65,89,72,-68,97,-70,-23,-23,47,-82,-62,-77,12,35,-67,86,-1,
25,58,-3,-72,17,40,66,-92,83,68,-46,94,76,-31,95,-35,-23,-49,69,73,-1,
-42,-35,17,-82,-60,90,66,-68,89,-64,-24,-28,52,-83,-70,-76,14,37,-68,83,-1,
-61,-25,28,-62,-26,31,-52,-33,-62,-32,28,-6,-63,-32,96,-82,-8,54,-82,93,-1,
55,-101,92,94,79,-94,-62,-99,45,31,-80,9,-63,0,67,-79,-72,86,-32,45,1,
57,-94,96,91,82,-91,-61,-101,46,33,-81,9,-60,-2,66,-74,-72,89,-24,48,1,
52,-98,84,90,73,-95,-65,-95,43,31,-82,3,-59,-6,58,-79,-76,85,-33,42,1,
-41,-30,22,-79,-63,90,74,-69,88,-65,-23,-23,50,-78,-64,-73,10,35,-67,92,-1,
57,-101,92,89,81,-89,-63,-93,44,31,-76,5,-62,-3,61,-79,-71,87,-32,44,1,
22,47,-7,-72,19,39,60,-98,87,65,-47,98,70,-37,96,-38,-25,-55,71,76,-1,
79,72,-85,-22,-61,69,-56,53,78,4,35,-51,51,-13,24,66,-90,60,-20,-40,-1,
77,78,-86,-23,-63,71,-59,55,76,8,34,-51,58,-15,25,71,-89,56,-18,-39,-1,
76,74,-86,-19,-57,68,-50,50,80,9,32,-50,56,-17,26,70,-85,52,-13,-41,-1,
79,76,-82,-19,-55,76,-53,57,76,10,36,-48,57,-15,27,73,-91,61,-14,-36,-1,
27,57,0,-70,25,45,63,-87,84,71,-44,96,82,-34,93,-32,-21,-45,63,83,-1,
-41,-37,14,-80,-69,88,66,-64,88,-66,-29,-30,46,-85,-69,-77,7,35,-69,83,-1,
-41,-32,24,-78,-63,97,71,-70,93,-70,-24,-20,50,-80,-63,-71,13,38,-67,84,-1,
-54,-28,27,-66,-26,30,-55,-36,-60,-36,27,-8,-62,-38,97,-86,-11,52,-84,95,-1,
-45,-42,15,-88,-64,86,70,-66,89,-69,-29,-31,43,-88,-72,-83,13,32,-74,79,-1,
-42,-33,18,-83,-66,90,70,-65,91,-68,-22,-28,48,-85,-71,-76,11,36,-72,87,-1,
78,82,-90,-26,-54,59,-52,46,79,8,29,-45,48,-16,20,70,-90,52,-20,-41,-1,
25,47,-2,-69,17,40,62,-96,88,65,-45,97,78,-38,94,-34,-27,-46,62,77,-1,
81,78,-80,-25,-54,75,-56,54,79,12,40,-50,58,-16,28,76,-90,59,-14,-38,-1,
-64,-26,23,-66,-34,19,-57,-41,-65,-37,16,-14,-65,-45,95,-94,-12,49,-89,86,-1,
-59,-28,25,-65,-31,26,-57,-36,-63,-35,24,-14,-58,-39,91,-88,-10,52,-91,95,-1,
-67,-23,21,-65,-31,24,-64,-40,-65,-40,27,-13,-67,-40,90,-85,-19,51,-92,95,-1,
-44,-32,23,-81,-63,93,69,-67,96,-64,-25,-21,52,-83,-64,-76,14,38,-64,85,-1,
79,74,-84,-21,-61,71,-56,56,76,4,36,-56,54,-16,29,66,-92,57,-25,-38,-1,
18,57,-7,-69,22,39,62,-93,87,58,-47,97,73,-37,92,-30,-28,-48,64,71,-1,
74,75,-85,-22,-61,64,-56,51,80,12,33,-52,56,-21,29,74,-95,57,-18,-39,-1,
76,77,-84,-20,-61,65,-54,50,83,7,35,-52,55,-18,27,72,-91,58,-24,-38,-1,
79,76,-86,-26,-59,69,-60,57,74,9,34,-55,54,-16,23,70,-91,55,-21,-37,-1,
58,-90,93,101,79,-87,-60,-95,51,37,-80,14,-56,1,63,-75,-67,95,-26,46,1,
79,76,-81,-23,-55,72,-57,59,81,10,39,-45,55,-14,28,75,-86,64,-23,-35,-1,
-65,-28,18,-63,-39,28,-63,-41,-64,-40,23,-14,-60,-46,91,-89,-13,49,-96,91,-1,
55,-86,96,101,85,-88,-58,-95,50,34,-77,12,-56,-1,72,-78,-65,92,-23,46,1,
59,-100,93,95,80,-91,-61,-98,43,35,-84,11,-63,2,63,-79,-69,84,-31,46,1,
-38,-33,21,-81,-64,89,71,-67,94,-66,-28,-22,48,-78,-69,-74,15,36,-64,87,-1,
79,79,-82,-23,-53,71,-54,56,80,8,38,-52,58,-11,27,74,-90,56,-17,-42,-1,
28,55,-3,-70,22,44,66,-94,85,67,-45,95,75,-34,92,-29,-24,-50,70,80,-1,
-41,-37,20,-80,-63,89,75,-65,90,-63,-26,-26,50,-85,-67,-79,15,34,-68,88,-1,
78,75,-86,-27,-56,67,-61,56,72,12,32,-52,54,-20,27,69,-87,53,-19,-41,-1,
25,53,-2,-70,17,42,66,-87,84,65,-42,94,77,-33,95,-34,-24,-44,66,79,-1,
-37,-33,18,-80,-63,89,74,-70,95,-66,-25,-25,46,-84,-66,-77,10,38,-68,84,-1,
22,43,-1,-73,21,40,66,-96,90,61,-41,96,72,-31,91,-35,-27,-46,63,82,-1,
79,79,-81,-21,-56,75,-57,59,73,11,36,-50,57,-14,26,74,-92,57,-18,-39,-1,
77,75,-81,-20,-54,72,-55,54,79,13,38,-54,58,-19,28,78,-88,60,-21,-39,-1,
80,74,-84,-25,-55,72,-55,52,76,10,37,-52,54,-20,26,71,-94,60,-15,-40,-1,
-37,-31,22,-80,-60,87,75,-72,100,-64,-22,-21,49,-83,-63,-71,13,40,-69,92,-1,
79,72,-83,-27,-58,71,-58,48,75,8,34,-52,51,-19,24,73,-91,58,-22,-36,-1,
-39,-34,19,-85,-66,90,69,-66,90,-69,-27,-24,46,-82,-69,-78,11,32,-65,82,-1,
-67,-30,23,-67,-31,27,-60,-41,-67,-44,23,-11,-64,-43,92,-90,-15,46,-90,91,-1,
25,53,2,-71,20,38,68,-89,84,68,-41,97,74,-28,96,-29,-23,-45,72,73,-1,
-66,-29,23,-61,-32,23,-53,-42,-64,-40,30,-15,-65,-45,93,-84,-17,49,-92,94,-1,
-40,-37,18,-82,-66,91,66,-64,92,-63,-26,-30,46,-82,-64,-81,13,35,-67,84,-1,
-42,-28,19,-80,-58,92,72,-66,95,-61,-23,-23,49,-86,-67,-72,14,40,-68,84,-1,
56,-93,92,101,81,-91,-61,-93,48,31,-81,13,-57,2,65,-79,-67,91,-27,45,1,
25,54,-3,-73,18,38,67,-92,80,65,-47,93,74,-35,94,-32,-25,-50,66,75,-1,
-39,-31,21,-76,-62,89,74,-63,92,-65,-23,-20,45,-80,-63,-75,16,38,-65,85,-1,
-65,-27,24,-62,-30,28,-57,-35,-67,-36,26,-15,-61,-39,95,-92,-11,49,-92,96,-1,
26,51,-3,-70,12,39,63,-95,84,62,-43,96,72,-37,94,-38,-25,-50,70,70,-1,
-61,-32,25,-66,-29,25,-60,-39,-62,-39,24,-19,-61,-36,91,-89,-14,55,-92,94,-1,
-65,-30,24,-70,-30,21,-61,-42,-67,-39,27,-10,-68,-40,93,-90,-16,48,-89,90,-1,
52,-97,85,93,73,-93,-66,-98,40,31,-81,6,-62,-5,64,-78,-73,83,-28,43,1,
-60,-30,24,-63,-26,24,-57,-35,-62,-41,26,-11,-64,-37,90,-87,-10,53,-89,97,-1,
-56,-24,26,-68,-32,27,-59,-38,-66,-34,28,-13,-63,-38,96,-86,-12,56,-91,96,-1,
-68,-30,18,-72,-33,23,-63,-42,-65,-40,24,-11,-68,-44,89,-93,-18,47,-89,90,-1,
-37,-28,25,-72,-59,94,81,-61,91,-59,-19,-23,50,-77,-62,-69,15,43,-65,89,-1,
-53,-21,26,-63,-23,30,-59,-33,-57,-42,33,-11,-58,-40,96,-90,-12,53,-88,99,-1,
24,48,-3,-74,18,40,65,-100,89,63,-46,94,71,-33,91,-38,-25,-52,66,73,-1,
-43,-34,20,-83,-59,85,71,-69,88,-62,-22,-28,50,-85,-71,-80,16,35,-69,85,-1,
-41,-32,17,-75,-63,87,74,-63,89,-63,-24,-25,47,-77,-74,-71,13,34,-63,88,-1,
-69,-27,21,-59,-29,23,-55,-36,-63,-37,24,-13,-67,-37,89,-92,-10,50,-90,86,-1,
-42,-34,20,-82,-66,94,65,-65,91,-68,-22,-32,51,-80,-68,-73,12,33,-66,82,-1,
56,-99,96,94,77,-91,-59,-95,45,34,-78,9,-54,0,70,-81,-65,90,-29,48,1,
79,74,-84,-18,-59,70,-54,56,79,7,36,-53,58,-19,30,68,-89,59,-17,-37,-1,
16,54,-3,-79,19,38,58,-94,84,64,-47,96,72,-35,91,-36,-30,-51,62,68,-1,
80,78,-87,-18,-56,70,-56,59,77,13,35,-48,52,-12,30,70,-86,55,-18,-36,-1,
56,-97,96,94,77,-92,-57,-97,43,39,-79,7,-57,2,65,-77,-67,86,-25,46,1,
51,-99,88,90,72,-95,-61,-101,34,32,-88,6,-62,-7,66,-87,-69,84,-29,39,1,
21,59,-5,-72,21,44,62,-89,86,66,-42,95,75,-32,97,-36,-19,-53,70,80,-1,
-58,-28,26,-66,-30,26,-60,-36,-60,-36,25,-10,-69,-35,97,-85,-17,56,-85,93,-1,
-39,-33,25,-82,-61,88,72,-64,95,-64,-23,-26,48,-83,-62,-80,15,36,-64,85,-1,
25,57,0,-70,24,43,69,-88,91,66,-37,95,79,-28,97,-30,-18,-46,67,79,-1,
52,-90,100,93,84,-91,-57,-95,46,38,-80,7,-55,0,72,-80,-67,88,-18,42,1,
-60,-28,22,-68,-34,30,-58,-40,-63,-42,27,-14,-62,-42,95,-92,-12,48,-89,95,-1,
25,50,-4,-75,25,38,66,-99,92,60,-38,94,77,-32,93,-41,-20,-50,68,73,-1,
-41,-29,20,-81,-66,90,70,-69,97,-69,-22,-25,48,-86,-62,-76,13,33,-68,86,-1,
79,79,-87,-20,-58,71,-57,53,75,9,33,-53,57,-17,28,67,-89,54,-20,-37,-1,
73,79,-83,-25,-57,72,-57,50,79,9,32,-46,51,-13,24,71,-90,56,-14,-45,-1,
81,83,-86,-16,-56,73,-48,54,83,15,33,-42,56,-12,27,79,-89,56,-15,-34,-1,
-34,-31,19,-77,-66,91,72,-66,94,-64,-27,-27,44,-84,-67,-75,16,33,-68,83,-1,
82,76,-86,-25,-58,74,-59,58,78,12,40,-54,57,-18,25,79,-94,57,-18,-38,-1,
-60,-25,25,-63,-25,24,-56,-38,-59,-38,29,-12,-63,-35,96,-86,-12,50,-83,97,-1,
-40,-28,22,-76,-61,89,73,-63,95,-57,-20,-27,51,-84,-69,-68,17,39,-66,87,-1,
55,-97,100,90,80,-95,-58,-94,40,35,-84,11,-57,2,65,-77,-67,85,-23,42,1,
53,-99,91,94,76,-93,-66,-92,44,36,-82,9,-58,2,66,-76,-67,81,-28,52,1,
-39,-29,19,-76,-64,90,71,-63,89,-58,-24,-26,49,-79,-69,-71,14,38,-65,86,-1,
-39,-32,21,-81,-59,87,74,-68,96,-65,-23,-23,46,-85,-64,-75,13,37,-66,86,-1,
26,52,0,-71,22,42,62,-89,88,68,-35,96,74,-32,95,-36,-23,-46,73,73,-1,
-35,-31,22,-79,-55,95,73,-61,95,-59,-24,-17,51,-78,-64,-67,18,40,-61,90,-1,
-66,-31,21,-67,-34,21,-60,-40,-67,-43,23,-14,-63,-39,90,-88,-13,52,-89,90,-1,
72,80,-92,-22,-62,72,-59,49,75,8,35,-58,56,-20,27,70,-90,51,-19,-40,-1,
22,50,-3,-76,18,44,57,-90,83,69,-46,96,73,-37,96,-37,-26,-53,67,73,-1,
81,76,-86,-21,-57,78,-53,52,77,12,32,-48,61,-19,25,74,-88,56,-9,-39,-1,
83,77,-79,-19,-56,71,-49,56,83,10,38,-45,57,-12,29,72,-88,61,-18,-34,-1,
55,-94,87,98,77,-93,-63,-95,46,38,-84,9,-57,0,64,-79,-66,84,-23,44,1,
-40,-36,24,-80,-56,89,75,-65,90,-61,-24,-26,53,-84,-66,-74,19,35,-66,89,-1,
52,-94,90,92,82,-96,-61,-97,44,25,-82,7,-62,0,62,-79,-70,88,-29,42,1,
54,-94,94,95,80,-93,-57,-99,45,34,-86,15,-64,-2,68,-82,-69,89,-28,39,1,
77,75,-87,-22,-57,67,-53,56,78,10,31,-46,53,-15,23,73,-92,55,-16,-38,-1,
84,81,-78,-21,-50,80,-52,57,82,16,38,-45,61,-14,30,76,-87,64,-11,-34,-1,
24,50,0,-75,21,44,63,-91,87,66,-45,98,70,-34,94,-33,-27,-50,68,77,-1,
-41,-33,16,-78,-65,93,67,-65,92,-66,-26,-23,47,-79,-70,-70,8,39,-64,85,-1,
-64,-27,22,-67,-27,25,-57,-36,-62,-43,31,-11,-63,-43,91,-89,-9,52,-85,92,-1,
-57,-32,26,-74,-29,23,-60,-37,-66,-36,29,-12,-62,-43,97,-91,-13,49,-86,94,-1,
21,44,-2,-72,14,37,66,-96,80,63,-48,88,72,-40,89,-37,-27,-53,61,79,-1,
-39,-36,27,-82,-60,91,75,-66,90,-60,-22,-24,52,-83,-61,-79,17,33,-62,86,-1,
-40,-33,19,-78,-63,92,70,-65,95,-65,-24,-22,52,-84,-63,-78,18,34,-66,86,-1,
-63,-28,25,-64,-32,23,-53,-38,-59,-34,28,-10,-61,-42,94,-85,-14,55,-88,98,-1,
77,79,-85,-22,-59,64,-51,51,86,6,39,-51,58,-18,30,72,-87,59,-19,-34,-1,
21,51,-3,-71,14,37,66,-98,89,64,-46,96,74,-34,95,-33,-27,-50,64,73,-1,
19,57,-8,-68,20,42,61,-92,89,64,-44,95,79,-33,93,-31,-26,-47,65,82,-1,
-47,-29,13,-82,-66,85,66,-70,93,-68,-24,-24,45,-87,-73,-74,10,35,-69,82,-1,
57,-104,90,92,79,-96,-63,-95,47,34,-81,7,-60,-3,64,-76,-81,89,-30,41,1,
-59,-31,30,-69,-24,26,-59,-37,-62,-36,24,-14,-61,-40,100,-95,-9,46,-85,95,-1,
-63,-32,24,-63,-33,25,-60,-38,-64,-43,25,-8,-62,-41,95,-87,-14,54,-91,100,-1,
-45,-29,20,-81,-64,90,70,-70,96,-63,-26,-23,48,-81,-69,-77,15,38,-68,86,-1,
53,-100,87,91,77,-95,-64,-101,43,30,-86,5,-63,-6,62,-84,-75,85,-33,40,1,
80,78,-81,-22,-58,76,-57,59,82,14,41,-52,60,-11,30,80,-89,60,-15,-35,-1,
49,-93,93,93,78,-91,-62,-94,48,40,-78,5,-55,-4,67,-77,-74,94,-25,41,1,
-42,-26,16,-74,-60,89,71,-61,88,-60,-19,-23,50,-81,-67,-69,17,43,-70,88,-1,
-41,-38,21,-90,-63,88,69,-62,87,-70,-20,-24,52,-88,-68,-73,10,34,-69,89,-1,
-66,-27,20,-61,-30,25,-57,-42,-61,-38,24,-9,-62,-39,97,-87,-12,48,-86,97,-1,
62,-97,101,99,85,-88,-57,-92,51,37,-75,15,-57,6,69,-74,-62,90,-21,48,1,
78,80,-89,-24,-57,65,-56,53,85,7,35,-47,57,-18,26,73,-91,56,-13,-42,-1,
78,71,-88,-21,-63,73,-54,51,78,8,30,-48,52,-18,20,72,-96,59,-18,-38,-1,
60,-94,95,97,86,-86,-59,-94,46,38,-74,9,-58,3,70,-73,-67,91,-23,49,1,
-40,-34,19,-77,-64,92,73,-67,92,-62,-26,-27,50,-81,-68,-75,11,39,-66,84,-1,
-60,-27,25,-60,-28,26,-55,-35,-62,-36,26,-14,-58,-35,96,-86,-7,51,-86,93,-1,
55,-93,93,97,77,-90,-60,-96,43,37,-82,10,-57,-2,67,-79,-67,88,-22,44,1,
-65,-27,20,-63,-35,24,-56,-42,-63,-39,22,-10,-63,-46,92,-92,-16,49,-92,92,-1,
23,43,-7,-75,14,35,64,-108,85,60,-52,95,69,-34,87,-38,-30,-55,65,73,-1,
-43,-28,19,-77,-63,95,72,-67,95,-61,-25,-20,52,-79,-64,-77,16,34,-65,87,-1,
-39,-29,24,-78,-61,98,74,-62,96,-59,-27,-20,53,-81,-66,-73,19,37,-62,86,-1,
28,54,5,-67,25,42,66,-86,86,70,-35,97,75,-28,92,-29,-24,-42,70,75,-1,
24,55,1,-74,23,45,63,-86,90,73,-37,100,72,-25,100,-36,-20,-49,72,76,-1,
57,-96,88,93,79,-89,-65,-93,40,29,-82,8,-61,-1,60,-80,-71,88,-31,44,1,
55,-95,98,93,76,-90,-58,-98,43,39,-84,8,-57,-3,70,-83,-69,86,-24,44,1,
51,-96,92,94,75,-90,-66,-97,48,31,-79,11,-65,-4,69,-82,-76,88,-30,42,1,
-42,-28,22,-79,-64,95,71,-64,94,-61,-22,-27,53,-82,-63,-76,17,35,-68,85,-1,
-58,-25,29,-60,-27,36,-56,-28,-62,-36,32,-6,-57,-37,98,-83,-8,53,-86,93,-1,
-36,-34,22,-77,-61,91,74,-63,92,-64,-22,-25,48,-81,-64,-75,18,36,-67,89,-1,
27,47,-1,-68,24,40,64,-93,91,63,-36,92,77,-35,94,-39,-22,-46,66,75,-1,
-59,-30,23,-67,-29,25,-59,-34,-68,-38,29,-11,-64,-41,95,-88,-13,50,-88,91,-1,
24,57,0,-67,21,41,66,-90,85,66,-43,95,74,-30,96,-31,-25,-50,70,79,-1,
76,71,-89,-30,-58,69,-59,55,74,8,29,-51,54,-23,22,69,-91,54,-15,-41,-1,
76,74,-87,-22,-60,70,-53,50,78,7,32,-51,52,-21,28,70,-90,54,-19,-39,-1,
79,77,-89,-20,-53,72,-54,57,76,15,31,-50,53,-17,25,72,-87,52,-17,-42,-1,
80,75,-82,-21,-57,65,-57,52,81,8,36,-49,57,-22,27,72,-88,59,-24,-39,-1,
-63,-23,24,-64,-31,27,-58,-35,-63,-41,29,-12,-60,-41,92,-88,-12,53,-90,95,-1,
54,-90,94,98,78,-91,-56,-93,49,35,-78,10,-54,0,69,-81,-65,89,-27,45,1,
26,48,0,-76,17,45,66,-93,86,65,-45,96,75,-34,91,-32,-20,-51,66,77,-1,
82,71,-87,-24,-57,64,-55,50,75,6,30,-52,52,-22,25,67,-95,56,-18,-41,-1,
57,-98,93,93,75,-93,-62,-98,45,32,-81,6,-54,-1,62,-77,-69,88,-28,48,1,
-61,-26,21,-60,-32,27,-56,-37,-60,-39,29,-9,-61,-40,93,-87,-8,51,-88,89,-1,
81,76,-86,-26,-56,69,-57,56,80,9,36,-50,52,-16,28,74,-96,56,-16,-42,-1,
82,78,-82,-18,-55,72,-52,58,83,16,34,-44,54,-12,28,74,-87,59,-13,-35,-1,
-37,-29,25,-75,-60,98,74,-67,96,-55,-24,-24,53,-80,-62,-70,15,37,-62,86,-1,
24,48,-2,-73,17,36,64,-96,84,65,-47,91,74,-36,91,-33,-26,-51,63,73,-1,
80,78,-82,-23,-54,68,-53,53,80,10,35,-46,58,-20,27,69,-89,63,-19,-34,-1,
59,-93,99,94,83,-88,-59,-96,45,36,-79,12,-60,5,74,-74,-68,88,-21,49,1,
56,-101,97,93,75,-87,-64,-97,44,32,-78,8,-60,-3,70,-85,-69,88,-27,42,1,
-43,-33,25,-82,-60,90,72,-68,93,-60,-30,-22,48,-83,-68,-77,17,31,-64,80,-1,
-57,-29,26,-64,-29,28,-57,-36,-58,-41,26,-9,-61,-41,99,-95,-8,48,-83,93,-1,
79,75,-85,-23,-60,67,-54,54,81,10,32,-48,54,-15,25,72,-88,52,-17,-39,-1,
22,51,-4,-74,22,42,58,-91,89,65,-43,94,73,-37,92,-30,-28,-50,63,72,-1,
83,80,-81,-22,-54,74,-57,57,83,12,34,-47,58,-10,27,74,-86,61,-18,-40,-1,
74,78,-83,-19,-59,76,-53,50,75,13,36,-52,56,-17,28,76,-91,54,-17,-37,-1,
26,47,-2,-74,12,40,64,-96,83,69,-47,90,72,-36,92,-36,-31,-49,63,73,-1,
79,79,-84,-16,-58,78,-48,52,83,12,36,-48,60,-13,26,76,-89,61,-11,-36,-1,
-41,-33,19,-81,-63,93,70,-76,93,-62,-27,-28,51,-81,-68,-76,8,36,-67,84,-1,
23,48,0,-70,21,42,68,-89,85,60,-43,93,72,-35,98,-30,-31,-49,65,80,-1,
-39,-25,13,-78,-62,90,72,-68,101,-68,-22,-19,48,-80,-63,-75,12,39,-65,88,-1,
27,55,4,-70,20,44,70,-89,84,69,-46,97,78,-36,97,-35,-23,-46,70,75,-1,
26,53,-1,-70,19,43,67,-93,89,69,-40,94,76,-30,95,-32,-25,-47,67,72,-1,
-35,-29,23,-77,-57,94,76,-68,101,-65,-19,-22,55,-80,-64,-71,17,39,-61,92,-1,
82,75,-80,-21,-53,73,-54,61,85,14,42,-46,59,-16,28,80,-88,65,-17,-35,-1,
21,58,-1,-72,21,40,68,-90,88,63,-46,99,71,-32,95,-31,-21,-47,71,76,-1,
58,-95,97,98,79,-89,-57,-96,46,39,-75,8,-53,1,71,-75,-68,90,-26,48,1,
56,-91,94,95,82,-92,-59,-91,48,32,-77,8,-52,1,71,-76,-67,93,-23,47,1,
-63,-26,27,-67,-29,28,-57,-35,-63,-38,26,-13,-62,-43,96,-88,-10,48,-84,94,-1,
-57,-32,25,-71,-35,24,-61,-36,-70,-39,30,-21,-64,-45,97,-92,-13,49,-92,92,-1,
52,-95,92,94,78,-93,-61,-95,44,34,-81,6,-54,-3,66,-80,-71,86,-28,41,1,
49,-96,94,89,76,-93,-61,-102,43,31,-78,4,-59,-5,67,-82,-68,87,-31,45,1,
21,51,-4,-74,19,42,62,-92,85,66,-47,94,71,-36,89,-29,-30,-47,67,75,-1,
-38,-32,22,-84,-63,91,72,-62,94,-64,-22,-24,51,-84,-65,-73,13,40,-64,88,-1,
-43,-36,22,-85,-61,89,70,-66,90,-67,-22,-25,52,-82,-66,-75,10,33,-62,84,-1,
23,54,-6,-70,19,43,62,-92,87,60,-41,95,75,-33,91,-27,-29,-48,70,76,-1,
25,52,-2,-71,25,37,66,-94,85,63,-42,94,73,-27,90,-35,-29,-46,65,76,-1,
74,74,-85,-24,-53,68,-57,51,78,11,33,-51,54,-22,26,74,-93,56,-16,-44,-1,
-35,-34,22,-84,-63,93,71,-65,94,-61,-29,-22,49,-86,-67,-72,14,32,-65,85,-1,
71,77,-88,-22,-63,67,-58,52,76,9,28,-55,52,-18,26,68,-92,52,-25,-42,-1,
79,71,-80,-24,-59,70,-55,52,82,8,29,-52,57,-13,22,70,-88,57,-16,-40,-1,
-64,-24,23,-60,-31,29,-58,-37,-59,-38,27,-6,-63,-33,94,-87,-11,52,-83,89,-1,
60,-101,95,97,75,-90,-62,-96,45,35,-83,11,-58,1,60,-78,-70,88,-27,43,1,
23,55,5,-73,20,46,65,-87,88,68,-39,101,79,-26,100,-36,-24,-45,67,80,-1,
54,-92,93,93,80,-87,-66,-95,43,34,-80,9,-63,2,66,-79,-66,82,-25,48,1,
-39,-38,17,-79,-64,92,69,-69,91,-66,-26,-23,51,-81,-69,-75,11,36,-66,87,-1,
-63,-26,21,-64,-34,26,-62,-40,-59,-38,19,-12,-67,-35,91,-95,-17,52,-91,92,-1,
55,-96,97,93,80,-91,-58,-95,45,37,-79,10,-61,0,71,-81,-68,86,-26,47,1,
82,77,-85,-27,-56,70,-57,56,77,12,33,-48,56,-16,25,73,-86,54,-16,-37,-1,
57,-96,91,95,78,-89,-62,-91,41,34,-78,8,-57,-4,66,-78,-67,88,-25,45,1,
18,51,-6,-73,18,40,61,-92,86,58,-46,94,75,-37,93,-32,-28,-50,61,76,-1,
-61,-20,23,-62,-35,28,-57,-39,-61,-38,26,-17,-58,-37,92,-88,-13,55,-92,96,-1,
73,74,-89,-25,-60,66,-60,49,74,9,27,-54,53,-23,24,65,-94,56,-25,-43,-1,
-67,-35,24,-69,-29,15,-62,-41,-67,-42,27,-18,-68,-39,90,-93,-10,47,-89,89,-1,
-61,-32,23,-66,-34,28,-61,-39,-65,-39,23,-12,-63,-45,93,-89,-13,50,-95,95,-1,
74,79,-86,-29,-61,75,-58,51,74,7,32,-54,52,-14,20,74,-95,55,-22,-42,-1,
52,-98,90,93,78,-94,-66,-95,40,31,-83,6,-60,0,66,-81,-74,82,-31,45,1,
-67,-27,24,-64,-30,25,-53,-39,-65,-39,27,-14,-62,-37,91,-86,-9,52,-87,93,-1,
22,55,-7,-74,23,34,62,-96,84,66,-47,97,72,-38,90,-31,-25,-46,69,69,-1,
21,54,-3,-75,23,37,65,-96,82,66,-48,93,73,-34,94,-38,-26,-56,65,77,-1,
25,53,-3,-69,18,43,68,-88,91,66,-41,95,80,-38,98,-28,-19,-41,64,76,-1,
26,50,-2,-74,21,40,62,-91,83,69,-41,95,77,-39,94,-35,-24,-46,69,76,-1,
-40,-36,26,-82,-64,95,73,-63,95,-64,-26,-29,53,-81,-67,-78,16,33,-60,87,-1,
-70,-27,16,-64,-39,28,-61,-39,-64,-41,23,-16,-64,-45,87,-92,-17,53,-94,87,-1,
58,-96,91,95,84,-95,-54,-99,50,39,-80,5,-59,-2,68,-78,-71,85,-22,44,1,
-42,-28,24,-76,-61,96,74,-63,95,-60,-18,-22,55,-79,-64,-74,15,39,-60,87,-1,
23,53,0,-75,19,43,62,-93,90,68,-44,100,74,-31,95,-32,-24,-50,67,75,-1,
55,-104,90,96,73,-92,-63,-104,40,32,-84,6,-59,-6,63,-83,-74,89,-34,40,1,
-38,-33,22,-78,-64,93,76,-66,96,-66,-21,-27,47,-80,-65,-76,13,35,-66,84,-1,
-68,-23,17,-62,-31,24,-63,-39,-61,-45,25,-17,-63,-37,85,-94,-12,51,-91,88,-1,
-67,-28,16,-65,-35,21,-63,-42,-67,-44,18,-16,-62,-44,83,-90,-15,49,-98,90,-1,
80,74,-80,-24,-57,73,-50,55,80,6,38,-56,52,-11,20,74,-90,55,-22,-39,-1,
-64,-26,18,-62,-33,29,-57,-39,-64,-40,26,-10,-59,-44,91,-86,-13,51,-92,94,-1,
-34,-33,27,-82,-58,90,78,-69,99,-64,-23,-22,48,-84,-58,-74,17,35,-62,87,-1,
-42,-29,22,-72,-62,95,74,-65,95,-61,-22,-27,51,-80,-66,-74,18,44,-68,89,-1,
55,-97,100,89,81,-95,-56,-97,48,36,-83,10,-58,0,67,-80,-66,89,-24,41,1,
59,-99,94,90,78,-91,-60,-92,41,34,-82,7,-58,0,62,-79,-71,86,-27,43,1,
-61,-25,25,-64,-33,29,-55,-37,-61,-35,25,-13,-62,-38,97,-91,-8,49,-86,95,-1,
-45,-32,21,-85,-62,92,73,-66,98,-61,-27,-25,49,-79,-66,-84,18,34,-67,85,-1,
76,80,-84,-20,-58,74,-52,53,84,13,39,-53,60,-17,30,78,-91,57,-14,-36,-1,
-35,-37,24,-83,-58,90,71,-71,95,-60,-29,-21,50,-82,-65,-78,16,37,-63,87,-1,
-61,-28,23,-61,-30,17,-58,-43,-58,-43,26,-12,-64,-40,92,-91,-11,52,-89,91,-1,
19,52,-5,-76,17,37,60,-95,86,62,-46,95,69,-37,91,-35,-24,-49,65,70,-1,
22,52,-3,-73,20,40,62,-92,88,62,-40,96,75,-34,97,-34,-26,-50,63,73,-1,
-42,-32,17,-77,-62,92,70,-68,91,-64,-23,-28,50,-85,-65,-72,11,37,-70,84,-1,
74,79,-85,-25,-51,69,-55,51,81,11,33,-51,54,-14,24,78,-88,54,-13,-44,-1,
53,-100,91,94,76,-92,-63,-98,43,32,-80,6,-58,-3,66,-81,-71,88,-31,44,1,
-62,-26,21,-61,-34,26,-57,-40,-60,-37,27,-7,-59,-46,95,-87,-15,54,-91,92,-1,
52,-98,94,93,78,-94,-59,-100,43,34,-80,9,-57,-6,69,-77,-70,89,-27,42,1,
-44,-27,13,-77,-66,89,70,-70,94,-66,-27,-25,44,-80,-70,-75,13,38,-71,84,-1,
78,81,-82,-26,-56,68,-57,56,79,11,35,-52,58,-11,27,73,-86,55,-17,-37,-1,
53,-99,92,87,75,-95,-60,-103,44,36,-83,1,-57,-5,58,-77,-75,88,-30,42,1,
-64,-32,24,-67,-30,21,-60,-41,-65,-40,28,-10,-64,-43,93,-89,-12,49,-91,94,-1,
-41,-33,24,-81,-60,91,75,-65,92,-62,-24,-22,48,-77,-67,-73,14,33,-62,84,-1,
57,-92,96,95,79,-92,-56,-95,44,40,-84,10,-57,2,63,-76,-65,88,-19,45,1,
80,76,-85,-20,-60,74,-55,58,81,5,38,-50,51,-9,24,69,-90,62,-25,-38,-1,
-65,-31,20,-67,-35,26,-63,-33,-67,-40,30,-14,-68,-39,92,-89,-16,49,-89,90,-1,
79,73,-82,-23,-55,73,-52,51,78,9,29,-50,51,-14,22,71,-88,54,-14,-42,-1,
-63,-27,24,-61,-28,23,-55,-40,-64,-38,28,-13,-62,-36,94,-94,-12,51,-93,97,-1,
79,76,-84,-24,-61,75,-58,53,83,14,32,-51,53,-13,21,73,-89,58,-19,-39,-1,
-41,-33,21,-79,-58,89,77,-69,99,-62,-22,-23,49,-78,-66,-80,18,40,-66,89,-1,
82,78,-82,-22,-54,73,-53,56,77,12,39,-48,53,-17,28,72,-92,58,-17,-40,-1,
57,-96,93,98,77,-89,-57,-94,43,34,-80,11,-61,-1,66,-80,-74,94,-29,44,1,
23,52,-2,-70,22,43,64,-91,85,63,-45,95,74,-33,89,-32,-25,-44,65,81,-1,
26,43,3,-76,20,40,67,-96,85,63,-46,98,67,-34,91,-31,-31,-50,67,71,-1,
23,56,-7,-72,15,45,63,-90,86,65,-46,94,74,-34,95,-30,-26,-49,67,77,-1,
28,56,-2,-65,20,43,70,-87,90,67,-40,95,77,-32,100,-32,-21,-40,70,79,-1,
-37,-29,21,-78,-63,92,73,-65,96,-63,-23,-23,48,-83,-64,-76,18,37,-67,87,-1,
56,-97,93,94,80,-89,-58,-92,44,43,-78,4,-56,-1,66,-78,-69,88,-23,41,1,
81,80,-81,-24,-58,70,-53,53,72,10,39,-48,50,-11,30,71,-90,52,-15,-36,-1,
-63,-28,21,-66,-31,24,-59,-40,-60,-44,25,-16,-62,-39,88,-91,-14,49,-86,88,-1,
-41,-34,21,-78,-62,93,75,-73,95,-64,-27,-26,49,-80,-67,-72,12,39,-71,85,-1,
-63,-31,24,-66,-29,21,-61,-36,-69,-39,29,-16,-64,-38,93,-89,-13,53,-92,90,-1,
51,-97,88,96,77,-92,-65,-99,45,34,-78,2,-57,-4,67,-80,-71,89,-29,44,1,
23,51,0,-75,24,41,64,-90,88,66,-42,97,74,-36,95,-31,-25,-48,64,71,-1,
77,77,-81,-28,-53,72,-55,51,76,9,33,-54,52,-14,24,68,-89,54,-15,-43,-1,
79,76,-83,-24,-60,68,-57,54,82,12,32,-49,57,-17,26,71,-89,55,-15,-38,-1,
77,78,-84,-22,-53,70,-52,55,80,13,33,-44,57,-16,27,73,-86,59,-14,-37,-1,
22,48,-5,-76,20,39,64,-95,84,62,-43,92,70,-31,88,-37,-24,-50,64,79,-1,
-39,-34,24,-82,-65,93,71,-61,92,-60,-29,-20,46,-78,-67,-70,11,39,-64,86,-1,
-34,-30,25,-77,-65,94,71,-58,94,-60,-21,-23,51,-75,-62,-68,14,39,-60,90,-1,
25,55,-3,-70,20,41,64,-92,84,66,-44,97,77,-37,92,-31,-25,-46,67,78,-1,
-64,-29,25,-65,-28,27,-60,-35,-65,-38,27,-9,-70,-39,92,-90,-16,51,-90,89,-1,
-43,-35,19,-85,-66,89,68,-65,86,-66,-27,-26,50,-84,-72,-71,7,36,-68,85,-1,
22,51,-3,-74,21,36,63,-99,83,64,-44,92,73,-31,91,-39,-28,-55,66,75,-1,
56,-94,95,95,75,-89,-61,-98,43,33,-79,10,-58,-1,66,-77,-66,86,-22,44,1,
-65,-22,31,-63,-23,28,-63,-29,-64,-35,24,-10,-64,-33,96,-85,-11,51,-86,97,-1,
85,78,-85,-24,-52,73,-54,58,81,9,37,-50,56,-14,27,69,-85,59,-17,-39,-1,
78,79,-87,-27,-55,76,-57,53,78,9,38,-50,57,-22,27,76,-94,61,-16,-39,-1,
21,55,-4,-78,19,41,66,-90,81,67,-47,94,73,-38,95,-35,-24,-47,70,73,-1,
52,-96,96,92,77,-86,-63,-96,42,29,-74,4,-59,-3,64,-81,-68,89,-29,44,1,
20,52,-4,-75,14,40,65,-92,81,60,-45,89,77,-36,92,-39,-27,-49,63,77,-1,
22,49,-2,-75,22,42,60,-93,82,67,-46,92,75,-34,91,-40,-29,-51,63,77,-1,
18,47,-4,-75,14,36,57,-93,83,62,-47,93,74,-38,92,-39,-28,-51,57,71,-1,
-38,-29,21,-79,-62,91,73,-64,95,-64,-25,-25,49,-80,-69,-74,18,36,-66,89,-1,
56,-99,96,95,77,-91,-57,-98,42,35,-82,9,-63,3,67,-81,-67,89,-24,45,1,
20,54,-3,-78,23,42,64,-90,85,65,-46,93,68,-31,89,-33,-25,-50,64,76,-1,
-36,-33,21,-79,-58,92,72,-65,93,-62,-22,-23,54,-80,-64,-74,17,36,-63,91,-1,
-34,-27,22,-79,-58,92,75,-64,97,-60,-20,-19,50,-77,-62,-68,14,40,-61,89,-1,
47,-97,92,88,78,-93,-63,-103,39,31,-83,2,-67,-5,65,-85,-74,80,-31,41,1,
56,-96,94,97,80,-92,-61,-95,44,35,-80,15,-60,-3,70,-76,-69,90,-23,42,1,
19,52,-3,-77,22,41,60,-93,82,64,-46,100,72,-37,96,-42,-25,-56,70,72,-1,
-60,-34,21,-71,-31,22,-60,-43,-69,-39,28,-17,-67,-45,93,-89,-17,46,-92,86,-1,
24,59,-3,-69,22,43,62,-89,85,71,-43,99,78,-34,95,-30,-23,-44,73,79,-1,
-45,-35,14,-77,-68,92,69,-63,88,-69,-27,-25,49,-79,-69,-74,10,37,-70,86,-1,
80,76,-87,-22,-56,71,-56,54,78,9,36,-50,61,-20,27,73,-94,60,-12,-38,-1,
17,53,-5,-75,17,38,60,-96,84,61,-51,98,72,-36,89,-38,-26,-50,62,73,-1,
80,74,-87,-22,-59,66,-53,52,77,8,34,-52,51,-23,24,72,-91,54,-26,-36,-1,
20,46,-4,-73,22,38,59,-95,88,65,-45,92,75,-37,88,-34,-27,-46,60,77,-1,
-39,-33,15,-81,-65,89,74,-67,89,-65,-32,-24,40,-80,-75,-75,14,35,-72,84,-1,
70,77,-91,-24,-62,67,-60,50,70,8,28,-53,51,-18,19,69,-92,50,-23,-44,-1,
-39,-32,17,-80,-66,97,68,-62,90,-64,-27,-23,51,-82,-70,-70,14,35,-66,87,-1,
79,75,-78,-24,-56,77,-58,57,77,8,37,-54,57,-15,28,67,-91,62,-21,-43,-1,
85,78,-84,-17,-55,70,-53,56,78,12,37,-47,54,-16,31,69,-85,59,-18,-31,-1,
83,82,-84,-16,-58,77,-55,61,81,13,36,-46,59,-11,31,76,-90,59,-15,-36,-1,
-41,-31,22,-78,-60,93,76,-66,96,-66,-23,-24,53,-79,-65,-82,20,36,-65,87,-1,
58,-99,90,94,79,-89,-63,-93,45,42,-80,8,-60,0,67,-79,-67,81,-25,46,1,
74,75,-88,-25,-60,70,-63,56,74,13,35,-53,54,-21,27,69,-91,57,-21,-41,-1,
-45,-38,18,-80,-68,89,68,-68,88,-62,-30,-31,50,-79,-76,-77,13,30,-66,83,-1,
57,-99,100,96,80,-90,-60,-98,49,36,-74,12,-58,0,69,-72,-69,93,-22,48,1,
-59,-29,24,-64,-31,31,-58,-34,-61,-37,26,-8,-62,-38,97,-88,-11,56,-87,96,-1,
82,76,-82,-19,-56,73,-53,56,82,12,37,-52,59,-19,33,70,-88,61,-15,-37,-1,
22,51,-5,-75,17,37,69,-97,79,63,-47,93,69,-34,91,-28,-31,-52,65,76,-1,
-65,-30,22,-64,-32,22,-56,-38,-61,-36,25,-17,-65,-40,88,-91,-13,48,-89,89,-1,
55,-97,97,94,77,-93,-57,-96,47,32,-78,9,-57,0,69,-82,-62,86,-27,48,1,
-39,-28,21,-78,-61,90,74,-64,94,-65,-19,-23,48,-79,-64,-74,16,34,-61,87,-1,
-36,-31,24,-79,-65,94,72,-64,91,-60,-24,-26,50,-84,-65,-76,13,36,-61,83,-1,
77,77,-79,-22,-57,81,-56,59,83,11,40,-53,59,-8,25,77,-91,66,-17,-38,-1,
82,81,-83,-18,-54,77,-55,60,78,17,35,-48,57,-16,32,73,-90,61,-16,-34,-1,
83,80,-85,-19,-56,73,-54,57,76,15,33,-50,53,-8,26,74,-87,54,-18,-34,-1,
55,-99,91,93,76,-95,-61,-95,42,35,-85,8,-57,-1,65,-83,-69,84,-30,44,1,
80,77,-81,-27,-55,74,-61,54,74,11,36,-50,56,-17,25,69,-86,58,-17,-42,-1,
-40,-33,23,-78,-66,96,71,-64,91,-62,-28,-24,52,-82,-66,-74,12,40,-65,88,-1,
50,-98,95,91,79,-92,-63,-97,42,31,-77,4,-61,0,65,-81,-69,85,-27,42,1,
24,59,-1,-70,25,47,68,-89,94,67,-41,101,79,-29,98,-33,-20,-43,70,77,-1,
81,79,-84,-24,-54,68,-55,51,77,12,35,-48,54,-20,30,75,-90,56,-17,-38,-1,
23,53,-4,-75,17,41,65,-97,88,70,-46,97,73,-31,94,-37,-22,-50,69,75,-1,
55,-97,93,91,76,-91,-61,-98,41,35,-84,10,-64,2,63,-80,-67,84,-31,48,1,
58,-90,93,98,80,-88,-58,-95,48,39,-79,6,-55,3,68,-75,-67,87,-24,52,1,
-41,-27,22,-78,-63,94,73,-65,95,-63,-20,-23,54,-79,-65,-70,13,39,-68,90,-1,
57,-94,96,97,80,-89,-61,-98,47,34,-81,11,-57,0,68,-76,-77,94,-30,47,1,
76,78,-80,-25,-53,74,-57,56,81,10,38,-51,55,-14,27,73,-89,62,-18,-41,-1,
-42,-31,18,-78,-62,89,73,-68,89,-64,-24,-24,48,-83,-71,-71,15,34,-68,87,-1,
61,-96,94,96,78,-88,-59,-99,46,33,-82,12,-62,0,63,-80,-69,89,-26,43,1,
80,72,-81,-22,-60,70,-57,55,78,7,37,-52,59,-20,29,69,-91,59,-18,-36,-1,
-62,-26,23,-65,-30,34,-56,-33,-62,-35,27,-9,-57,-40,92,-87,-18,59,-90,96,-1,
24,50,0,-73,19,40,65,-92,84,72,-48,97,75,-34,94,-36,-24,-44,66,80,-1,
52,-95,94,94,79,-90,-61,-95,40,35,-73,5,-59,0,70,-77,-66,86,-27,47,1,
-37,-35,20,-82,-64,92,70,-68,91,-66,-27,-24,48,-80,-71,-74,14,33,-63,87,-1,
-39,-36,21,-82,-59,91,74,-67,95,-60,-26,-27,47,-76,-71,-74,14,40,-66,85,-1,
56,-95,91,93,82,-85,-61,-94,39,35,-78,6,-64,0,69,-80,-68,84,-29,48,1,
79,74,-81,-25,-56,73,-54,51,75,9,38,-54,52,-18,28,69,-86,57,-20,-38,-1,
-65,-29,24,-64,-30,25,-60,-36,-63,-38,21,-11,-64,-41,95,-91,-10,48,-88,90,-1,
56,-93,92,94,80,-90,-60,-91,43,40,-81,6,-56,0,69,-80,-70,87,-25,45,1,
77,71,-88,-23,-60,65,-56,47,81,5,30,-48,49,-20,22,69,-89,56,-20,-41,-1,
54,-97,92,98,77,-90,-62,-98,43,37,-79,7,-55,-5,68,-79,-70,85,-29,46,1,
-40,-32,24,-82,-66,90,71,-69,94,-62,-19,-30,49,-85,-60,-75,8,38,-71,86,-1,
62,-85,96,97,85,-83,-59,-91,50,40,-74,9,-50,0,70,-71,-70,92,-25,53,1,
79,81,-82,-24,-59,77,-54,55,83,11,38,-49,59,-16,28,76,-92,62,-14,-34,-1,
-61,-22,23,-62,-30,29,-57,-30,-57,-36,27,-11,-60,-34,93,-96,-11,58,-86,94,-1,
21,52,-5,-67,22,40,62,-91,88,66,-42,92,81,-36,96,-35,-25,-46,65,78,-1,
53,-98,87,94,76,-89,-64,-96,40,33,-79,2,-63,0,63,-81,-72,84,-29,44,1,
50,-96,94,90,73,-93,-61,-96,43,34,-80,4,-56,-4,60,-82,-69,82,-27,41,1,
52,-94,98,96,79,-92,-60,-96,47,36,-76,10,-54,-5,69,-76,-71,92,-21,42,1,
24,52,-2,-67,23,37,72,-95,90,61,-41,97,75,-34,95,-30,-24,-44,70,77,-1,
-38,-35,22,-80,-59,89,73,-58,88,-63,-20,-26,47,-79,-68,-71,15,38,-65,86,-1,
-67,-23,23,-61,-31,24,-57,-39,-58,-39,22,-11,-63,-44,98,-93,-15,52,-87,98,-1,
-62,-24,26,-66,-28,24,-58,-34,-60,-35,23,-12,-61,-40,96,-89,-6,54,-85,99,-1,
-33,-36,22,-76,-57,92,78,-62,91,-62,-23,-21,50,-80,-61,-71,16,40,-66,89,-1,
-65,-30,26,-61,-28,21,-58,-38,-57,-36,25,-10,-67,-38,93,-90,-13,50,-89,96,-1,
54,-93,95,94,84,-94,-54,-100,49,37,-80,7,-57,-1,65,-77,-67,93,-26,43,1,
78,72,-81,-24,-61,71,-58,56,82,7,33,-51,59,-16,22,71,-93,61,-23,-40,-1,
-42,-33,18,-83,-62,88,69,-63,90,-60,-31,-26,46,-82,-71,-77,15,39,-67,81,-1,
16,54,-8,-72,18,37,62,-96,87,62,-45,86,76,-37,87,-35,-30,-49,60,73,-1,
-64,-26,22,-65,-32,27,-58,-41,-61,-36,27,-7,-56,-42,90,-88,-17,54,-94,98,-1,
-35,-33,25,-84,-59,88,75,-67,97,-66,-19,-26,51,-82,-67,-74,19,35,-63,90,-1,
25,50,-3,-74,18,43,63,-96,86,68,-48,99,73,-35,97,-40,-23,-52,69,77,-1,
78,78,-86,-20,-54,69,-53,57,80,12,35,-46,54,-14,24,76,-89,61,-20,-35,-1,
22,54,1,-72,24,38,67,-94,87,69,-46,99,75,-32,98,-36,-27,-47,65,75,-1,
82,68,-87,-19,-62,68,-58,60,76,7,34,-47,51,-20,29,65,-90,62,-27,-36,-1,
-42,-33,17,-75,-61,89,71,-67,94,-62,-22,-30,54,-82,-71,-72,16,40,-68,88,-1,
-45,-33,14,-83,-67,86,66,-68,93,-64,-28,-24,46,-86,-69,-75,11,34,-72,83,-1,
20,49,-6,-72,14,38,63,-94,84,63,-45,93,72,-37,89,-35,-29,-44,66,76,-1,
54,-96,91,96,84,-90,-63,-94,43,31,-76,5,-61,0,62,-77,-75,88,-25,41,1,
-42,-35,20,-84,-60,90,71,-67,91,-66,-25,-24,51,-81,-69,-80,15,32,-65,85,-1,
24,46,-2,-76,18,43,59,-93,85,67,-45,95,72,-36,94,-40,-27,-51,65,74,-1,
57,-95,92,95,82,-93,-60,-92,51,33,-78,8,-57,-2,62,-78,-70,85,-26,47,1,
-39,-36,25,-85,-63,92,72,-64,91,-65,-24,-24,46,-80,-64,-78,14,36,-67,87,-1,
58,-97,91,97,77,-90,-60,-95,50,33,-74,10,-59,0,68,-75,-66,92,-27,52,1,
55,-100,96,92,79,-92,-61,-94,43,33,-78,5,-56,0,67,-81,-70,85,-27,42,1,
-64,-28,24,-66,-32,25,-60,-37,-62,-36,26,-9,-68,-42,91,-91,-15,47,-89,92,-1,
-43,-33,18,-77,-64,90,71,-65,92,-62,-27,-25,50,-77,-71,-79,17,32,-63,86,-1,
20,47,-5,-78,16,42,63,-100,89,60,-47,96,70,-36,90,-37,-28,-53,69,75,-1,
54,-100,92,89,77,-90,-67,-98,44,28,-76,5,-65,-1,60,-74,-75,90,-28,45,1,
17,56,-6,-75,18,40,64,-93,86,57,-43,92,78,-35,94,-36,-23,-53,62,76,-1,
-40,-30,14,-80,-66,86,65,-64,92,-67,-25,-21,45,-79,-68,-72,9,38,-65,87,-1,
-67,-31,23,-64,-32,31,-56,-33,-66,-32,20,-9,-63,-39,96,-90,-7,49,-86,94,-1,
-35,-31,30,-79,-56,93,77,-59,98,-56,-22,-20,47,-76,-60,-71,17,43,-59,88,-1,
24,51,-1,-70,16,41,63,-95,87,62,-43,97,75,-33,95,-28,-32,-49,69,72,-1,
86,78,-78,-21,-53,74,-50,57,82,11,41,-46,58,-16,31,76,-90,60,-11,-38,-1,
26,50,0,-74,21,41,70,-95,85,67,-45,95,75,-34,92,-32,-21,-51,67,81,-1,
76,82,-83,-25,-53,70,-50,52,87,8,36,-47,63,-18,25,77,-85,56,-12,-41,-1,
-61,-27,24,-64,-25,20,-58,-38,-63,-42,23,-12,-63,-37,92,-88,-15,54,-87,90,-1,
53,-101,96,90,74,-92,-66,-97,37,27,-81,8,-62,0,62,-80,-71,84,-30,46,1,
54,-98,88,88,75,-92,-64,-97,39,34,-85,2,-58,-7,61,-83,-75,83,-33,43,1,
-39,-33,23,-80,-65,93,67,-67,87,-65,-22,-29,48,-81,-66,-78,14,30,-62,83,-1,
57,-91,97,97,80,-87,-60,-97,49,37,-82,11,-56,4,65,-78,-66,93,-26,45,1,
82,77,-84,-23,-62,76,-56,52,79,10,34,-53,55,-13,23,73,-86,56,-20,-35,-1,
19,57,0,-71,19,32,64,-92,78,70,-47,92,77,-32,90,-35,-28,-46,64,75,-1,
21,45,-5,-78,18,38,58,-95,81,66,-46,95,68,-38,92,-40,-30,-52,63,73,-1,
-62,-32,25,-61,-31,29,-60,-33,-63,-38,27,-13,-61,-36,95,-93,-7,53,-91,94,-1,
-39,-30,23,-77,-62,97,74,-62,96,-62,-21,-23,54,-77,-62,-71,16,36,-62,88,-1,
56,-92,98,94,78,-93,-57,-96,50,35,-84,13,-61,2,70,-82,-64,88,-18,43,1,
-39,-29,21,-83,-63,90,72,-63,94,-69,-20,-21,47,-81,-66,-76,15,37,-65,85,-1,
22,56,-3,-71,20,42,66,-90,85,62,-41,93,72,-27,87,-32,-28,-42,65,79,-1,
19,53,-5,-78,19,37,63,-96,82,63,-46,92,71,-36,86,-35,-24,-53,65,74,-1,
-62,-27,26,-64,-29,28,-62,-31,-62,-40,29,-16,-60,-38,94,-90,-13,52,-89,94,-1,
-62,-24,23,-61,-31,30,-55,-39,-60,-38,27,-9,-59,-37,95,-92,-12,56,-89,96,-1,
85,77,-78,-20,-57,74,-50,55,84,11,37,-45,55,-13,30,75,-92,63,-17,-35,-1,
24,55,-2,-71,20,37,67,-96,83,64,-42,93,77,-31,89,-37,-21,-49,69,77,-1,
22,51,-4,-75,19,38,66,-95,79,66,-46,92,71,-36,88,-32,-28,-48,69,77,-1,
74,75,-82,-25,-62,77,-58,50,80,10,35,-51,55,-13,22,74,-88,60,-16,-37,-1,
77,78,-84,-23,-56,74,-55,50,82,3,35,-53,55,-15,21,72,-92,60,-24,-45,-1,
-37,-28,17,-83,-58,90,72,-63,97,-64,-24,-18,50,-78,-69,-76,18,35,-61,88,-1,
26,54,-2,-76,20,39,63,-93,84,62,-39,95,69,-33,90,-32,-22,-50,71,68,-1,
58,-94,90,96,79,-90,-58,-96,46,36,-83,9,-60,0,65,-80,-69,92,-29,46,1,
20,50,-6,-78,18,37,60,-101,81,60,-50,97,70,-38,92,-36,-30,-58,66,68,-1,
-64,-26,24,-65,-27,31,-57,-36,-63,-39,24,-12,-59,-40,101,-93,-7,47,-83,99,-1,
59,-97,94,94,80,-94,-56,-100,48,36,-84,7,-55,2,64,-76,-72,90,-30,47,1,
-37,-29,19,-76,-67,93,71,-67,95,-63,-21,-30,47,-82,-62,-77,12,34,-67,84,-1,
20,56,-5,-71,22,38,61,-96,89,69,-48,98,75,-36,96,-35,-22,-52,66,74,-1,
-43,-33,23,-82,-66,89,70,-68,90,-66,-23,-30,44,-85,-64,-80,13,37,-72,86,-1,
54,-100,92,92,76,-93,-61,-96,40,35,-83,7,-59,-5,67,-83,-72,83,-30,43,1,
-67,-31,22,-68,-34,25,-62,-39,-68,-44,26,-15,-67,-47,90,-92,-12,43,-93,87,-1,
34,58,3,-68,23,46,69,-84,89,80,-38,99,78,-29,95,-27,-13,-38,71,79,-1,
-41,-30,23,-78,-57,91,73,-60,95,-64,-16,-21,54,-79,-64,-72,20,42,-64,91,-1,
25,64,0,-71,25,42,69,-92,87,72,-47,98,77,-27,98,-31,-20,-50,71,78,-1,
-67,-32,22,-69,-35,24,-60,-40,-64,-40,21,-17,-68,-41,91,-96,-11,47,-89,93,-1,
-68,-27,26,-65,-28,26,-62,-37,-63,-38,25,-11,-67,-38,87,-88,-17,50,-93,95,-1,
28,53,0,-65,21,42,66,-93,89,63,-41,99,78,-33,96,-29,-22,-49,65,81,-1,
-34,-31,21,-78,-63,91,76,-64,95,-63,-25,-22,51,-82,-62,-76,17,33,-65,87,-1,
21,49,-13,-73,16,40,61,-100,85,57,-44,93,69,-32,89,-38,-30,-53,67,77,-1,
81,80,-82,-23,-60,70,-54,53,79,7,38,-54,57,-13,29,67,-86,55,-18,-35,-1,
77,79,-82,-24,-56,71,-55,53,82,10,34,-51,58,-17,26,71,-87,56,-20,-40,-1,
-57,-20,30,-59,-30,31,-53,-32,-54,-31,28,-4,-59,-35,98,-80,-6,56,-83,104,-1,
-60,-27,21,-63,-37,26,-61,-35,-65,-38,25,-15,-61,-40,93,-94,-13,58,-96,92,-1,
-66,-30,25,-62,-37,18,-57,-41,-65,-36,21,-11,-69,-39,91,-94,-15,49,-94,88,-1,
84,78,-78,-22,-55,74,-50,56,83,13,34,-47,55,-9,26,71,-86,58,-14,-35,-1,
-55,-30,21,-60,-30,30,-56,-37,-58,-40,27,-5,-58,-41,96,-91,-7,54,-87,93,-1,
49,-95,86,94,73,-94,-61,-100,42,36,-83,0,-57,-3,62,-84,-68,85,-30,42,1,
-58,-31,23,-71,-27,23,-58,-41,-63,-38,24,-11,-66,-49,92,-94,-13,47,-90,97,-1,
-58,-23,26,-62,-27,23,-57,-42,-57,-41,28,-11,-64,-37,95,-88,-16,54,-88,99,-1,
29,57,5,-72,23,47,70,-83,86,72,-39,98,77,-29,100,-32,-20,-44,71,77,-1,
-57,-28,23,-59,-36,28,-57,-36,-64,-40,32,-14,-57,-38,97,-85,-12,55,-91,91,-1,
61,-100,96,91,84,-90,-62,-96,47,37,-79,14,-62,-3,69,-74,-71,86,-26,49,1,
20,57,-4,-73,18,37,66,-92,83,65,-43,92,76,-32,96,-39,-26,-50,69,73,-1,
78,79,-85,-23,-58,73,-58,56,80,9,38,-50,56,-11,21,78,-89,60,-23,-40,-1,
-39,-31,22,-83,-57,92,74,-66,97,-63,-17,-25,56,-85,-61,-80,17,38,-66,89,-1,
78,75,-87,-27,-59,68,-58,49,78,8,35,-52,54,-21,27,71,-94,54,-13,-43,-1,
76,73,-82,-27,-64,71,-61,49,77,8,33,-54,56,-21,23,69,-94,58,-20,-39,-1,
-39,-33,26,-79,-56,88,78,-69,96,-62,-19,-25,54,-80,-63,-77,18,36,-63,89,-1,
78,78,-81,-17,-59,76,-54,60,85,11,38,-48,60,-10,32,72,-85,63,-17,-36,-1,
22,53,-7,-73,15,40,63,-98,88,65,-46,95,74,-34,91,-34,-24,-52,67,75,-1,
-60,-27,23,-66,-25,28,-56,-41,-61,-42,30,-10,-60,-40,95,-87,-14,49,-85,98,-1,
-40,-37,18,-80,-66,91,70,-65,88,-69,-24,-30,49,-86,-65,-78,11,34,-68,85,-1,
-39,-38,22,-81,-63,92,71,-60,88,-61,-29,-27,51,-79,-68,-79,18,33,-63,85,-1,
75,81,-83,-21,-54,73,-52,50,81,10,40,-51,62,-19,26,77,-90,58,-11,-38,-1,
53,-102,96,92,78,-98,-60,-101,44,38,-87,7,-57,-1,62,-77,-73,83,-24,41,1,
24,50,-1,-71,19,44,64,-93,84,59,-43,95,74,-36,91,-31,-26,-51,65,82,-1,
-40,-36,19,-79,-65,86,70,-69,93,-67,-23,-30,48,-87,-65,-76,11,37,-70,85,-1,
-62,-27,21,-63,-34,30,-63,-39,-65,-42,22,-7,-61,-41,98,-85,-13,51,-89,93,-1,
-41,-31,18,-80,-62,86,71,-68,94,-63,-21,-26,49,-76,-68,-77,15,37,-66,90,-1,
57,-97,95,96,76,-89,-60,-94,44,39,-80,7,-55,1,64,-78,-67,89,-22,43,1,
-38,-33,24,-77,-61,91,77,-67,97,-64,-23,-24,48,-79,-65,-76,19,34,-65,88,-1,
-35,-35,23,-76,-56,100,73,-65,93,-68,-19,-24,54,-80,-65,-66,16,42,-66,87,-1,
-63,-29,19,-64,-30,24,-58,-40,-63,-38,23,-14,-59,-40,92,-84,-12,53,-88,93,-1,
74,72,-86,-22,-60,68,-60,57,77,7,37,-55,53,-17,25,69,-88,57,-23,-42,-1,
-59,-26,24,-64,-32,27,-60,-33,-61,-38,25,-15,-64,-39,93,-89,-12,56,-89,91,-1,
-39,-30,19,-81,-61,86,68,-70,93,-66,-20,-25,49,-82,-65,-73,13,36,-66,88,-1,
59,-97,99,94,80,-87,-61,-95,43,39,-79,10,-56,0,72,-77,-68,86,-20,44,1,
20,58,-2,-72,23,39,62,-91,89,67,-44,98,79,-34,95,-29,-26,-46,65,75,-1,
-40,-35,21,-87,-66,93,67,-70,90,-68,-26,-28,50,-85,-68,-72,8,34,-70,83,-1,
-64,-24,24,-61,-32,26,-59,-33,-65,-33,23,-5,-67,-35,96,-90,-11,56,-89,92,-1,
-43,-30,16,-79,-68,88,67,-70,92,-68,-22,-22,47,-79,-69,-74,8,35,-65,88,-1,
81,81,-74,-23,-55,74,-55,51,79,13,35,-52,64,-15,31,70,-86,59,-15,-35,-1,
59,-100,94,95,75,-85,-63,-101,45,34,-82,10,-59,-4,65,-80,-69,91,-29,41,1,
80,77,-81,-20,-59,74,-54,59,82,5,38,-50,59,-13,26,70,-90,62,-22,-40,-1,
-42,-29,20,-79,-62,92,67,-64,91,-64,-24,-24,48,-84,-67,-74,15,35,-67,83,-1,
59,-99,92,91,74,-94,-61,-100,46,27,-86,12,-64,-1,64,-83,-68,86,-28,46,1,
56,-94,96,94,77,-91,-57,-92,39,36,-81,11,-56,2,70,-79,-65,87,-23,44,1,
-45,-34,24,-82,-59,90,72,-65,87,-60,-20,-27,52,-81,-69,-73,11,35,-66,88,-1,
-59,-30,21,-66,-28,24,-53,-40,-63,-40,27,-13,-61,-43,92,-90,-12,53,-88,91,-1,
26,54,-5,-68,17,47,60,-88,88,69,-43,100,77,-33,98,-32,-27,-46,66,77,-1,
-39,-31,25,-76,-59,96,75,-63,92,-59,-25,-22,56,-78,-64,-73,22,36,-65,91,-1,
-41,-35,20,-84,-64,90,66,-62,89,-61,-25,-28,51,-80,-69,-80,14,38,-66,88,-1,
24,52,-1,-74,19,35,66,-98,83,67,-47,98,72,-32,94,-31,-30,-50,66,71,-1,
22,54,0,-70,24,39,72,-89,83,67,-46,103,74,-31,102,-29,-24,-44,70,79,-1,
22,54,-5,-74,20,44,60,-85,82,63,-41,95,73,-35,94,-32,-25,-47,68,78,-1,
-37,-31,18,-80,-63,86,73,-63,91,-66,-23,-23,44,-82,-66,-74,15,36,-69,91,-1,
23,55,-3,-77,21,40,63,-94,84,68,-44,93,71,-33,91,-31,-29,-51,67,71,-1,
-63,-27,22,-59,-30,27,-56,-36,-65,-37,30,-13,-55,-38,97,-86,-8,53,-90,91,-1,
77,82,-84,-20,-53,75,-54,54,84,13,37,-50,62,-14,28,73,-85,61,-13,-37,-1,
22,52,-7,-70,20,39,63,-100,86,62,-48,96,72,-39,88,-36,-24,-52,67,77,-1,
-65,-24,22,-60,-31,25,-59,-41,-57,-45,27,-9,-62,-38,91,-88,-12,51,-89,96,-1,
75,79,-85,-25,-58,65,-52,48,83,13,34,-46,49,-14,22,77,-88,55,-19,-35,-1,
74,82,-83,-25,-59,70,-56,52,84,12,32,-51,54,-12,24,77,-88,55,-21,-38,-1,
22,53,0,-75,22,40,62,-90,83,62,-41,93,76,-34,93,-34,-28,-50,63,72,-1,
-58,-24,33,-66,-27,30,-54,-38,-59,-38,28,-6,-66,-35,97,-85,-11,51,-83,95,-1,
26,49,0,-69,18,39,70,-93,86,62,-46,93,74,-37,91,-31,-22,-45,62,80,-1,
54,-101,95,92,78,-91,-63,-99,41,34,-80,10,-60,-2,67,-74,-71,92,-25,43,1,
21,53,-2,-73,22,38,62,-93,80,68,-48,94,73,-35,91,-36,-26,-49,70,74,-1,
26,52,-5,-72,19,43,63,-94,87,68,-48,98,74,-37,98,-34,-24,-49,70,74,-1,
-63,-31,27,-66,-31,29,-60,-34,-64,-41,28,-13,-63,-42,95,-92,-8,45,-88,92,-1,
56,-94,98,94,82,-87,-59,-93,47,34,-71,10,-58,1,72,-75,-64,93,-25,50,1,
-61,-25,27,-62,-27,23,-56,-39,-59,-42,29,-12,-61,-45,96,-92,-8,48,-88,93,-1,
-38,-33,19,-83,-66,94,69,-59,93,-63,-26,-20,46,-82,-68,-69,14,38,-66,86,-1,
20,59,-3,-71,24,41,64,-92,89,66,-43,97,75,-32,94,-34,-25,-47,70,75,-1,
-63,-26,20,-56,-30,29,-56,-37,-56,-38,27,-9,-60,-39,96,-86,-11,52,-88,95,-1,
-68,-26,26,-65,-28,25,-57,-38,-61,-34,25,-4,-66,-43,96,-90,-14,49,-86,92,-1,
58,-91,102,96,84,-85,-60,-93,50,38,-72,10,-50,-3,69,-71,-68,92,-20,49,1,
-59,-27,24,-67,-32,26,-62,-39,-63,-43,29,-13,-65,-45,93,-91,-14,48,-91,90,-1,
54,-96,94,95,81,-90,-60,-93,47,32,-77,10,-59,0,67,-81,-65,90,-29,45,1,
63,-101,92,96,78,-89,-60,-93,42,36,-80,10,-57,1,64,-76,-73,91,-31,47,1,
78,79,-80,-22,-53,74,-54,55,82,16,38,-52,60,-17,29,82,-87,60,-19,-37,-1,
84,81,-83,-20,-54,74,-57,58,78,14,33,-49,61,-18,32,72,-87,59,-15,-35,-1,
22,52,-8,-72,20,40,66,-95,88,60,-44,95,76,-35,95,-30,-27,-47,66,78,-1,
56,-92,95,100,80,-88,-60,-91,41,35,-81,10,-55,1,64,-79,-67,89,-21,43,1,
-65,-31,22,-65,-36,25,-64,-33,-64,-34,22,-16,-67,-36,92,-91,-16,53,-92,87,-1,
-34,-30,22,-75,-57,97,78,-55,96,-59,-24,-16,51,-77,-67,-66,18,42,-59,90,-1,
-39,-35,23,-82,-61,83,74,-69,94,-64,-26,-23,42,-82,-66,-77,21,31,-71,90,-1,
18,54,-5,-75,15,46,61,-91,88,65,-44,95,72,-35,94,-33,-27,-50,70,76,-1,
57,-96,99,95,78,-92,-57,-100,44,37,-78,7,-52,1,70,-78,-65,85,-27,46,1,
-61,-26,23,-62,-30,27,-54,-38,-58,-39,25,-9,-62,-41,93,-90,-8,47,-86,91,-1,
75,79,-91,-27,-55,71,-57,53,79,9,35,-50,55,-18,20,79,-91,55,-17,-41,-1,
80,73,-82,-23,-59,70,-58,53,77,12,30,-54,52,-13,25,67,-91,53,-21,-44,-1,
58,-92,99,97,82,-89,-58,-95,48,39,-82,11,-58,5,65,-77,-69,91,-24,45,1,
-43,-33,23,-78,-63,95,73,-69,90,-64,-28,-21,51,-85,-66,-78,15,37,-69,86,-1,
23,51,-4,-72,22,36,63,-94,82,66,-45,93,77,-38,95,-34,-24,-51,66,79,-1,
25,46,-4,-72,17,41,61,-94,84,67,-47,95,68,-37,88,-29,-30,-48,63,76,-1,
81,76,-80,-21,-58,77,-58,60,77,14,36,-49,54,-9,26,73,-86,61,-23,-33,-1,
-57,-23,24,-59,-25,25,-52,-38,-59,-40,37,-16,-53,-35,95,-83,-9,58,-87,102,-1,
26,48,0,-74,18,41,62,-92,84,66,-46,96,75,-34,96,-40,-23,-52,64,77,-1,
25,55,-3,-72,20,39,63,-96,81,69,-43,96,77,-36,90,-33,-26,-50,76,76,-1,
79,83,-86,-21,-51,70,-58,57,80,15,36,-51,59,-13,27,74,-80,54,-18,-37,-1,
76,72,-82,-26,-55,70,-57,48,83,14,33,-51,56,-24,29,74,-86,62,-15,-37,-1,
-67,-26,23,-66,-29,20,-56,-36,-67,-34,22,-23,-61,-39,90,-93,-10,50,-91,93,-1,
55,-88,96,95,84,-88,-57,-95,44,40,-81,12,-57,0,71,-76,-65,88,-25,50,1,
82,82,-82,-21,-54,75,-56,61,84,16,35,-40,59,-12,31,79,-87,62,-13,-35,-1,
55,-98,96,95,78,-95,-58,-98,45,39,-84,8,-54,-1,67,-78,-67,84,-26,49,1,
61,-91,96,98,82,-88,-55,-90,49,39,-77,12,-52,4,66,-73,-62,91,-24,48,1,
81,81,-81,-22,-50,74,-51,58,80,18,37,-46,61,-16,32,76,-84,56,-11,-33,-1,
51,-104,91,89,77,-98,-61,-105,47,34,-86,7,-66,-6,61,-80,-75,88,-28,40,1,
76,73,-90,-28,-65,71,-61,50,77,8,31,-53,55,-23,17,70,-92,55,-19,-40,-1,
-41,-29,17,-80,-60,89,76,-67,95,-64,-27,-22,44,-78,-72,-77,14,36,-65,85,-1,
55,-92,93,95,84,-91,-58,-94,49,35,-78,9,-58,-2,69,-75,-70,89,-25,46,1,
-60,-27,25,-61,-33,26,-57,-38,-59,-42,26,-15,-60,-40,91,-93,-9,52,-92,94,-1,
21,54,-1,-71,19,41,65,-91,83,66,-43,96,72,-28,93,-34,-26,-49,69,77,-1,
53,-93,94,90,80,-96,-58,-100,42,32,-86,6,-57,-3,62,-80,-73,89,-26,38,1,
-44,-35,19,-82,-66,89,69,-71,88,-65,-28,-26,46,-82,-70,-76,10,31,-67,84,-1,
-45,-32,19,-82,-62,89,72,-65,95,-64,-21,-26,50,-85,-66,-75,13,36,-70,83,-1,
83,70,-82,-24,-56,75,-54,57,74,11,38,-55,58,-15,30,69,-89,54,-7,-36,-1,
-58,-23,26,-62,-23,27,-56,-32,-60,-35,31,-11,-59,-34,97,-85,-9,52,-85,97,-1,
81,76,-85,-21,-57,72,-52,51,79,11,28,-49,52,-17,26,67,-88,51,-17,-42,-1,
23,53,0,-76,25,40,62,-86,84,71,-41,95,73,-29,92,-33,-26,-44,67,74,-1,
59,-99,94,94,78,-90,-62,-96,47,31,-79,9,-60,2,63,-80,-67,87,-25,43,1,
22,48,-5,-77,19,39,59,-95,83,67,-47,91,72,-41,91,-36,-26,-52,66,70,-1,
-56,-24,25,-65,-26,31,-57,-36,-64,-42,30,-17,-59,-37,98,-87,-8,49,-87,97,-1,
79,75,-78,-24,-54,74,-53,51,78,7,37,-52,56,-16,26,69,-86,60,-19,-39,-1,
-59,-30,25,-62,-30,27,-57,-40,-58,-44,25,-14,-64,-37,88,-91,-10,49,-91,95,-1,
-40,-31,24,-84,-57,88,71,-65,95,-65,-21,-23,48,-83,-63,-78,20,33,-62,86,-1,
56,-98,93,95,79,-94,-61,-96,46,38,-82,8,-56,0,66,-75,-73,88,-28,49,1,
77,78,-80,-25,-60,76,-60,60,81,13,37,-48,63,-16,26,76,-89,63,-18,-38,-1,
55,-94,95,99,81,-89,-59,-91,42,43,-85,12,-61,5,68,-78,-70,89,-23,48,1,
-57,-23,27,-61,-31,30,-54,-35,-59,-35,32,-11,-61,-38,99,-88,-9,53,-86,93,-1,
53,-96,92,94,76,-93,-63,-96,45,34,-82,10,-58,-2,65,-80,-68,85,-23,41,1,
-39,-31,19,-74,-66,94,70,-67,88,-66,-24,-26,51,-81,-67,-71,11,35,-66,84,-1,
79,77,-85,-28,-54,71,-59,55,79,9,38,-52,60,-19,26,75,-91,58,-14,-38,-1,
76,80,-83,-25,-52,70,-57,57,85,10,37,-53,60,-12,26,76,-86,61,-18,-38,-1,
51,-95,91,91,79,-92,-60,-96,42,36,-83,8,-62,-5,64,-78,-73,89,-27,40,1,
20,51,1,-73,24,35,68,-92,89,63,-42,94,77,-36,90,-35,-21,-42,62,75,-1,
-68,-26,23,-63,-35,28,-58,-36,-65,-37,21,-10,-62,-39,94,-91,-14,50,-90,91,-1,
59,-98,95,98,80,-86,-61,-93,45,33,-73,7,-56,2,64,-76,-68,91,-25,45,1,
-62,-28,26,-67,-30,24,-58,-36,-61,-38,24,-16,-64,-40,92,-91,-9,49,-86,93,-1,
24,53,-3,-69,20,38,65,-92,89,67,-43,97,79,-36,98,-30,-21,-46,72,77,-1,
21,57,-7,-75,15,43,57,-92,84,66,-49,94,75,-40,96,-32,-27,-57,63,70,-1,
77,77,-87,-19,-58,67,-52,50,79,15,27,-45,53,-21,24,73,-88,54,-22,-37,-1,
58,-97,93,97,77,-88,-59,-94,46,36,-80,11,-59,-3,68,-83,-65,91,-26,43,1,
26,54,-3,-72,18,40,69,-96,83,62,-44,92,78,-37,94,-37,-21,-52,66,80,-1,
78,80,-84,-19,-56,69,-55,51,81,10,35,-51,60,-16,29,74,-87,57,-20,-39,-1,
-39,-35,22,-79,-64,94,73,-67,93,-65,-25,-23,53,-81,-63,-77,13,32,-65,89,-1,
77,77,-90,-19,-59,73,-57,54,80,6,38,-55,57,-17,29,71,-89,61,-18,-39,-1,
56,-95,96,99,83,-92,-57,-93,47,36,-79,10,-55,-1,69,-81,-69,87,-25,44,1,
-37,-34,22,-79,-61,92,72,-68,96,-61,-23,-27,51,-81,-66,-77,16,32,-60,85,-1,
-63,-29,27,-68,-30,25,-59,-39,-64,-38,24,-10,-63,-45,93,-88,-13,49,-91,94,-1,
22,51,-1,-75,21,43,57,-88,87,64,-43,96,74,-38,93,-36,-27,-46,66,70,-1,
-39,-32,24,-82,-58,92,74,-68,91,-64,-23,-28,48,-85,-67,-72,12,39,-67,87,-1,
-57,-34,26,-61,-29,24,-52,-35,-63,-35,32,-13,-61,-41,100,-91,-9,52,-89,88,-1,
54,-96,93,96,80,-91,-63,-94,44,35,-81,12,-59,0,65,-76,-69,88,-28,46,1,
57,-95,94,97,79,-89,-63,-97,50,32,-78,12,-56,-3,65,-77,-68,92,-24,41,1,
-65,-28,24,-63,-33,27,-55,-37,-62,-39,18,-7,-65,-41,93,-89,-13,53,-88,92,-1,
-61,-27,24,-61,-31,27,-53,-37,-57,-36,24,-13,-62,-36,94,-95,-9,53,-85,89,-1,
-39,-33,22,-78,-62,92,75,-69,96,-62,-23,-24,49,-84,-60,-79,15,37,-68,86,-1,
24,54,-6,-70,15,44,63,-93,88,64,-44,94,78,-36,95,-33,-26,-47,64,76,-1,
-59,-29,24,-69,-28,26,-53,-45,-63,-34,31,-9,-59,-43,96,-83,-13,50,-86,95,-1,
19,55,-6,-73,19,39,58,-93,82,66,-49,95,72,-38,94,-34,-30,-55,64,73,-1,
-67,-30,20,-62,-33,22,-53,-39,-65,-37,28,-16,-58,-40,96,-96,-14,52,-90,91,-1,
-64,-26,17,-64,-30,28,-62,-41,-66,-42,26,-13,-58,-42,95,-90,-12,48,-92,94,-1,
61,-94,97,101,83,-91,-56,-98,51,35,-77,13,-56,2,72,-75,-59,87,-20,53,1,
-43,-32,20,-82,-63,92,70,-67,94,-65,-24,-22,50,-85,-68,-74,12,36,-67,86,-1,
78,79,-85,-27,-57,74,-58,57,75,14,38,-50,57,-17,23,77,-91,59,-18,-35,-1,
-38,-34,21,-81,-61,95,73,-68,96,-65,-26,-21,50,-83,-64,-75,16,38,-66,85,-1,
-38,-36,27,-82,-64,91,75,-65,92,-62,-27,-25,49,-87,-63,-83,17,37,-67,84,-1,
75,75,-84,-20,-57,73,-60,59,76,11,33,-46,55,-15,23,76,-90,62,-22,-40,-1,
-59,-28,20,-56,-33,30,-55,-39,-56,-40,26,-6,-62,-37,92,-82,-12,56,-89,94,-1,
-42,-40,23,-79,-61,93,72,-71,90,-71,-22,-24,50,-74,-64,-74,8,35,-62,82,-1,
-39,-33,29,-80,-61,93,73,-69,95,-61,-22,-27,50,-84,-61,-77,16,36,-66,88,-1,
20,51,-2,-77,18,42,62,-92,87,66,-45,92,72,-33,91,-30,-30,-49,61,76,-1,
82,71,-86,-23,-58,68,-53,48,79,5,35,-52,55,-21,29,71,-93,58,-18,-38,-1,
78,77,-83,-21,-56,72,-55,55,80,11,33,-54,61,-17,25,73,-87,58,-19,-40,-1,
78,79,-82,-24,-56,71,-54,53,78,11,38,-54,57,-16,33,70,-90,56,-14,-37,-1,
-44,-33,21,-84,-61,90,69,-66,94,-64,-24,-23,47,-82,-64,-78,12,39,-66,83,-1,
26,54,-4,-75,23,44,64,-92,88,66,-43,96,74,-32,96,-41,-22,-50,66,77,-1,
58,-100,96,96,77,-87,-64,-94,42,31,-77,9,-57,-3,71,-81,-70,90,-27,46,1,
-61,-28,23,-60,-32,29,-55,-35,-59,-35,28,-16,-62,-30,91,-92,-7,53,-89,95,-1,
58,-104,98,94,81,-92,-58,-97,44,33,-77,11,-62,-1,65,-73,-72,92,-25,43,1,
24,53,-2,-71,15,37,66,-97,82,62,-45,91,78,-40,91,-34,-26,-53,65,75,-1,
24,55,-1,-70,17,40,68,-93,84,66,-42,95,79,-33,98,-38,-18,-52,70,77,-1,
54,-102,93,94,81,-96,-60,-101,47,30,-77,7,-60,-3,66,-76,-68,86,-26,46,1,
-59,-26,26,-62,-27,28,-57,-34,-63,-41,31,-10,-58,-33,92,-86,-8,54,-89,97,-1,
-64,-19,22,-62,-26,31,-58,-34,-61,-32,27,-5,-61,-35,92,-83,-15,54,-87,96,-1,
-39,-35,19,-80,-63,89,69,-65,91,-64,-25,-28,47,-80,-69,-76,16,33,-66,84,-1,
-63,-26,21,-58,-27,23,-57,-36,-63,-45,34,-18,-59,-36,90,-82,-12,54,-90,96,-1,
22,49,-3,-77,20,44,64,-88,83,59,-43,92,69,-37,96,-34,-27,-53,64,75,-1,
27,50,-4,-67,14,44,63,-96,86,65,-47,98,73,-38,94,-30,-26,-49,71,77,-1,
-58,-26,25,-62,-30,23,-51,-37,-64,-31,25,-14,-61,-34,95,-91,-9,53,-90,92,-1,
23,58,-4,-71,21,41,68,-87,85,62,-42,92,77,-32,94,-29,-21,-46,68,81,-1,
-59,-29,26,-61,-34,25,-59,-35,-58,-38,23,-10,-62,-41,99,-92,-12,53,-88,94,-1,
79,80,-82,-24,-55,77,-52,56,80,15,41,-54,54,-12,27,75,-89,53,-15,-38,-1,
19,55,-6,-72,14,41,60,-89,83,65,-46,90,75,-35,95,-32,-29,-51,61,74,-1,
58,-99,94,91,80,-93,-60,-94,47,33,-82,10,-60,-2,66,-80,-70,85,-29,47,1,
56,-106,91,95,74,-96,-64,-102,43,29,-85,9,-58,-5,63,-85,-72,84,-33,40,1,
-64,-27,27,-63,-33,31,-56,-36,-65,-41,23,-12,-63,-42,93,-87,-20,56,-92,92,-1,
-41,-35,21,-76,-64,89,74,-67,90,-61,-29,-25,47,-82,-68,-77,14,41,-69,83,-1,
-42,-34,23,-80,-63,92,71,-63,90,-60,-24,-28,52,-88,-67,-79,15,35,-65,83,-1,
78,79,-84,-23,-58,74,-55,57,79,11,36,-50,57,-14,24,76,-94,59,-16,-34,-1,
-61,-27,24,-62,-32,25,-58,-36,-63,-34,30,-12,-63,-35,95,-88,-11,52,-89,91,-1,
76,72,-88,-25,-58,69,-57,52,73,9,34,-52,50,-21,25,70,-91,54,-18,-40,-1,
56,-93,97,93,82,-90,-56,-95,45,38,-77,8,-57,0,69,-77,-69,89,-23,42,1,
-57,-31,19,-61,-33,19,-57,-41,-62,-42,31,-17,-59,-44,97,-93,-9,52,-92,96,-1,
53,-93,96,94,78,-88,-61,-98,43,31,-82,8,-59,-2,68,-84,-69,87,-29,45,1,
-37,-37,23,-83,-63,95,72,-70,94,-65,-26,-25,50,-82,-63,-75,8,37,-66,85,-1,
-60,-28,25,-63,-32,30,-60,-36,-63,-40,24,-15,-63,-36,94,-95,-11,47,-89,87,-1,
78,77,-81,-19,-56,72,-49,53,81,12,36,-46,55,-15,30,76,-89,61,-16,-34,-1,
-69,-28,23,-62,-35,26,-55,-39,-62,-39,25,-7,-62,-39,91,-85,-12,51,-86,92,-1,
25,51,-5,-71,17,42,63,-95,88,65,-44,96,73,-34,92,-33,-28,-48,67,76,-1,
75,77,-86,-27,-57,69,-58,54,74,9,33,-49,54,-16,24,70,-92,52,-11,-43,-1,
26,50,-2,-72,20,44,63,-93,87,68,-46,97,72,-36,94,-35,-25,-48,67,72,-1,
20,47,-6,-70,15,36,62,-99,85,62,-46,92,73,-35,89,-40,-28,-47,65,73,-1,
61,-96,97,97,81,-88,-57,-98,46,40,-82,13,-60,-1,65,-77,-69,91,-22,44,1,
74,77,-84,-25,-61,74,-62,55,75,12,31,-55,59,-15,23,72,-90,54,-15,-37,-1,
82,76,-80,-22,-53,71,-55,59,76,11,34,-55,57,-13,30,68,-88,51,-13,-41,-1,
-42,-36,18,-83,-66,82,72,-74,94,-60,-30,-33,42,-82,-72,-77,10,32,-70,83,-1,
24,50,-1,-71,20,40,65,-94,87,62,-43,95,75,-38,94,-33,-26,-50,67,72,-1,
55,-98,94,93,75,-95,-62,-100,46,32,-84,10,-59,-2,66,-81,-69,83,-28,47,1,
51,-97,90,93,74,-97,-61,-104,46,31,-83,6,-60,-3,62,-80,-74,88,-30,42,1,
81,78,-82,-22,-52,74,-55,62,80,11,36,-50,61,-13,24,77,-91,60,-15,-41,-1,
81,72,-84,-26,-54,64,-54,55,78,6,32,-51,55,-18,25,68,-90,51,-17,-41,-1,
-34,-33,24,-79,-63,93,74,-61,91,-66,-19,-25,53,-85,-64,-69,16,35,-63,85,-1,
23,51,-3,-72,18,42,64,-93,84,59,-47,98,70,-37,91,-34,-24,-51,66,78,-1,
25,52,-2,-73,20,41,66,-90,79,65,-44,95,73,-36,93,-34,-20,-50,67,79,-1,
24,48,0,-74,19,41,63,-93,89,65,-40,95,74,-31,92,-37,-23,-47,67,75,-1,
26,48,5,-74,22,45,66,-86,86,68,-43,102,72,-32,99,-34,-24,-46,67,76,-1,
55,-95,92,91,72,-89,-61,-98,40,32,-83,6,-61,-1,66,-84,-70,86,-30,46,1,
55,-93,97,94,80,-92,-56,-97,50,33,-79,13,-57,-1,70,-77,-65,92,-27,50,1,
74,75,-88,-33,-59,66,-58,44,78,6,33,-54,51,-20,18,69,-94,53,-18,-42,-1,
60,-103,90,92,76,-93,-60,-96,45,34,-81,10,-62,0,62,-75,-70,86,-32,50,1,
57,-98,91,89,82,-95,-60,-95,46,34,-80,6,-62,1,62,-74,-76,88,-27,44,1,
80,79,-85,-20,-52,69,-54,57,81,9,37,-49,61,-19,33,70,-90,65,-16,-31,-1,
-66,-22,22,-57,-30,30,-53,-36,-62,-38,25,-9,-58,-35,99,-85,-9,53,-84,92,-1,
52,-89,95,93,84,-96,-55,-100,52,32,-83,10,-60,-2,70,-81,-69,89,-25,44,1,
-39,-30,24,-76,-62,91,75,-65,98,-61,-23,-22,50,-78,-60,-78,18,41,-66,94,-1,
20,51,-2,-72,18,36,66,-96,82,64,-47,96,72,-32,88,-33,-23,-47,66,75,-1,
-40,-35,20,-83,-65,89,72,-66,93,-65,-25,-25,47,-82,-68,-77,14,33,-68,88,-1,
59,-100,93,100,76,-89,-59,-93,46,36,-74,9,-55,0,72,-78,-68,94,-27,46,1,
-62,-25,25,-64,-31,26,-58,-39,-61,-46,32,-11,-64,-46,95,-86,-11,49,-86,88,-1,
-69,-25,23,-65,-33,27,-57,-37,-66,-34,26,-11,-63,-41,97,-88,-17,51,-88,90,-1,
78,79,-85,-27,-54,70,-59,55,85,13,34,-50,55,-17,27,74,-83,59,-21,-39,-1,
28,55,0,-66,24,42,67,-90,86,68,-40,94,82,-31,96,-34,-22,-45,64,79,-1,
-41,-32,22,-79,-62,89,75,-66,93,-62,-24,-23,45,-83,-60,-78,13,36,-67,85,-1,
54,-95,93,94,81,-90,-58,-97,41,39,-78,5,-59,0,67,-74,-72,88,-28,47,1,
21,54,-5,-74,23,41,60,-92,81,65,-44,92,74,-38,91,-33,-29,-52,67,76,-1,
56,-95,89,94,79,-91,-64,-94,40,33,-84,5,-58,0,61,-78,-73,85,-28,45,1,
-63,-28,25,-68,-34,23,-63,-36,-66,-41,28,-16,-65,-48,96,-90,-11,46,-90,91,-1,
25,53,0,-71,18,41,68,-92,83,68,-46,97,73,-36,94,-35,-19,-49,69,77,-1,
-65,-26,22,-62,-29,24,-53,-44,-61,-38,27,-14,-62,-42,96,-90,-12,49,-88,97,-1,
-68,-32,22,-68,-38,24,-61,-38,-70,-39,23,-17,-65,-43,93,-87,-13,49,-90,87,-1,
-37,-31,22,-79,-63,94,75,-59,91,-60,-25,-23,48,-83,-65,-76,16,37,-64,87,-1,
49,-96,97,95,75,-92,-63,-101,42,33,-82,8,-57,-4,69,-81,-72,89,-27,42,1,
81,80,-82,-17,-49,70,-46,54,89,14,34,-48,62,-16,32,78,-84,57,-11,-37,-1,
-39,-29,22,-77,-58,91,74,-63,92,-59,-21,-24,49,-80,-64,-74,16,40,-64,88,-1,
-39,-33,22,-79,-61,90,71,-69,96,-66,-25,-23,49,-81,-64,-76,14,38,-64,85,-1,
52,-99,93,91,76,-92,-64,-96,45,37,-81,6,-59,-1,63,-78,-70,87,-27,44,1,
-40,-36,20,-77,-66,93,73,-67,92,-68,-28,-25,47,-81,-67,-76,12,33,-64,81,-1,
58,-96,99,95,81,-96,-58,-95,47,38,-84,15,-59,2,69,-76,-69,85,-20,46,1,
81,78,-82,-23,-56,72,-58,54,78,17,36,-54,60,-18,29,76,-90,57,-15,-36,-1,
75,77,-89,-21,-59,69,-55,56,76,7,36,-48,53,-16,22,75,-92,56,-20,-40,-1,
-61,-36,20,-70,-30,22,-62,-42,-68,-42,29,-16,-61,-45,94,-93,-13,48,-93,93,-1,
27,60,-4,-69,22,44,67,-89,87,66,-39,93,80,-32,97,-33,-22,-49,70,77,-1,
79,79,-89,-23,-54,66,-55,53,77,8,33,-51,51,-14,28,72,-88,50,-18,-41,-1,
-63,-26,23,-66,-27,29,-57,-37,-66,-38,26,-15,-64,-34,92,-89,-10,49,-88,95,-1,
55,-96,94,97,83,-88,-62,-99,49,29,-74,10,-64,0,72,-76,-69,90,-27,49,1,
-39,-33,21,-80,-64,93,73,-72,88,-66,-21,-26,51,-85,-64,-75,7,33,-64,83,-1,
27,54,-4,-71,21,40,66,-95,87,68,-43,96,76,-37,96,-32,-22,-49,71,77,-1,
22,53,-3,-70,19,37,63,-95,85,69,-44,92,76,-35,92,-39,-26,-46,66,71,-1,
55,-92,89,93,78,-91,-62,-95,37,34,-84,5,-60,0,61,-79,-69,83,-21,42,1,
55,-96,96,91,79,-92,-60,-97,46,30,-78,7,-56,-2,67,-79,-68,88,-25,44,1,
-41,-38,20,-84,-60,83,71,-71,93,-68,-23,-27,48,-83,-69,-79,14,40,-69,87,-1,
62,-98,95,95,81,-91,-56,-99,48,35,-80,9,-58,2,66,-74,-72,95,-30,50,1,
23,51,0,-72,19,48,63,-93,89,68,-47,101,72,-30,91,-34,-24,-46,71,79,-1,
-62,-26,20,-64,-31,32,-57,-38,-61,-41,27,-15,-60,-38,93,-89,-11,52,-88,97,-1,
-55,-28,27,-62,-27,24,-51,-38,-65,-37,33,-10,-56,-41,99,-83,-9,56,-88,98,-1,
81,77,-86,-22,-54,70,-54,57,76,13,33,-50,51,-15,26,75,-91,55,-18,-38,-1,
81,78,-80,-23,-55,76,-54,55,81,10,39,-49,55,-13,24,72,-88,60,-17,-38,-1,
76,77,-81,-22,-57,68,-59,56,76,13,34,-51,57,-19,30,73,-88,57,-17,-37,-1,
77,81,-86,-22,-51,67,-53,55,79,10,36,-51,60,-20,28,74,-90,57,-16,-40,-1,
26,51,-10,-74,18,37,61,-98,82,63,-43,92,72,-35,93,-37,-24,-56,68,72,-1,
20,52,-5,-74,19,34,63,-97,80,66,-46,91,70,-35,89,-36,-29,-51,65,73,-1,
-65,-28,24,-68,-34,27,-62,-32,-68,-39,22,-15,-60,-45,94,-95,-8,50,-92,95,-1,
-44,-33,16,-83,-61,86,68,-68,93,-65,-24,-26,47,-81,-72,-78,14,39,-69,87,-1,
57,-96,94,93,80,-96,-59,-96,52,34,-83,8,-52,-2,66,-78,-77,91,-30,42,1,
-65,-24,26,-67,-32,25,-54,-37,-64,-33,23,-11,-65,-41,96,-93,-10,50,-85,92,-1,
-37,-32,23,-81,-56,88,79,-64,95,-59,-26,-20,50,-84,-65,-75,19,38,-63,88,-1,
-39,-30,26,-77,-62,96,74,-64,96,-64,-22,-23,48,-79,-62,-78,17,38,-63,86,-1,
77,77,-84,-23,-57,73,-57,52,75,12,37,-53,56,-19,29,69,-86,58,-19,-36,-1,
26,57,0,-70,21,42,67,-91,82,69,-50,95,75,-34,94,-35,-21,-47,64,79,-1,
-66,-29,26,-64,-30,23,-56,-39,-64,-37,27,-9,-62,-46,93,-91,-18,52,-92,92,-1,
54,-92,101,95,81,-90,-54,-96,48,40,-78,6,-53,2,69,-80,-65,90,-23,46,1,
22,55,-9,-68,17,42,60,-97,88,64,-44,95,77,-34,93,-37,-24,-49,70,79,-1,
-43,-30,22,-79,-61,92,70,-64,97,-64,-18,-23,55,-85,-64,-73,15,40,-66,88,-1,
52,-96,97,89,78,-92,-62,-96,42,37,-85,9,-62,-3,69,-85,-67,77,-21,41,1,
25,50,-2,-70,22,44,63,-89,88,67,-41,96,73,-30,94,-33,-27,-45,68,78,-1,
57,-92,98,94,81,-85,-61,-97,46,32,-74,7,-56,-1,70,-75,-72,93,-29,50,1,
79,77,-93,-22,-62,69,-56,51,78,11,30,-45,52,-20,21,72,-90,57,-20,-34,-1,
-70,-26,22,-64,-33,30,-58,-33,-70,-37,29,-12,-62,-42,97,-91,-11,49,-88,91,-1,
-64,-30,25,-65,-31,22,-56,-38,-66,-39,27,-11,-65,-45,93,-89,-8,47,-89,87,-1,
27,52,1,-73,19,39,68,-92,80,70,-41,91,80,-32,93,-31,-29,-50,67,79,-1,
-59,-32,23,-66,-27,28,-57,-36,-61,-39,29,-14,-58,-35,94,-90,-11,56,-86,96,-1,
25,47,2,-75,20,41,69,-92,82,62,-42,90,75,-33,90,-32,-28,-50,63,80,-1,
80,75,-83,-27,-55,65,-55,51,76,11,27,-53,53,-17,28,68,-85,49,-19,-42,-1,
