62,-97,99,102,84,-86,-58,-93,45,38,-79,15,-55,0,69,-75,-70,94,-25,48,1,
-55,-26,23,-65,-26,22,-57,-37,-60,-40,23,-16,-63,-34,96,-92,-7,51,-83,94,-1,
-64,-32,22,-65,-36,21,-65,-41,-65,-43,26,-18,-63,-45,92,-92,-18,49,-96,90,-1,
-64,-25,23,-67,-27,27,-55,-40,-66,-35,26,-17,-62,-40,94,-95,-12,47,-89,92,-1,
-65,-31,22,-65,-32,22,-58,-37,-61,-40,23,-13,-67,-42,90,-93,-13,51,-89,92,-1,
26,48,-2,-72,18,40,60,-95,83,66,-45,94,74,-36,95,-37,-24,-54,64,72,-1,
80,74,-84,-25,-61,72,-57,49,84,8,34,-54,58,-18,21,78,-90,57,-14,-42,-1,
47,-94,88,95,78,-93,-66,-100,44,30,-82,7,-62,-8,62,-81,-71,86,-29,40,1,
87,77,-77,-21,-54,77,-50,54,85,14,34,-48,62,-14,25,77,-88,60,-11,-39,-1,
-61,-28,24,-63,-29,26,-56,-37,-60,-37,29,-15,-63,-39,96,-90,-9,50,-87,96,-1,
23,49,-5,-74,19,41,60,-95,84,64,-43,92,72,-35,95,-37,-27,-55,69,71,-1,
55,-93,95,95,83,-92,-61,-92,47,35,-75,7,-54,-2,69,-73,-72,87,-20,45,1,
-38,-34,26,-79,-65,92,75,-65,95,-61,-27,-25,45,-81,-65,-77,20,32,-65,88,-1,
57,-92,97,98,81,-91,-62,-93,50,34,-78,13,-53,3,67,-74,-67,89,-24,50,1,
-60,-26,27,-66,-27,27,-56,-31,-61,-34,25,-11,-59,-40,95,-87,-9,54,-85,95,-1,
-42,-33,23,-81,-67,90,73,-70,90,-65,-27,-28,47,-83,-72,-74,11,31,-65,81,-1,
74,76,-87,-27,-60,69,-59,49,76,9,35,-52,56,-24,30,68,-93,55,-13,-40,-1,
-40,-29,24,-85,-59,94,72,-67,92,-62,-25,-23,53,-78,-70,-73,18,37,-66,87,-1,
25,51,0,-72,24,41,65,-93,87,67,-40,93,78,-33,94,-35,-22,-50,66,77,-1,
24,56,0,-70,24,40,67,-90,87,68,-40,98,76,-32,94,-34,-23,-44,70,76,-1,
-34,-25,24,-74,-58,96,77,-59,97,-60,-19,-18,48,-76,-58,-69,20,38,-63,92,-1,
-41,-33,23,-83,-66,91,71,-68,94,-65,-26,-28,50,-84,-64,-78,13,30,-65,86,-1,
-38,-33,17,-78,-59,93,75,-66,91,-60,-25,-24,51,-78,-69,-72,9,38,-64,88,-1,
78,73,-85,-21,-59,71,-52,51,83,8,34,-49,58,-19,27,70,-90,56,-11,-39,-1,
83,82,-77,-19,-51,76,-50,59,81,13,39,-45,60,-9,28,75,-86,60,-15,-36,-1,
-70,-34,22,-71,-34,18,-63,-41,-65,-42,18,-12,-71,-46,89,-94,-18,47,-91,90,-1,
-36,-31,23,-80,-62,92,72,-64,93,-62,-22,-26,51,-84,-64,-76,14,36,-59,87,-1,
55,-93,99,97,83,-88,-57,-90,43,39,-76,9,-55,4,71,-77,-63,86,-21,47,1,
82,74,-86,-24,-58,66,-56,58,83,9,32,-48,57,-19,26,72,-92,58,-16,-41,-1,
51,-99,96,90,81,-98,-57,-97,45,36,-84,6,-56,-4,68,-82,-69,81,-29,43,1,
52,-99,85,90,78,-94,-63,-92,36,33,-80,1,-64,-3,60,-79,-79,87,-28,41,1,
25,56,-4,-71,21,38,69,-90,82,64,-42,91,74,-31,92,-33,-20,-46,70,79,-1,
-39,-27,20,-73,-63,96,69,-61,96,-59,-24,-23,57,-77,-69,-72,21,39,-64,92,-1,
56,-93,96,95,78,-90,-56,-98,48,38,-80,13,-59,-2,69,-79,-68,92,-27,46,1,
-64,-35,21,-65,-32,20,-61,-39,-65,-43,26,-14,-66,-43,90,-94,-10,44,-92,87,-1,
28,52,-4,-69,16,48,61,-91,82,67,-41,94,76,-33,94,-31,-29,-50,69,80,-1,
-40,-30,23,-76,-63,92,74,-66,94,-62,-26,-24,49,-83,-66,-74,17,37,-66,86,-1,
77,71,-82,-22,-57,69,-57,56,77,11,31,-53,61,-20,25,71,-93,59,-17,-40,-1,
57,-100,98,99,76,-89,-63,-99,44,34,-78,8,-55,-1,65,-80,-68,85,-26,46,1,
23,50,-3,-76,15,42,66,-97,84,62,-46,97,70,-31,93,-41,-22,-52,69,76,-1,
-39,-34,25,-80,-62,94,77,-66,91,-62,-23,-26,47,-83,-66,-76,12,40,-68,85,-1,
-63,-30,23,-65,-30,18,-60,-42,-63,-41,28,-9,-69,-44,90,-91,-12,49,-92,94,-1,
59,-102,101,94,82,-90,-58,-97,45,34,-78,11,-60,1,67,-77,-64,86,-25,47,1,
-44,-36,15,-83,-68,90,70,-69,88,-69,-29,-29,44,-82,-69,-80,12,31,-74,85,-1,
-39,-35,16,-86,-64,84,67,-67,94,-67,-25,-26,44,-81,-70,-74,12,33,-66,85,-1,
-66,-27,28,-68,-29,29,-57,-37,-64,-39,25,-10,-68,-35,88,-92,-19,49,-89,92,-1,
55,-97,96,89,77,-91,-62,-97,45,32,-78,8,-62,0,65,-76,-68,85,-25,48,1,
81,76,-75,-24,-55,70,-51,57,79,8,35,-47,60,-13,25,72,-91,58,-16,-41,-1,
56,-96,96,92,80,-92,-62,-96,45,31,-83,11,-60,-3,66,-80,-71,86,-23,40,1,
-66,-28,21,-70,-32,24,-57,-42,-66,-39,20,-11,-67,-44,90,-94,-13,48,-89,89,-1,
-59,-29,22,-64,-31,25,-61,-35,-62,-39,29,-14,-64,-38,95,-86,-13,52,-88,92,-1,
21,47,-5,-74,17,40,61,-96,80,62,-50,90,72,-35,91,-41,-27,-56,61,81,-1,
77,76,-85,-21,-59,67,-54,52,78,11,37,-47,52,-22,25,76,-94,58,-23,-37,-1,
25,53,-1,-67,22,45,64,-91,87,66,-41,97,80,-36,95,-32,-25,-47,69,78,-1,
-63,-32,20,-67,-32,21,-57,-39,-65,-37,20,-15,-65,-40,93,-93,-11,50,-88,93,-1,
25,54,-2,-71,21,42,67,-94,88,60,-43,101,73,-28,98,-33,-26,-50,72,76,-1,
23,54,-2,-75,18,42,62,-90,84,68,-40,91,74,-30,91,-36,-24,-51,69,74,-1,
23,56,-2,-72,23,37,66,-91,84,69,-43,95,76,-31,91,-35,-21,-44,68,79,-1,
53,-92,88,95,76,-94,-64,-98,43,33,-84,7,-60,-2,65,-79,-69,81,-23,47,1,
79,76,-87,-22,-59,67,-55,51,76,8,36,-53,50,-19,31,68,-87,51,-21,-39,-1,
77,81,-86,-26,-54,71,-57,54,77,14,32,-48,54,-15,23,72,-85,54,-19,-39,-1,
25,51,-1,-73,21,43,67,-96,88,64,-46,96,75,-29,93,-34,-23,-51,69,81,-1,
54,-94,91,96,81,-89,-64,-93,44,34,-79,9,-59,0,64,-76,-68,83,-25,48,1,
-65,-27,23,-58,-33,27,-54,-39,-59,-41,25,-9,-61,-37,95,-88,-10,52,-86,93,-1,
-60,-33,22,-66,-30,22,-60,-39,-63,-36,27,-12,-64,-41,94,-90,-17,52,-92,91,-1,
-65,-36,17,-71,-38,17,-63,-45,-68,-49,21,-17,-72,-49,87,-97,-14,47,-93,83,-1,
-38,-35,25,-82,-60,91,75,-65,92,-66,-21,-24,47,-72,-61,-75,13,33,-64,88,-1,
-47,-29,12,-79,-69,86,63,-69,90,-67,-28,-27,45,-85,-70,-77,10,33,-70,81,-1,
-62,-21,23,-61,-30,26,-55,-36,-56,-38,26,-9,-62,-35,91,-87,-11,56,-86,96,-1,
24,52,-4,-70,18,46,61,-91,90,65,-42,97,78,-34,96,-34,-24,-49,66,79,-1,
-44,-36,22,-79,-64,87,73,-71,90,-66,-26,-25,47,-88,-62,-78,12,36,-70,85,-1,
-42,-32,21,-79,-63,85,75,-68,93,-60,-25,-27,46,-83,-68,-75,13,38,-70,88,-1,
27,54,0,-71,20,42,67,-91,86,64,-43,94,73,-35,93,-33,-20,-49,69,75,-1,
22,52,-4,-75,13,37,63,-99,84,65,-49,94,72,-36,92,-38,-25,-53,65,69,-1,
-39,-30,21,-83,-60,93,76,-64,102,-60,-22,-25,51,-84,-60,-77,15,40,-69,89,-1,
80,72,-85,-21,-61,74,-53,56,81,12,32,-51,52,-13,22,76,-91,54,-19,-38,-1,
-39,-34,20,-79,-66,90,68,-62,88,-57,-28,-22,45,-74,-70,-71,11,33,-62,84,-1,
55,-92,94,97,86,-94,-55,-96,50,38,-82,12,-60,3,70,-79,-64,86,-24,45,1,
56,-93,93,94,78,-85,-62,-92,38,37,-79,5,-59,1,64,-80,-68,87,-25,44,1,
-42,-29,20,-79,-63,92,70,-67,91,-62,-26,-25,48,-82,-67,-76,13,37,-67,83,-1,
81,78,-80,-26,-53,70,-54,54,76,9,38,-49,57,-18,28,71,-91,57,-20,-41,-1,
19,50,-1,-76,25,43,61,-90,88,61,-43,95,72,-38,90,-31,-24,-49,65,79,-1,
22,53,-2,-74,22,45,63,-88,88,66,-39,97,72,-32,97,-33,-21,-49,71,78,-1,
19,51,-2,-71,18,37,61,-90,78,64,-44,86,74,-32,87,-37,-30,-51,62,76,-1,
29,54,0,-67,19,42,71,-92,90,66,-40,96,75,-32,98,-29,-19,-48,69,79,-1,
-61,-21,26,-60,-26,31,-54,-36,-58,-39,31,-9,-59,-40,94,-83,-13,54,-86,95,-1,
73,76,-82,-24,-55,71,-55,55,79,11,36,-50,56,-15,22,77,-86,59,-18,-37,-1,
-38,-30,26,-79,-63,93,74,-60,96,-56,-24,-22,52,-83,-63,-73,16,41,-64,89,-1,
-62,-31,22,-64,-24,27,-53,-39,-60,-35,25,-7,-61,-38,95,-90,-10,52,-84,95,-1,
20,51,-2,-75,22,38,66,-97,85,60,-45,98,69,-30,86,-32,-30,-46,67,76,-1,
-43,-38,20,-80,-63,89,73,-70,89,-70,-26,-25,50,-85,-68,-79,12,33,-69,85,-1,
55,-94,95,94,80,-93,-57,-94,46,36,-81,9,-53,0,64,-81,-63,88,-27,42,1,
57,-102,88,95,76,-92,-62,-100,43,32,-79,5,-65,-1,62,-78,-75,87,-32,46,1,
24,53,2,-75,26,39,66,-90,82,70,-39,95,75,-30,93,-36,-24,-47,76,72,-1,
-61,-33,21,-65,-34,23,-59,-39,-66,-41,25,-12,-65,-46,95,-91,-12,46,-91,91,-1,
79,81,-79,-20,-51,72,-50,58,84,16,36,-45,61,-15,29,75,-85,57,-11,-37,-1,
23,50,-5,-75,17,38,64,-94,77,61,-43,88,70,-32,89,-37,-30,-53,63,75,-1,
-60,-32,22,-67,-31,28,-61,-38,-63,-36,22,-10,-64,-42,100,-92,-12,49,-87,93,-1,
21,58,-3,-73,17,43,60,-91,88,69,-45,99,73,-33,94,-34,-24,-50,69,70,-1,
-66,-29,18,-65,-33,22,-60,-44,-63,-45,24,-15,-66,-44,88,-93,-13,47,-92,91,-1,
58,-100,96,93,80,-94,-61,-97,45,35,-83,13,-60,-3,65,-76,-76,88,-27,42,1,
-63,-25,20,-65,-31,24,-61,-37,-62,-41,29,-12,-64,-40,94,-91,-16,50,-89,95,-1,
-38,-38,22,-87,-64,87,69,-66,86,-67,-27,-25,46,-85,-63,-78,10,34,-68,80,-1,
53,-104,90,91,73,-93,-60,-104,39,32,-80,1,-61,-2,65,-81,-70,87,-34,44,1,
57,-94,100,94,81,-90,-58,-96,50,40,-86,16,-60,1,66,-78,-66,87,-24,44,1,
61,-92,92,93,83,-89,-62,-96,47,30,-82,9,-60,1,63,-77,-73,86,-25,44,1,
-41,-36,19,-80,-65,91,70,-66,95,-60,-27,-26,52,-81,-66,-77,15,34,-64,87,-1,
51,-97,94,93,82,-93,-61,-96,48,35,-76,11,-62,0,73,-77,-67,88,-27,46,1,
-61,-31,29,-66,-34,29,-59,-34,-66,-33,26,-8,-66,-35,99,-91,-10,53,-88,97,-1,
55,-98,91,88,78,-94,-61,-100,40,36,-87,8,-64,-2,65,-78,-73,88,-28,45,1,
23,52,-3,-75,20,41,64,-96,90,62,-42,94,77,-32,91,-38,-23,-51,62,72,-1,
78,83,-87,-18,-51,72,-52,55,83,16,38,-49,57,-16,30,77,-84,57,-15,-34,-1,
23,52,-5,-69,21,42,66,-92,87,60,-43,93,75,-35,94,-35,-22,-48,68,80,-1,
79,79,-88,-20,-57,73,-53,52,82,14,36,-49,51,-16,28,75,-87,57,-20,-34,-1,
28,52,0,-76,20,39,69,-97,85,62,-42,93,73,-28,91,-33,-24,-52,62,70,-1,
78,79,-83,-22,-55,75,-58,58,75,13,38,-51,57,-14,27,75,-86,60,-15,-37,-1,
-41,-32,22,-83,-67,89,68,-65,89,-64,-27,-27,45,-82,-70,-80,17,31,-65,85,-1,
53,-95,97,95,76,-90,-61,-96,42,38,-82,11,-55,0,67,-76,-67,83,-23,44,1,
56,-100,96,92,74,-87,-67,-97,46,37,-83,14,-63,-2,66,-81,-69,83,-27,45,1,
-57,-27,25,-59,-26,21,-54,-40,-61,-44,28,-13,-57,-44,96,-89,-12,56,-91,96,-1,
54,-96,101,94,80,-87,-58,-98,48,38,-72,3,-55,0,68,-75,-70,90,-26,48,1,
-41,-33,16,-79,-67,92,70,-68,87,-67,-25,-25,42,-81,-67,-75,11,32,-70,81,-1,
60,-97,99,97,80,-87,-59,-96,48,40,-78,11,-54,0,68,-77,-65,87,-23,47,1,
76,77,-87,-19,-59,74,-54,58,79,17,36,-49,60,-19,25,76,-90,59,-18,-34,-1,
79,74,-87,-25,-61,74,-59,52,75,9,28,-52,53,-17,20,69,-92,55,-20,-41,-1,
74,70,-88,-27,-60,71,-62,50,76,7,32,-55,51,-19,20,73,-95,59,-20,-43,-1,
54,-94,89,88,80,-92,-59,-97,44,37,-78,2,-59,-5,68,-77,-71,87,-25,43,1,
-37,-35,24,-81,-60,93,73,-63,91,-63,-22,-23,54,-80,-62,-72,14,33,-60,90,-1,
-62,-27,21,-63,-32,33,-59,-37,-64,-43,27,-14,-60,-40,92,-92,-13,50,-92,87,-1,
78,78,-86,-24,-56,70,-55,51,80,13,31,-49,56,-20,27,70,-88,58,-17,-39,-1,
60,-98,100,95,81,-95,-52,-102,49,38,-84,10,-57,3,67,-77,-66,90,-24,46,1,
-37,-35,22,-79,-64,93,67,-63,88,-61,-26,-25,51,-79,-69,-69,15,34,-64,88,-1,
76,78,-85,-27,-57,69,-61,56,79,7,32,-51,53,-10,25,68,-86,54,-18,-43,-1,
26,48,0,-72,15,40,68,-96,83,64,-46,92,74,-35,89,-36,-22,-49,63,78,-1,
-67,-32,24,-65,-34,25,-61,-37,-67,-42,22,-17,-66,-42,94,-93,-12,46,-91,87,-1,
-43,-35,18,-85,-62,87,73,-67,94,-67,-21,-29,50,-80,-69,-79,13,32,-67,86,-1,
-39,-36,22,-82,-63,90,71,-64,91,-67,-24,-23,50,-79,-68,-73,12,38,-64,90,-1,
-65,-28,23,-62,-33,25,-61,-36,-68,-39,24,-13,-66,-41,93,-93,-12,51,-95,92,-1,
-42,-35,20,-80,-65,92,71,-72,90,-66,-28,-22,46,-86,-62,-78,11,38,-70,82,-1,
51,-99,94,96,71,-91,-62,-101,43,36,-81,10,-57,-7,67,-81,-66,87,-29,44,1,
-62,-30,23,-71,-31,30,-62,-35,-67,-41,26,-12,-63,-41,93,-93,-11,47,-87,89,-1,
-47,-32,18,-80,-62,90,71,-72,94,-65,-26,-24,48,-87,-66,-79,13,36,-71,79,-1,
-66,-28,22,-62,-30,29,-56,-38,-60,-37,23,-9,-63,-37,89,-87,-15,50,-89,94,-1,
17,45,-8,-73,17,38,60,-95,87,57,-45,96,73,-39,94,-36,-28,-49,65,79,-1,
81,73,-84,-24,-61,67,-56,53,79,9,33,-50,55,-16,24,72,-89,52,-14,-39,-1,
74,77,-85,-25,-57,76,-55,54,79,11,36,-55,60,-18,22,74,-90,61,-16,-39,-1,
23,55,0,-77,22,36,64,-88,79,67,-45,93,71,-35,96,-36,-23,-50,66,69,-1,
-65,-26,24,-64,-33,22,-57,-39,-63,-40,26,-11,-64,-40,92,-88,-10,49,-86,91,-1,
55,-95,95,96,83,-94,-59,-96,43,30,-83,14,-63,2,67,-77,-69,87,-26,45,1,
18,49,-6,-72,17,37,63,-94,86,59,-46,90,76,-36,93,-37,-27,-48,60,76,-1,
-65,-30,28,-64,-30,28,-59,-34,-63,-38,24,-10,-69,-34,96,-93,-8,44,-84,91,-1,
79,78,-84,-18,-58,73,-57,58,76,11,37,-50,59,-15,26,75,-89,57,-20,-38,-1,
59,-93,91,95,82,-89,-63,-94,46,30,-79,9,-58,0,68,-77,-71,93,-25,46,1,
52,-94,95,96,76,-92,-65,-99,46,31,-77,10,-52,-3,69,-76,-69,93,-23,44,1,
-34,-28,17,-75,-59,91,75,-62,95,-64,-22,-20,48,-75,-72,-63,16,43,-66,93,-1,
76,81,-84,-24,-53,78,-56,55,78,13,35,-48,60,-15,22,77,-89,61,-14,-37,-1,
-65,-27,25,-62,-28,22,-52,-40,-60,-39,26,-12,-61,-43,92,-93,-7,48,-87,89,-1,
24,54,-2,-74,19,37,67,-93,79,68,-46,93,76,-37,93,-35,-23,-51,71,72,-1,
58,-94,97,92,78,-90,-58,-97,41,34,-78,6,-54,2,67,-78,-64,84,-29,48,1,
-64,-32,21,-71,-29,21,-59,-39,-67,-39,22,-14,-68,-46,93,-90,-14,47,-87,94,-1,
79,75,-90,-21,-63,69,-56,54,80,5,33,-47,52,-16,24,70,-92,57,-22,-38,-1,
56,-97,94,98,79,-88,-62,-94,46,34,-76,11,-60,1,70,-79,-66,89,-27,48,1,
74,82,-78,-23,-51,74,-56,54,80,11,35,-52,56,-8,24,77,-86,60,-21,-42,-1,
-63,-26,20,-58,-37,30,-61,-33,-59,-42,28,-12,-62,-38,95,-93,-11,54,-90,92,-1,
-40,-32,20,-82,-62,85,73,-64,93,-66,-23,-25,47,-83,-67,-76,16,34,-68,88,-1,
-36,-28,26,-79,-55,98,79,-62,100,-55,-29,-19,55,-78,-64,-77,20,36,-56,85,-1,
25,56,0,-74,21,46,67,-92,85,64,-43,98,75,-30,93,-29,-27,-49,71,77,-1,
-60,-24,26,-60,-27,26,-53,-35,-61,-33,33,-12,-55,-35,97,-85,-9,52,-87,94,-1,
-43,-31,16,-81,-64,90,69,-66,94,-62,-27,-30,49,-85,-71,-73,12,38,-72,83,-1,
54,-101,94,90,76,-92,-60,-102,43,40,-83,9,-62,-3,67,-78,-72,86,-32,45,1,
21,55,-3,-77,23,39,63,-93,80,71,-45,92,75,-32,91,-37,-27,-49,69,74,-1,
-62,-27,23,-62,-31,25,-59,-36,-65,-39,26,-7,-61,-44,94,-90,-12,51,-92,94,-1,
82,76,-84,-22,-58,76,-60,63,77,14,37,-50,58,-15,27,77,-90,61,-19,-36,-1,
-37,-32,20,-76,-64,90,75,-68,97,-61,-26,-24,47,-79,-64,-73,9,39,-64,85,-1,
-63,-28,20,-65,-34,24,-56,-42,-62,-41,25,-12,-65,-40,91,-92,-13,51,-88,90,-1,
22,55,0,-72,22,38,67,-92,87,68,-43,96,77,-33,90,-29,-25,-42,70,74,-1,
-62,-27,28,-62,-30,28,-57,-34,-60,-33,26,-10,-60,-41,96,-85,-13,54,-89,93,-1,
-37,-33,19,-75,-68,94,75,-65,90,-63,-24,-29,48,-80,-66,-71,6,40,-71,86,-1,
57,-91,99,97,81,-89,-54,-97,48,38,-77,11,-59,2,71,-76,-66,92,-22,48,1,
74,75,-85,-25,-61,71,-56,50,77,11,38,-54,54,-19,29,70,-91,55,-17,-38,-1,
-62,-24,21,-64,-31,22,-53,-44,-63,-43,27,-17,-61,-45,89,-91,-8,48,-92,93,-1,
-65,-28,24,-63,-31,26,-58,-39,-61,-41,23,-15,-62,-41,93,-91,-13,49,-89,91,-1,
57,-93,95,93,81,-89,-59,-92,50,36,-72,4,-53,0,65,-76,-68,90,-25,46,1,
79,75,-85,-20,-62,70,-56,57,76,13,33,-51,60,-18,27,68,-91,53,-13,-37,-1,
79,76,-83,-21,-56,73,-53,58,82,14,39,-54,62,-17,31,77,-90,58,-13,-36,-1,
81,76,-83,-18,-56,78,-51,61,81,11,39,-48,58,-12,29,75,-89,60,-12,-37,-1,
76,77,-86,-24,-59,63,-55,50,80,4,29,-51,55,-19,21,69,-91,55,-26,-42,-1,
-61,-25,24,-65,-24,27,-59,-34,-61,-37,28,-10,-59,-39,94,-87,-11,51,-87,99,-1,
-59,-32,27,-66,-33,28,-57,-32,-65,-34,25,-14,-64,-40,99,-92,-10,50,-87,92,-1,
81,76,-83,-27,-62,73,-62,55,79,11,32,-51,58,-17,25,71,-90,55,-14,-41,-1,
-37,-29,19,-81,-64,94,72,-61,91,-64,-27,-23,47,-80,-65,-76,17,36,-67,86,-1,
28,52,-4,-73,19,43,65,-94,84,64,-42,95,70,-34,91,-32,-28,-51,73,73,-1,
-36,-32,21,-78,-61,93,76,-62,96,-62,-21,-22,53,-77,-66,-71,13,37,-59,87,-1,
19,52,-8,-75,15,38,60,-103,86,62,-50,97,70,-36,87,-34,-31,-54,68,72,-1,
20,50,-5,-70,14,38,62,-93,82,62,-45,90,74,-37,91,-33,-32,-49,67,73,-1,
27,52,0,-73,21,39,66,-98,84,70,-46,95,77,-34,93,-36,-23,-52,70,76,-1,
22,55,-2,-73,24,42,66,-92,87,66,-39,93,79,-29,91,-33,-25,-47,67,83,-1,
79,76,-83,-22,-55,72,-58,59,77,12,36,-47,53,-14,28,72,-89,58,-19,-38,-1,
-43,-35,17,-86,-63,86,70,-66,89,-67,-26,-20,44,-81,-68,-74,8,32,-64,82,-1,
83,80,-86,-19,-59,74,-55,58,79,12,35,-47,58,-15,28,76,-91,57,-16,-36,-1,
55,-95,90,92,77,-87,-67,-95,41,28,-81,9,-63,-6,71,-85,-67,84,-26,46,1,
24,43,-7,-74,15,38,64,-102,85,55,-45,96,67,-32,91,-34,-31,-55,66,73,-1,
77,75,-85,-27,-57,70,-60,52,81,9,33,-56,55,-15,19,74,-89,56,-21,-43,-1,
55,-93,93,94,77,-89,-60,-93,46,37,-77,9,-58,-3,70,-79,-70,89,-22,43,1,
55,-96,93,95,77,-89,-64,-97,42,36,-83,12,-60,-4,66,-82,-68,84,-25,37,1,
54,-104,93,90,77,-95,-63,-101,48,28,-83,12,-65,-5,63,-80,-72,89,-34,46,1,
-43,-32,19,-77,-63,90,72,-66,95,-65,-26,-28,50,-81,-69,-81,21,31,-64,86,-1,
82,83,-84,-21,-52,68,-53,53,80,13,32,-47,52,-14,27,74,-88,55,-21,-39,-1,
60,-94,95,99,81,-87,-57,-95,49,42,-82,11,-56,2,71,-77,-66,92,-23,47,1,
81,75,-81,-24,-57,69,-58,56,78,9,36,-50,61,-17,28,73,-90,57,-16,-37,-1,
-44,-30,19,-80,-67,89,71,-69,92,-65,-24,-27,46,-86,-66,-78,14,35,-71,88,-1,
71,80,-84,-29,-52,66,-59,51,77,12,34,-52,55,-19,24,71,-86,54,-23,-42,-1,
-37,-37,17,-79,-66,89,71,-67,92,-66,-25,-28,49,-81,-67,-74,12,35,-68,91,-1,
-63,-27,24,-65,-34,23,-58,-41,-67,-37,22,-16,-63,-41,97,-95,-9,49,-91,90,-1,
60,-98,94,95,80,-92,-60,-99,45,32,-79,12,-58,-4,69,-76,-75,90,-30,46,1,
-45,-34,21,-83,-59,91,71,-75,95,-65,-25,-25,55,-87,-69,-76,13,35,-66,85,-1,
80,77,-85,-22,-56,73,-55,58,83,12,34,-49,61,-19,25,75,-90,62,-18,-36,-1,
57,-96,97,94,79,-91,-57,-94,41,44,-87,13,-59,0,67,-78,-67,85,-22,44,1,
-62,-26,26,-61,-30,33,-57,-35,-63,-36,29,-7,-58,-38,97,-84,-13,53,-89,95,-1,
-57,-30,25,-58,-30,28,-54,-35,-58,-35,28,-17,-55,-40,99,-91,-11,57,-91,99,-1,
77,76,-86,-21,-60,75,-52,55,79,14,32,-42,53,-17,23,74,-88,56,-15,-36,-1,
-40,-29,24,-83,-62,95,71,-62,94,-59,-25,-21,51,-80,-67,-76,19,34,-62,85,-1,
-44,-32,21,-84,-66,92,69,-71,94,-66,-27,-25,50,-82,-67,-79,15,33,-66,86,-1,
53,-100,96,93,77,-93,-61,-101,44,29,-81,11,-63,-1,65,-80,-68,90,-28,41,1,
-40,-35,20,-82,-60,88,74,-65,96,-63,-25,-24,47,-76,-68,-76,18,35,-64,84,-1,
55,-99,89,94,74,-93,-61,-100,42,34,-82,4,-58,-1,65,-78,-71,88,-29,46,1,
29,54,2,-72,28,41,71,-91,90,61,-33,93,80,-30,96,-27,-21,-48,71,77,-1,
54,-99,97,96,80,-93,-59,-99,40,32,-79,9,-59,0,67,-77,-65,84,-25,46,1,
-68,-24,20,-62,-31,21,-50,-41,-64,-35,30,-10,-59,-45,95,-87,-10,53,-86,93,-1,
-64,-27,23,-65,-34,24,-59,-38,-63,-39,27,-19,-62,-36,89,-91,-15,53,-92,91,-1,
61,-92,102,94,84,-90,-56,-93,49,38,-81,14,-53,2,70,-75,-68,89,-25,50,1,
-62,-27,23,-62,-33,27,-57,-35,-66,-37,22,-17,-61,-40,96,-89,-11,52,-91,92,-1,
-59,-24,23,-60,-30,30,-56,-37,-62,-37,28,-15,-58,-34,98,-86,-9,52,-86,94,-1,
22,51,-5,-73,17,40,63,-96,87,59,-46,96,72,-39,89,-36,-24,-47,67,73,-1,
79,79,-80,-19,-54,74,-52,55,83,14,35,-45,60,-15,28,77,-86,60,-14,-37,-1,
53,-99,94,92,75,-94,-62,-101,41,30,-82,5,-58,0,65,-81,-69,85,-31,47,1,
75,77,-85,-22,-53,69,-55,54,75,13,35,-51,59,-20,24,73,-88,58,-17,-36,-1,
28,52,0,-70,21,41,68,-93,91,68,-41,100,77,-31,100,-32,-23,-44,69,72,-1,
26,50,-1,-77,21,43,62,-93,85,65,-41,94,69,-32,90,-38,-25,-52,66,74,-1,
25,53,-2,-73,22,38,68,-95,86,62,-41,93,74,-32,94,-35,-25,-53,65,75,-1,
-59,-31,25,-64,-37,32,-60,-36,-63,-37,29,-10,-65,-41,98,-88,-12,50,-91,93,-1,
-60,-30,23,-66,-29,25,-62,-37,-64,-43,24,-17,-64,-39,93,-89,-11,49,-86,90,-1,
72,79,-90,-24,-58,68,-59,50,79,7,31,-52,54,-19,25,70,-90,57,-17,-42,-1,
79,79,-86,-19,-53,73,-51,55,85,14,38,-46,54,-15,29,75,-87,63,-17,-34,-1,
-42,-32,20,-77,-66,94,70,-68,94,-64,-21,-26,52,-82,-63,-77,10,36,-66,87,-1,
77,76,-83,-26,-55,71,-56,57,78,12,35,-50,60,-17,26,72,-87,56,-15,-39,-1,
26,53,0,-72,23,44,66,-89,87,66,-41,99,73,-31,97,-34,-21,-49,74,78,-1,
52,-98,95,96,79,-95,-58,-102,47,37,-83,9,-60,-1,67,-80,-69,87,-26,42,1,
74,80,-86,-23,-63,73,-57,55,78,7,40,-52,56,-16,26,71,-90,56,-18,-36,-1,
23,52,-3,-78,20,39,59,-94,82,64,-46,95,72,-36,91,-37,-24,-54,66,72,-1,
-41,-29,19,-85,-57,89,69,-71,94,-68,-21,-23,54,-84,-67,-77,14,31,-63,85,-1,
21,57,-4,-72,23,37,66,-96,87,63,-43,96,78,-34,94,-33,-26,-49,67,73,-1,
24,54,0,-68,26,42,68,-90,91,67,-40,99,78,-32,100,-34,-20,-47,71,81,-1,
60,-96,95,97,78,-89,-55,-97,47,35,-77,10,-57,1,65,-76,-66,94,-28,49,1,
78,79,-90,-28,-55,70,-58,50,72,10,33,-56,53,-19,24,71,-91,51,-20,-42,-1,
54,-95,96,91,78,-89,-60,-97,45,34,-81,10,-62,-3,68,-81,-71,88,-28,46,1,
60,-96,99,92,86,-89,-59,-98,46,33,-81,11,-61,2,71,-77,-66,86,-25,49,1,
77,75,-88,-29,-60,67,-56,48,77,9,28,-45,50,-22,21,70,-91,53,-18,-42,-1,
-44,-33,21,-85,-64,88,68,-64,92,-62,-28,-21,46,-80,-70,-75,17,33,-68,85,-1,
-63,-34,22,-65,-34,23,-56,-38,-69,-34,23,-14,-69,-43,96,-94,-15,53,-95,93,-1,
52,-96,93,94,81,-95,-59,-95,47,30,-80,9,-62,0,67,-81,-66,90,-26,43,1,
79,74,-77,-18,-57,76,-54,59,81,17,35,-46,62,-17,28,74,-82,64,-13,-30,-1,
27,48,-4,-69,17,37,70,-98,84,60,-44,92,72,-36,95,-36,-24,-51,69,75,-1,
-40,-33,19,-81,-66,90,68,-64,91,-60,-31,-19,42,-83,-69,-76,13,38,-66,83,-1,
48,-95,88,96,76,-93,-66,-97,41,35,-84,9,-59,-10,64,-80,-73,83,-25,41,1,
-43,-36,18,-83,-61,90,72,-67,89,-65,-24,-24,49,-81,-71,-72,8,39,-70,84,-1,
22,52,-4,-74,19,39,63,-91,85,62,-39,91,73,-36,92,-39,-23,-47,67,72,-1,
26,50,-1,-71,23,41,67,-93,86,64,-44,95,74,-36,96,-34,-23,-49,70,80,-1,
78,79,-88,-26,-58,68,-56,55,78,9,34,-53,56,-16,22,70,-87,53,-19,-36,-1,
-43,-37,19,-83,-67,93,67,-65,92,-69,-24,-28,47,-80,-67,-77,11,35,-67,84,-1,
25,52,-5,-73,21,40,67,-98,88,62,-46,95,74,-31,90,-32,-25,-49,65,79,-1,
-56,-28,29,-67,-22,27,-55,-37,-60,-37,28,-12,-63,-42,96,-91,-9,46,-87,98,-1,
21,51,-5,-77,21,35,64,-94,81,62,-46,93,70,-38,90,-33,-28,-49,64,73,-1,
-43,-34,22,-79,-62,92,72,-64,88,-69,-20,-29,50,-85,-66,-78,14,35,-67,82,-1,
-56,-28,28,-65,-30,29,-60,-36,-63,-37,29,-13,-68,-34,97,-86,-13,49,-89,94,-1,
23,47,-3,-72,20,39,63,-96,86,58,-38,91,76,-38,90,-36,-26,-51,65,75,-1,
-61,-29,25,-67,-30,28,-60,-39,-58,-41,30,-14,-61,-42,94,-88,-10,50,-87,97,-1,
-63,-25,28,-65,-29,23,-53,-40,-63,-40,22,-15,-62,-39,95,-90,-9,50,-85,94,-1,
56,-96,94,94,78,-93,-59,-96,44,39,-86,7,-56,0,62,-81,-69,83,-25,42,1,
28,47,-4,-75,20,43,63,-93,83,62,-42,95,72,-38,91,-33,-25,-49,66,73,-1,
59,-97,95,93,81,-87,-61,-95,48,34,-78,11,-60,0,70,-79,-66,87,-30,49,1,
73,81,-87,-24,-58,71,-56,51,79,8,34,-52,54,-14,25,76,-95,55,-17,-41,-1,
56,-88,89,102,80,-91,-60,-94,50,37,-73,8,-52,0,67,-69,-66,91,-19,51,1,
21,56,-4,-73,21,41,67,-96,89,63,-45,100,75,-33,94,-30,-23,-49,69,75,-1,
-40,-36,19,-76,-67,89,71,-63,91,-59,-30,-26,49,-80,-68,-76,15,37,-67,90,-1,
58,-98,97,96,85,-94,-56,-100,47,36,-83,11,-61,4,70,-77,-69,87,-29,48,1,
56,-96,92,96,77,-93,-56,-95,45,34,-81,8,-58,0,70,-83,-65,90,-25,44,1,
57,-93,98,98,84,-91,-57,-96,43,34,-83,15,-59,3,66,-75,-65,88,-23,44,1,
22,54,-3,-69,19,36,68,-95,83,65,-45,95,80,-39,97,-35,-24,-49,66,79,-1,
26,46,-4,-75,16,43,62,-90,82,61,-43,94,71,-39,98,-42,-21,-53,70,73,-1,
25,54,2,-71,22,40,69,-91,90,67,-44,100,72,-29,94,-34,-22,-43,68,73,-1,
77,76,-84,-26,-58,66,-56,53,80,7,34,-53,51,-14,25,66,-88,54,-21,-40,-1,
23,49,-4,-75,20,38,67,-97,87,62,-48,97,69,-38,93,-36,-22,-50,65,75,-1,
21,53,2,-75,23,43,65,-92,87,66,-42,99,73,-26,93,-35,-24,-46,68,82,-1,
-62,-25,25,-64,-34,28,-64,-35,-66,-38,20,-15,-65,-41,94,-91,-15,53,-92,89,-1,
22,55,-4,-73,18,38,65,-95,82,63,-45,91,73,-34,90,-31,-24,-53,67,72,-1,
56,-94,90,94,77,-89,-65,-90,42,36,-81,10,-62,1,69,-79,-68,82,-21,45,1,
-62,-30,20,-63,-30,27,-57,-40,-59,-45,28,-13,-65,-39,89,-87,-10,46,-86,91,-1,
-62,-26,19,-64,-35,25,-58,-41,-66,-38,29,-11,-58,-42,92,-86,-13,56,-93,96,-1,
81,75,-83,-25,-54,72,-54,50,76,10,34,-57,54,-16,24,71,-90,52,-19,-41,-1,
80,80,-85,-25,-54,74,-54,54,78,16,37,-47,55,-16,26,76,-89,58,-14,-32,-1,
-61,-30,24,-65,-31,26,-62,-38,-56,-38,21,-12,-62,-45,92,-98,-12,49,-93,96,-1,
81,79,-80,-23,-55,72,-50,53,82,9,37,-48,60,-16,24,76,-89,60,-16,-34,-1,
-41,-29,22,-78,-63,92,76,-63,91,-60,-27,-22,50,-84,-68,-74,14,39,-67,89,-1,
51,-98,90,90,77,-96,-64,-98,42,34,-84,8,-63,-3,63,-77,-73,85,-25,42,1,
24,50,-3,-70,15,43,58,-90,85,67,-49,97,73,-34,93,-35,-27,-46,65,78,-1,
-33,-31,21,-78,-64,92,74,-62,93,-62,-28,-24,43,-83,-61,-76,12,37,-64,84,-1,
79,77,-85,-22,-66,71,-55,54,80,6,34,-49,57,-16,26,74,-90,54,-15,-35,-1,
-55,-26,27,-63,-31,25,-48,-37,-61,-35,31,-15,-56,-45,102,-89,-11,53,-86,96,-1,
77,79,-90,-20,-59,72,-58,56,79,9,35,-54,56,-16,25,71,-89,60,-26,-36,-1,
-47,-38,18,-87,-65,84,70,-67,88,-71,-24,-29,43,-85,-71,-81,9,34,-71,83,-1,
56,-96,95,92,75,-91,-58,-98,41,37,-84,10,-61,1,67,-79,-67,87,-27,46,1,
-60,-34,21,-64,-32,28,-60,-42,-63,-46,26,-10,-63,-43,94,-90,-16,50,-92,94,-1,
58,-98,96,98,78,-89,-57,-96,42,35,-78,7,-58,5,68,-80,-65,87,-29,50,1,
74,80,-83,-20,-58,69,-56,55,81,7,36,-50,60,-16,28,73,-87,62,-20,-38,-1,
-44,-34,23,-87,-69,85,66,-67,88,-64,-23,-32,47,-91,-67,-84,12,32,-67,82,-1,
23,50,0,-71,19,38,65,-91,82,64,-45,93,76,-35,92,-34,-27,-47,64,76,-1,
-58,-24,21,-66,-30,23,-56,-38,-67,-36,30,-13,-60,-39,96,-96,-7,53,-90,90,-1,
-40,-40,20,-88,-67,89,67,-61,85,-67,-31,-24,43,-81,-71,-73,9,31,-68,83,-1,
27,52,-5,-68,19,42,67,-95,87,60,-39,95,73,-34,95,-35,-23,-50,73,76,-1,
-60,-26,25,-64,-29,31,-55,-34,-63,-37,27,-11,-62,-35,97,-93,-9,52,-85,92,-1,
75,72,-81,-20,-53,75,-52,55,82,14,38,-53,58,-19,27,75,-90,60,-13,-39,-1,
63,-94,99,102,83,-85,-56,-91,47,41,-77,18,-58,5,70,-72,-66,93,-22,50,1,
-47,-34,15,-80,-61,87,73,-68,92,-63,-28,-25,48,-82,-69,-82,15,37,-71,87,-1,
-61,-25,24,-60,-27,27,-57,-29,-61,-38,23,-13,-59,-39,97,-95,-7,52,-87,93,-1,
-62,-30,21,-63,-32,24,-57,-39,-67,-40,29,-13,-61,-43,96,-90,-7,47,-89,91,-1,
79,80,-82,-22,-54,73,-54,54,75,16,33,-52,54,-13,27,75,-86,54,-18,-35,-1,
25,54,-6,-69,20,39,70,-97,83,65,-44,91,74,-33,94,-32,-27,-53,67,81,-1,
-39,-29,20,-77,-62,93,73,-65,99,-61,-24,-24,54,-79,-65,-71,15,41,-64,92,-1,
-42,-29,19,-76,-63,91,70,-64,92,-58,-27,-24,49,-80,-67,-77,17,38,-64,84,-1,
81,77,-77,-25,-55,75,-51,53,84,8,36,-49,57,-10,26,73,-87,58,-14,-40,-1,
24,52,-3,-74,18,45,61,-91,86,69,-42,97,77,-32,96,-35,-25,-50,67,79,-1,
80,77,-83,-24,-60,75,-56,56,79,11,32,-52,57,-12,24,75,-89,55,-18,-38,-1,
80,77,-85,-24,-53,72,-56,56,77,13,34,-54,59,-16,26,75,-90,54,-12,-41,-1,
26,56,2,-71,24,42,67,-87,85,69,-39,95,78,-34,95,-32,-16,-45,71,77,-1,
72,69,-92,-29,-61,66,-56,49,78,4,32,-51,52,-24,19,70,-93,57,-16,-42,-1,
59,-96,95,94,80,-90,-66,-90,46,30,-81,15,-60,0,69,-79,-65,85,-19,46,1,
79,81,-85,-20,-54,71,-50,52,83,10,38,-49,60,-17,30,77,-89,58,-11,-39,-1,
-42,-33,19,-84,-66,90,68,-68,88,-67,-25,-28,47,-84,-71,-74,12,33,-68,84,-1,
-62,-28,23,-60,-31,29,-59,-36,-57,-39,28,-8,-60,-37,91,-87,-11,53,-89,90,-1,
30,50,0,-70,22,45,67,-92,90,69,-42,97,78,-31,95,-32,-21,-46,66,78,-1,
18,55,-7,-70,17,42,59,-92,85,65,-44,93,72,-29,92,-31,-30,-54,65,79,-1,
-60,-29,21,-64,-35,21,-59,-45,-63,-42,27,-13,-60,-48,92,-91,-12,52,-97,94,-1,
54,-94,98,97,82,-90,-56,-95,50,32,-72,9,-57,-1,70,-78,-66,94,-27,44,1,
55,-98,94,100,82,-90,-59,-96,44,41,-76,8,-57,0,66,-71,-70,91,-23,46,1,
21,53,0,-68,21,35,67,-92,84,67,-44,95,80,-34,96,-31,-24,-47,68,79,-1,
-65,-27,23,-64,-40,27,-58,-35,-65,-37,21,-14,-64,-44,96,-95,-14,52,-90,89,-1,
76,74,-79,-21,-57,70,-55,53,79,11,32,-51,57,-13,28,64,-79,56,-19,-39,-1,
80,73,-86,-24,-58,72,-54,51,77,12,31,-52,52,-13,22,73,-89,54,-14,-38,-1,
-42,-31,24,-79,-61,93,78,-71,95,-62,-24,-20,50,-84,-62,-80,15,36,-69,87,-1,
23,54,3,-74,22,42,67,-90,82,72,-43,94,74,-30,91,-38,-25,-49,67,82,-1,
21,51,-3,-73,17,37,64,-96,82,65,-50,93,75,-40,92,-38,-25,-49,64,72,-1,
84,76,-79,-18,-53,76,-54,60,83,14,38,-48,62,-14,27,77,-83,63,-15,-35,-1,
-60,-25,23,-63,-30,24,-56,-39,-60,-35,28,-15,-62,-39,94,-91,-10,50,-89,91,-1,
23,53,-3,-75,22,40,63,-94,82,59,-43,93,77,-34,89,-30,-29,-51,64,78,-1,
79,81,-85,-23,-57,74,-56,59,78,12,36,-51,62,-16,28,75,-89,53,-18,-38,-1,
-40,-38,22,-80,-59,91,71,-61,86,-64,-24,-25,52,-82,-70,-73,19,36,-64,87,-1,
-63,-25,23,-62,-28,27,-54,-35,-63,-36,29,-11,-58,-40,93,-86,-13,55,-89,96,-1,
78,76,-88,-29,-58,71,-62,55,74,9,33,-50,53,-19,27,71,-92,54,-19,-45,-1,
50,-97,92,99,78,-91,-62,-94,41,36,-78,8,-60,1,68,-80,-64,84,-25,44,1,
-59,-29,24,-61,-29,22,-56,-39,-61,-37,27,-10,-58,-43,100,-87,-8,54,-88,94,-1,
-46,-35,15,-81,-69,87,66,-66,82,-69,-28,-32,47,-84,-75,-74,9,37,-74,86,-1,
-62,-23,26,-63,-27,28,-53,-38,-57,-40,27,-10,-59,-40,99,-90,-13,54,-82,95,-1,
55,-94,90,95,80,-91,-57,-95,44,35,-82,9,-62,2,65,-79,-67,89,-29,47,1,
50,-100,93,91,76,-96,-64,-100,45,31,-83,8,-62,-7,65,-82,-71,84,-26,40,1,
80,76,-85,-20,-63,75,-57,57,80,11,39,-50,55,-14,25,73,-93,56,-14,-40,-1,
-63,-26,29,-64,-27,27,-57,-35,-60,-40,24,-10,-64,-37,92,-91,-13,52,-86,93,-1,
-43,-34,21,-82,-62,86,72,-70,94,-64,-25,-29,48,-83,-69,-81,18,36,-69,86,-1,
78,74,-84,-25,-60,71,-59,54,79,5,35,-51,57,-15,20,71,-88,59,-23,-41,-1,
-62,-26,25,-62,-28,27,-54,-34,-58,-33,23,-10,-65,-31,90,-91,-12,54,-86,95,-1,
81,71,-81,-21,-62,75,-54,57,78,4,37,-53,60,-14,24,70,-89,61,-17,-37,-1,
79,76,-85,-21,-57,69,-55,56,77,12,35,-43,53,-18,29,71,-92,61,-20,-37,-1,
78,78,-85,-26,-57,74,-59,59,75,7,36,-54,58,-13,22,71,-88,57,-17,-37,-1,
-59,-27,24,-65,-26,22,-55,-43,-59,-37,21,-9,-66,-36,91,-89,-15,53,-87,94,-1,
23,52,-5,-76,19,36,64,-99,83,63,-43,94,73,-33,91,-37,-25,-53,68,73,-1,
78,76,-85,-26,-59,71,-62,54,77,6,35,-56,56,-16,27,71,-88,55,-23,-42,-1,
-38,-32,23,-80,-58,91,75,-63,92,-61,-25,-23,50,-80,-67,-76,17,40,-64,89,-1,
54,-89,97,94,80,-91,-59,-98,49,32,-81,14,-59,-2,70,-79,-68,91,-25,46,1,
55,-99,96,96,77,-89,-62,-97,45,34,-82,11,-61,-2,67,-83,-69,86,-27,43,1,
86,79,-81,-24,-58,76,-59,58,78,10,37,-50,60,-12,24,75,-84,58,-15,-35,-1,
-56,-29,26,-66,-36,23,-57,-36,-64,-39,28,-11,-64,-40,99,-86,-9,53,-86,94,-1,
24,59,-5,-76,22,45,66,-90,86,70,-43,96,75,-31,95,-31,-22,-49,72,79,-1,
-41,-34,23,-79,-62,92,73,-65,89,-59,-27,-26,50,-84,-67,-78,15,37,-66,85,-1,
-61,-29,24,-65,-28,28,-58,-36,-64,-35,29,-11,-64,-38,94,-87,-14,51,-89,94,-1,
-39,-35,18,-84,-60,91,70,-67,94,-65,-25,-21,53,-85,-66,-77,11,36,-64,87,-1,
-45,-30,20,-79,-64,91,70,-64,91,-62,-24,-22,49,-78,-69,-77,14,42,-69,91,-1,
-38,-30,21,-78,-63,89,72,-65,93,-64,-22,-24,47,-81,-65,-73,18,34,-66,86,-1,
23,52,-5,-75,19,39,64,-96,85,64,-45,99,69,-31,93,-32,-28,-50,67,70,-1,
23,53,-10,-69,18,39,60,-94,84,61,-44,88,77,-38,94,-35,-26,-52,68,73,-1,
57,-96,96,95,87,-89,-58,-93,45,36,-80,15,-62,0,66,-74,-68,91,-30,47,1,
58,-95,93,94,78,-92,-59,-95,44,36,-80,7,-56,1,65,-78,-69,90,-26,45,1,
22,53,3,-75,25,40,67,-89,87,69,-42,96,75,-33,95,-32,-23,-44,65,74,-1,
-40,-33,17,-76,-67,95,71,-66,93,-63,-22,-27,50,-78,-68,-69,5,42,-67,87,-1,
78,76,-83,-28,-54,68,-55,58,79,7,36,-50,57,-15,28,64,-85,57,-12,-38,-1,
52,-98,96,87,80,-97,-63,-96,44,30,-82,7,-58,-3,66,-76,-76,87,-24,44,1,
-40,-34,17,-80,-67,91,68,-69,94,-65,-27,-27,46,-88,-67,-75,12,36,-72,82,-1,
-59,-27,25,-66,-29,29,-61,-37,-59,-40,30,-12,-64,-38,96,-91,-16,53,-88,97,-1,
25,51,-4,-75,23,43,64,-92,88,64,-39,94,72,-30,93,-32,-25,-50,65,77,-1,
78,79,-84,-18,-58,69,-51,54,79,5,40,-53,53,-14,29,72,-93,57,-21,-37,-1,
-64,-27,21,-65,-33,27,-58,-36,-65,-37,24,-18,-63,-39,89,-90,-8,49,-91,92,-1,
32,49,-1,-73,24,44,67,-92,88,63,-42,98,74,-33,95,-28,-20,-48,66,80,-1,
84,77,-79,-24,-56,80,-51,55,81,15,37,-49,58,-13,25,82,-93,60,-9,-35,-1,
-64,-28,24,-63,-34,27,-57,-41,-58,-42,27,-12,-64,-41,94,-90,-12,50,-87,95,-1,
-38,-31,22,-80,-60,90,76,-64,97,-65,-21,-22,51,-78,-65,-77,17,33,-62,91,-1,
20,48,0,-78,22,40,60,-93,83,62,-43,93,71,-36,92,-33,-30,-57,64,73,-1,
77,75,-81,-23,-58,76,-56,55,79,13,32,-47,54,-14,22,77,-89,60,-19,-39,-1,
-64,-29,23,-64,-34,26,-59,-38,-61,-38,22,-15,-66,-39,91,-90,-15,51,-90,91,-1,
84,76,-77,-17,-50,73,-51,59,76,18,35,-49,57,-14,30,75,-88,57,-14,-37,-1,
85,70,-85,-23,-56,72,-54,59,75,7,36,-53,53,-18,23,72,-93,56,-18,-39,-1,
-37,-31,23,-77,-59,94,78,-68,93,-65,-21,-24,48,-78,-63,-75,14,41,-70,90,-1,
54,-99,95,91,75,-92,-60,-98,47,36,-79,7,-60,0,66,-78,-70,90,-27,46,1,
75,75,-84,-24,-57,71,-59,55,71,10,32,-54,54,-15,24,69,-89,57,-21,-37,-1,
80,72,-82,-24,-58,70,-56,53,76,10,36,-55,51,-14,25,69,-87,52,-20,-37,-1,
59,-95,93,96,81,-89,-57,-93,45,37,-77,10,-58,-1,67,-74,-70,91,-26,50,1,
57,-96,92,99,77,-94,-59,-98,49,36,-82,14,-60,1,64,-74,-70,91,-25,47,1,
72,71,-82,-23,-59,76,-54,54,77,8,36,-51,55,-16,22,74,-88,57,-18,-41,-1,
51,-93,90,91,76,-93,-60,-99,45,33,-78,1,-56,-4,65,-78,-69,91,-26,43,1,
20,47,-10,-71,17,37,59,-93,86,56,-42,89,72,-37,92,-39,-28,-48,64,75,-1,
-40,-36,23,-83,-61,94,75,-67,93,-61,-26,-27,52,-80,-67,-84,15,34,-62,83,-1,
56,-95,93,97,79,-89,-61,-99,48,33,-80,9,-56,-4,68,-79,-73,90,-31,50,1,
78,78,-87,-24,-59,73,-58,54,80,9,34,-53,55,-16,23,74,-91,57,-24,-40,-1,
80,76,-83,-18,-57,75,-52,56,79,15,36,-44,58,-17,29,70,-86,58,-14,-33,-1,
-39,-33,19,-75,-61,90,75,-67,96,-58,-28,-22,48,-78,-65,-75,14,38,-65,86,-1,
26,54,-1,-73,25,43,69,-88,88,61,-36,94,74,-30,95,-31,-24,-48,69,78,-1,
-36,-33,23,-80,-59,88,76,-64,101,-61,-23,-22,46,-77,-66,-75,19,38,-61,87,-1,
54,-93,96,91,76,-90,-60,-96,38,34,-81,6,-57,-3,64,-79,-70,87,-20,40,1,
54,-101,95,91,77,-94,-59,-100,42,31,-81,3,-57,-1,67,-84,-68,86,-32,46,1,
-46,-33,17,-81,-59,87,74,-68,92,-62,-24,-25,51,-86,-73,-76,13,41,-72,86,-1,
60,-92,97,94,83,-86,-57,-91,40,34,-77,8,-55,-3,69,-77,-69,89,-23,48,1,
22,52,-1,-74,21,42,61,-92,82,66,-43,94,75,-34,90,-42,-25,-50,69,76,-1,
62,-96,92,102,78,-90,-57,-97,47,36,-82,10,-54,2,67,-79,-64,88,-29,48,1,
26,51,-3,-70,20,47,58,-89,86,64,-41,94,79,-39,94,-34,-30,-49,64,79,-1,
-64,-24,25,-61,-27,23,-59,-34,-61,-42,28,-14,-59,-37,94,-91,-10,53,-88,95,-1,
57,-98,98,94,82,-92,-55,-98,46,38,-83,13,-62,-1,71,-80,-70,89,-31,49,1,
-38,-33,18,-80,-64,90,71,-63,97,-65,-28,-23,45,-81,-64,-75,16,37,-67,85,-1,
72,80,-91,-30,-59,72,-61,53,77,9,34,-51,54,-16,16,71,-90,57,-20,-40,-1,
56,-98,94,93,80,-91,-64,-98,46,36,-76,5,-54,-2,67,-74,-71,87,-24,45,1,
-42,-36,19,-88,-65,88,67,-65,89,-66,-28,-28,46,-83,-71,-75,9,34,-70,86,-1,
22,53,-4,-80,19,33,64,-100,77,66,-46,91,73,-38,87,-36,-28,-56,69,66,-1,
71,74,-85,-24,-61,75,-59,57,76,11,33,-53,59,-18,24,72,-87,56,-18,-37,-1,
56,-96,95,92,76,-93,-61,-98,43,34,-83,10,-58,-6,67,-81,-70,80,-24,45,1,
24,52,-3,-73,16,40,64,-94,86,64,-42,95,73,-34,96,-36,-23,-53,70,73,-1,
24,52,1,-72,21,45,67,-94,98,69,-44,101,76,-29,93,-30,-18,-44,65,80,-1,
81,80,-83,-16,-54,70,-53,57,82,15,34,-45,58,-14,31,77,-86,57,-14,-34,-1,
77,73,-80,-26,-58,73,-56,50,75,9,31,-50,57,-18,25,72,-92,57,-14,-41,-1,
25,51,-2,-75,23,40,67,-97,84,64,-43,94,75,-37,90,-31,-24,-52,69,76,-1,
-41,-31,18,-73,-61,95,75,-65,96,-62,-23,-25,57,-82,-66,-75,15,40,-67,92,-1,
78,81,-88,-22,-60,67,-60,54,78,8,37,-51,53,-16,29,70,-92,56,-24,-38,-1,
83,75,-80,-19,-56,73,-54,58,77,9,39,-51,58,-16,28,72,-92,62,-21,-35,-1,
80,71,-83,-22,-60,71,-54,54,82,10,32,-49,56,-18,23,76,-90,59,-18,-38,-1,
24,53,0,-74,23,41,67,-93,88,67,-39,94,74,-29,90,-34,-26,-47,69,75,-1,
-60,-31,19,-66,-27,22,-59,-40,-65,-38,24,-16,-62,-39,96,-93,-7,49,-88,90,-1,
-64,-27,20,-65,-33,25,-60,-35,-61,-39,25,-13,-59,-41,89,-89,-15,56,-91,94,-1,
80,73,-77,-24,-54,75,-59,60,79,8,36,-49,58,-12,29,72,-86,61,-13,-44,-1,
52,-92,89,96,77,-89,-65,-91,42,30,-76,7,-56,-2,71,-82,-65,86,-24,45,1,
-41,-34,20,-81,-63,90,70,-67,90,-62,-22,-28,49,-82,-64,-76,8,41,-70,86,-1,
-41,-35,23,-78,-63,90,73,-63,95,-63,-23,-24,48,-77,-65,-75,18,35,-64,91,-1,
-59,-24,26,-62,-26,25,-57,-38,-60,-38,29,-14,-63,-33,92,-85,-11,52,-88,97,-1,
57,-93,92,95,81,-88,-65,-90,47,36,-78,9,-57,3,68,-77,-65,82,-26,52,1,
78,75,-83,-24,-58,69,-54,54,83,9,37,-49,54,-16,26,73,-89,59,-16,-37,-1,
21,54,-8,-71,15,39,62,-95,84,60,-43,94,77,-36,97,-44,-27,-53,65,75,-1,
-62,-25,22,-64,-33,28,-57,-39,-63,-44,28,-15,-58,-45,90,-89,-12,51,-92,92,-1,
52,-105,96,92,75,-92,-63,-98,43,34,-81,11,-59,-2,62,-79,-71,89,-34,41,1,
80,75,-87,-24,-58,69,-59,53,82,10,35,-51,52,-17,23,74,-90,60,-24,-37,-1,
-64,-34,22,-67,-30,21,-58,-38,-65,-40,28,-15,-66,-42,91,-88,-17,51,-90,92,-1,
-39,-33,17,-79,-63,89,75,-66,92,-61,-27,-26,49,-79,-71,-75,9,38,-66,88,-1,
83,79,-81,-19,-55,75,-53,54,87,11,41,-51,60,-15,32,74,-89,61,-12,-38,-1,
19,54,-5,-73,20,35,66,-97,85,58,-45,95,70,-32,91,-33,-30,-49,68,71,-1,
-42,-33,18,-82,-64,88,69,-76,91,-66,-30,-27,45,-83,-67,-82,10,34,-69,81,-1,
82,82,-85,-22,-51,75,-54,57,80,14,37,-48,53,-14,29,75,-88,60,-19,-37,-1,
-45,-29,17,-74,-63,91,71,-72,99,-61,-27,-24,51,-80,-68,-79,16,37,-64,86,-1,
-44,-30,17,-82,-63,89,70,-66,94,-67,-22,-25,47,-81,-67,-77,11,38,-69,85,-1,
54,-93,94,97,79,-88,-60,-100,47,39,-82,11,-60,-2,65,-79,-68,89,-28,45,1,
54,-100,92,98,78,-87,-64,-95,44,36,-75,7,-58,-1,65,-76,-68,89,-28,47,1,
56,-95,97,95,79,-88,-61,-98,44,35,-77,11,-56,-3,66,-74,-70,88,-27,47,1,
78,76,-82,-27,-54,67,-59,55,81,16,33,-50,59,-22,25,74,-88,59,-21,-37,-1,
76,79,-88,-22,-57,70,-56,56,83,12,36,-53,57,-16,24,78,-90,56,-15,-39,-1,
22,49,-5,-73,18,37,61,-92,81,64,-42,88,75,-37,85,-28,-31,-46,64,77,-1,
24,47,-2,-75,21,39,69,-97,83,61,-48,91,71,-34,90,-33,-30,-51,60,77,-1,
81,84,-79,-19,-49,76,-52,62,85,18,41,-45,64,-12,36,76,-83,60,-7,-35,-1,
52,-94,85,94,77,-95,-63,-98,43,34,-84,8,-59,-7,63,-76,-75,87,-27,44,1,
81,72,-78,-24,-52,63,-55,55,79,10,33,-50,56,-18,30,66,-87,57,-16,-42,-1,
53,-96,93,98,80,-94,-58,-103,42,33,-86,11,-61,0,73,-82,-69,90,-31,44,1,
55,-97,92,95,78,-86,-61,-92,43,35,-75,6,-55,-2,69,-78,-69,95,-27,43,1,
-61,-29,26,-63,-20,24,-56,-36,-61,-36,28,-12,-64,-34,99,-85,-10,49,-83,98,-1,
-43,-31,17,-83,-67,89,68,-66,90,-73,-17,-28,52,-86,-65,-74,7,38,-73,91,-1,
16,53,-5,-76,19,38,60,-90,78,68,-46,91,72,-35,92,-38,-28,-51,66,75,-1,
-41,-29,19,-78,-60,91,71,-63,91,-58,-21,-23,51,-83,-62,-78,11,40,-66,85,-1,
55,-95,94,99,77,-93,-56,-95,42,36,-83,12,-57,0,69,-82,-65,88,-23,41,1,
55,-97,100,92,82,-91,-58,-98,43,33,-79,8,-58,-2,70,-80,-68,89,-28,47,1,
-57,-25,23,-67,-29,24,-56,-38,-62,-39,30,-17,-60,-43,93,-90,-6,53,-88,93,-1,
-63,-24,26,-60,-29,25,-58,-36,-58,-37,31,-11,-62,-36,97,-90,-7,51,-85,93,-1,
-63,-28,25,-65,-30,26,-56,-33,-66,-34,22,-15,-65,-33,93,-92,-8,52,-87,92,-1,
80,77,-88,-21,-55,75,-57,55,79,8,41,-53,57,-17,29,75,-90,58,-14,-40,-1,
-67,-25,16,-63,-30,26,-58,-37,-63,-39,24,-14,-62,-42,90,-87,-11,51,-87,90,-1,
-63,-30,23,-66,-32,25,-63,-37,-65,-38,24,-13,-63,-40,93,-86,-14,49,-90,90,-1,
-63,-29,23,-64,-33,27,-59,-40,-66,-36,30,-11,-60,-42,97,-85,-16,51,-92,94,-1,
-44,-33,20,-80,-63,92,71,-71,94,-71,-21,-27,57,-86,-61,-80,12,32,-67,85,-1,
57,-99,93,92,77,-95,-60,-99,41,36,-85,3,-53,-1,66,-80,-70,83,-26,47,1,
-62,-29,21,-65,-33,26,-56,-43,-60,-39,24,-10,-62,-41,95,-87,-12,52,-85,96,-1,
26,51,-4,-72,16,38,66,-99,81,62,-47,89,72,-37,89,-36,-26,-56,66,75,-1,
21,51,-7,-70,15,32,62,-98,81,62,-47,89,71,-39,86,-30,-31,-51,64,70,-1,
-40,-30,18,-80,-65,91,69,-66,91,-66,-27,-23,44,-81,-70,-73,13,32,-64,84,-1,
28,50,-1,-71,21,43,68,-97,90,65,-42,99,74,-35,94,-35,-20,-50,74,78,-1,
26,57,0,-67,22,45,64,-90,92,70,-41,99,77,-32,92,-35,-21,-41,72,77,-1,
57,-95,99,98,77,-86,-59,-96,42,40,-79,8,-53,0,61,-73,-71,92,-26,48,1,
55,-100,90,92,71,-93,-62,-102,40,30,-84,5,-62,1,64,-81,-73,87,-34,48,1,
-34,-34,26,-77,-63,95,74,-62,92,-61,-27,-24,44,-78,-63,-77,16,38,-64,84,-1,
86,77,-84,-22,-55,71,-51,59,83,8,35,-47,55,-16,30,72,-91,61,-20,-33,-1,
77,77,-83,-20,-52,70,-56,57,81,14,35,-48,56,-16,28,79,-90,63,-18,-38,-1,
-43,-30,14,-84,-63,90,70,-63,96,-67,-28,-21,44,-80,-68,-73,13,32,-68,83,-1,
22,55,-3,-67,17,43,64,-94,87,62,-48,95,78,-34,96,-35,-28,-50,63,78,-1,
-35,-31,24,-78,-58,93,77,-61,96,-59,-22,-19,50,-86,-56,-75,15,39,-62,86,-1,
-63,-29,27,-66,-34,28,-57,-36,-64,-36,26,-8,-64,-37,94,-85,-12,52,-87,95,-1,
-64,-26,25,-69,-36,25,-62,-37,-62,-42,24,-12,-66,-45,94,-94,-10,48,-89,96,-1,
21,48,-2,-72,18,41,63,-90,84,63,-44,94,73,-33,91,-35,-26,-44,68,81,-1,
80,77,-86,-23,-58,75,-56,57,80,11,35,-48,53,-14,24,73,-92,59,-13,-40,-1,
-40,-36,20,-79,-64,91,71,-72,94,-67,-28,-27,49,-85,-67,-80,17,31,-65,83,-1,
73,76,-89,-21,-61,67,-58,48,77,9,34,-56,54,-20,28,73,-90,52,-18,-40,-1,
81,77,-82,-21,-58,74,-54,57,80,13,38,-49,58,-14,31,72,-86,57,-13,-33,-1,
81,78,-83,-21,-57,77,-56,57,82,11,41,-52,58,-11,27,77,-92,64,-16,-34,-1,
21,46,-6,-71,18,38,61,-97,87,64,-49,94,76,-38,91,-33,-22,-50,64,79,-1,
-54,-20,31,-60,-28,30,-52,-36,-56,-36,29,-4,-55,-37,101,-83,-10,60,-84,104,-1,
-40,-30,18,-81,-60,91,72,-64,97,-64,-25,-21,45,-79,-68,-78,16,39,-65,85,-1,
-66,-28,22,-63,-27,26,-57,-37,-67,-40,23,-13,-64,-40,93,-90,-7,49,-89,93,-1,
-65,-28,20,-61,-36,21,-58,-37,-58,-39,24,-15,-60,-44,92,-93,-10,52,-91,98,-1,
78,76,-82,-27,-54,76,-56,55,79,12,36,-52,56,-14,21,75,-87,56,-14,-38,-1,
25,52,-7,-70,18,41,62,-98,88,60,-46,95,73,-42,93,-35,-25,-55,69,72,-1,
50,-105,94,88,76,-99,-66,-103,42,31,-86,9,-63,-5,65,-81,-74,84,-31,39,1,
-45,-36,16,-82,-65,86,69,-70,91,-69,-26,-26,49,-85,-68,-75,8,35,-68,80,-1,
-64,-28,23,-63,-33,25,-56,-38,-62,-33,22,-9,-62,-39,100,-88,-5,49,-83,93,-1,
-64,-30,26,-67,-27,23,-56,-37,-68,-39,24,-13,-66,-39,96,-90,-13,48,-87,95,-1,
-36,-37,23,-83,-62,91,74,-63,92,-63,-26,-23,48,-80,-64,-77,14,35,-67,90,-1,
26,48,-2,-72,18,37,66,-102,84,64,-50,96,73,-37,90,-34,-28,-52,62,74,-1,
22,55,-8,-72,15,41,63,-100,88,63,-50,98,73,-38,94,-33,-28,-53,68,71,-1,
82,78,-86,-23,-57,68,-57,53,76,10,34,-47,51,-14,25,70,-90,57,-19,-38,-1,
-63,-28,22,-62,-28,25,-54,-42,-61,-38,26,-13,-60,-43,93,-83,-9,50,-88,96,-1,
79,81,-80,-25,-49,70,-51,47,83,8,34,-48,59,-19,28,71,-88,57,-14,-43,-1,
59,-98,98,95,83,-91,-54,-95,42,39,-81,9,-57,2,64,-76,-67,90,-24,43,1,
-37,-36,23,-85,-64,88,71,-68,87,-64,-26,-26,45,-81,-68,-77,13,31,-66,85,-1,
77,77,-84,-17,-55,74,-57,54,81,15,34,-51,53,-16,30,72,-90,61,-20,-41,-1,
84,74,-83,-18,-57,73,-55,56,76,10,35,-54,57,-19,32,69,-91,57,-19,-38,-1,
-38,-34,17,-80,-64,91,73,-70,96,-61,-28,-25,47,-80,-66,-75,9,35,-66,84,-1,
23,51,-6,-73,13,41,62,-92,84,60,-41,94,71,-35,93,-36,-26,-48,68,74,-1,
80,77,-83,-26,-58,73,-58,53,75,10,35,-53,54,-14,25,70,-92,57,-23,-39,-1,
-40,-33,23,-84,-58,90,73,-68,88,-59,-26,-27,50,-87,-69,-76,15,34,-66,83,-1,
65,-95,97,97,85,-89,-56,-88,47,38,-78,16,-58,6,70,-73,-67,89,-24,51,1,
24,55,-5,-69,17,41,64,-94,86,64,-46,95,76,-33,96,-30,-27,-50,66,78,-1,
79,76,-82,-24,-60,78,-59,56,75,12,37,-51,54,-14,27,73,-91,62,-22,-35,-1,
25,54,-1,-71,20,45,65,-95,92,68,-45,102,73,-32,97,-30,-20,-49,72,78,-1,
56,-96,95,94,84,-89,-58,-93,46,32,-72,7,-58,-1,69,-78,-65,88,-26,48,1,
-41,-29,20,-76,-68,95,67,-61,91,-64,-24,-26,50,-80,-67,-69,15,37,-66,88,-1,
-40,-36,25,-81,-65,91,74,-67,88,-61,-27,-27,51,-83,-66,-80,16,30,-64,85,-1,
26,49,-5,-69,22,48,64,-95,93,64,-45,98,75,-37,98,-27,-23,-51,67,83,-1,
-45,-33,15,-85,-68,83,69,-72,92,-72,-23,-27,43,-86,-66,-81,3,37,-73,85,-1,
-40,-33,25,-74,-61,95,73,-62,91,-58,-25,-22,48,-81,-66,-72,22,36,-66,85,-1,
54,-91,94,96,79,-90,-62,-97,46,33,-82,10,-57,-2,68,-82,-67,85,-28,46,1,
60,-100,93,100,77,-87,-63,-96,47,30,-73,9,-52,-6,68,-78,-66,91,-30,49,1,
57,-92,97,98,84,-89,-59,-99,46,37,-80,10,-57,1,68,-74,-69,90,-24,46,1,
78,76,-83,-19,-56,72,-56,60,79,12,35,-49,57,-14,27,71,-87,58,-19,-37,-1,
27,52,-2,-70,19,40,61,-90,88,63,-35,90,79,-32,97,-38,-25,-50,64,71,-1,
54,-102,93,93,77,-93,-60,-97,47,37,-77,5,-60,-2,67,-75,-74,91,-26,48,1,
84,80,-82,-23,-52,73,-55,59,81,11,41,-49,56,-13,30,72,-90,58,-14,-38,-1,
-42,-30,20,-79,-61,91,72,-66,94,-61,-25,-22,48,-81,-65,-74,12,36,-66,87,-1,
-60,-27,24,-66,-32,30,-58,-38,-61,-41,27,-12,-69,-36,94,-93,-14,45,-87,93,-1,
-64,-28,24,-63,-36,22,-58,-37,-61,-40,29,-13,-64,-46,96,-90,-11,49,-89,91,-1,
23,54,-5,-74,22,40,62,-90,83,67,-42,90,75,-33,89,-40,-24,-48,62,76,-1,
54,-94,91,98,76,-89,-63,-97,42,33,-76,7,-55,-5,69,-76,-72,91,-27,45,1,
-62,-25,26,-64,-29,28,-61,-30,-64,-40,25,-14,-63,-39,96,-88,-11,51,-88,95,-1,
80,78,-86,-25,-58,70,-58,52,76,5,32,-49,55,-17,25,68,-88,57,-24,-37,-1,
53,-97,93,94,76,-90,-61,-106,43,31,-85,8,-65,-2,59,-83,-69,88,-32,43,1,
55,-101,96,91,78,-95,-59,-101,40,36,-88,10,-61,-1,64,-79,-75,88,-29,39,1,
60,-93,95,95,81,-93,-56,-95,48,36,-85,11,-54,0,63,-75,-70,92,-24,44,1,
26,54,-4,-75,18,45,63,-91,84,69,-41,97,73,-30,91,-34,-21,-50,71,78,-1,
26,53,1,-75,20,48,62,-89,88,67,-39,97,72,-28,87,-31,-24,-46,68,78,-1,
23,45,-6,-75,19,38,60,-95,86,60,-40,95,71,-37,97,-33,-26,-52,73,72,-1,
61,-99,94,98,75,-87,-59,-94,41,35,-78,10,-59,-2,69,-79,-69,92,-20,46,1,
77,78,-84,-18,-62,74,-59,56,77,12,34,-50,60,-14,26,73,-88,58,-20,-38,-1,
59,-95,88,94,80,-95,-60,-97,50,32,-85,12,-61,-3,67,-79,-72,89,-28,47,1,
71,78,-93,-30,-57,67,-59,53,74,9,30,-53,52,-19,16,71,-91,49,-22,-43,-1,
23,48,-5,-70,13,40,61,-97,88,63,-44,94,68,-34,90,-34,-30,-50,66,75,-1,
77,75,-84,-23,-56,69,-55,57,80,12,32,-47,56,-17,24,74,-90,56,-17,-39,-1,
-44,-30,21,-83,-62,90,72,-68,93,-61,-26,-24,49,-85,-68,-75,14,38,-69,86,-1,
59,-91,91,101,80,-91,-59,-95,52,37,-80,12,-55,-1,65,-71,-74,92,-26,49,1,
-39,-30,23,-78,-63,91,75,-66,95,-64,-23,-22,43,-77,-67,-74,15,39,-64,86,-1,
78,79,-85,-23,-59,73,-57,55,78,13,37,-56,56,-17,28,70,-91,55,-16,-36,-1,
-36,-31,18,-79,-63,90,68,-64,95,-67,-21,-24,48,-83,-63,-76,15,37,-65,90,-1,
78,79,-87,-21,-59,75,-55,57,78,12,35,-49,56,-16,23,74,-90,58,-22,-36,-1,
22,57,0,-69,23,42,69,-89,88,61,-42,95,76,-34,92,-25,-23,-46,66,79,-1,
76,77,-79,-24,-57,71,-56,54,78,10,34,-48,58,-14,21,75,-84,58,-20,-40,-1,
55,-98,91,96,73,-91,-65,-99,46,34,-78,7,-57,-5,65,-80,-71,88,-25,39,1,
57,-95,102,95,85,-85,-58,-94,50,42,-73,12,-55,0,76,-75,-67,92,-29,51,1,
58,-96,98,92,79,-90,-60,-97,42,35,-82,11,-61,0,69,-77,-73,89,-22,43,1,
-39,-35,19,-80,-63,93,70,-67,94,-65,-25,-24,49,-82,-67,-75,14,34,-65,86,-1,
80,77,-82,-21,-59,76,-54,54,81,12,36,-50,58,-14,28,76,-89,60,-18,-37,-1,
31,52,0,-72,19,44,69,-95,87,68,-41,98,75,-33,95,-37,-18,-48,70,74,-1,
24,51,-3,-74,18,41,66,-91,86,67,-44,98,75,-33,96,-27,-23,-46,67,78,-1,
78,74,-84,-31,-54,69,-57,49,77,4,36,-57,51,-18,26,73,-89,56,-21,-40,-1,
-60,-22,28,-63,-30,30,-49,-40,-56,-39,27,-14,-59,-40,94,-90,-13,52,-86,98,-1,
52,-95,92,96,73,-93,-60,-100,43,34,-83,6,-56,-2,67,-83,-68,89,-28,42,1,
57,-91,94,100,82,-93,-59,-94,49,34,-80,15,-58,0,63,-73,-70,89,-21,44,1,
-70,-27,20,-61,-37,24,-61,-40,-63,-41,24,-9,-64,-44,95,-84,-12,49,-88,90,-1,
80,73,-86,-26,-59,71,-59,55,77,10,36,-61,57,-18,23,71,-92,55,-17,-40,-1,
22,50,-2,-78,20,42,61,-91,83,64,-44,96,73,-36,95,-38,-26,-51,68,75,-1,
82,74,-86,-18,-56,75,-56,58,80,12,34,-49,59,-17,24,74,-90,61,-16,-39,-1,
77,73,-80,-19,-59,74,-52,50,76,7,36,-52,55,-17,26,67,-90,60,-19,-38,-1,
55,-99,94,88,79,-96,-60,-101,43,29,-82,2,-58,-1,66,-82,-72,87,-29,40,1,
84,81,-78,-19,-53,80,-53,57,81,18,41,-50,61,-13,31,79,-86,61,-13,-33,-1,
54,-100,99,88,79,-90,-61,-99,42,31,-79,7,-63,-1,70,-82,-66,83,-28,45,1,
75,76,-85,-19,-62,73,-56,57,74,12,36,-50,54,-14,26,72,-90,57,-19,-38,-1,
54,-92,93,94,86,-94,-55,-97,49,36,-81,11,-64,-1,72,-79,-69,89,-26,45,1,
25,52,1,-73,23,41,69,-96,87,67,-44,94,75,-32,92,-37,-26,-50,67,78,-1,
53,-95,91,93,78,-92,-62,-99,45,34,-82,10,-64,-1,66,-78,-67,85,-25,42,1,
59,-99,96,88,79,-92,-61,-95,42,34,-80,7,-59,-1,68,-77,-73,87,-23,44,1,
-64,-28,26,-61,-34,27,-53,-37,-62,-41,28,-12,-61,-38,98,-90,-10,53,-84,92,-1,
74,76,-85,-27,-55,63,-50,45,80,11,30,-51,53,-23,24,69,-85,48,-17,-39,-1,
59,-93,95,96,82,-86,-61,-91,46,36,-77,11,-61,4,70,-79,-67,88,-25,47,1,
22,50,0,-74,20,42,63,-91,83,62,-44,96,73,-36,96,-34,-29,-50,67,75,-1,
-40,-36,19,-82,-63,90,68,-70,97,-68,-24,-26,48,-80,-68,-73,11,36,-67,89,-1,
58,-99,90,92,74,-92,-61,-100,44,31,-83,4,-60,-2,61,-81,-74,89,-25,40,1,
56,-101,94,98,80,-90,-61,-98,43,37,-81,13,-64,0,65,-79,-65,84,-29,46,1,
-40,-33,24,-79,-66,94,73,-65,89,-65,-22,-26,50,-78,-65,-75,8,38,-65,85,-1,
-60,-26,22,-60,-27,25,-53,-37,-62,-39,28,-19,-64,-35,94,-88,-10,51,-88,93,-1,
-63,-32,23,-65,-31,25,-56,-43,-67,-44,26,-15,-64,-48,98,-95,-10,43,-89,87,-1,
-58,-24,27,-62,-29,26,-53,-36,-63,-33,29,-11,-60,-38,100,-90,-5,51,-86,94,-1,
-61,-28,20,-65,-30,23,-57,-40,-63,-42,29,-14,-63,-40,94,-90,-10,48,-87,93,-1,
80,79,-84,-19,-56,73,-53,54,77,11,32,-49,55,-15,28,72,-87,56,-21,-38,-1,
-59,-27,21,-60,-31,27,-55,-37,-59,-42,24,-13,-58,-41,95,-90,-11,51,-87,91,-1,
54,-97,93,90,77,-94,-60,-95,43,34,-80,7,-58,-2,71,-81,-73,90,-26,42,1,
-40,-29,22,-79,-61,93,76,-68,96,-67,-17,-21,53,-81,-63,-75,14,36,-65,89,-1,
-44,-35,19,-84,-65,93,66,-66,94,-69,-26,-26,45,-81,-67,-75,14,35,-71,84,-1,
-67,-35,27,-62,-35,19,-63,-36,-62,-40,24,-10,-68,-43,94,-89,-11,47,-90,89,-1,
55,-100,96,91,78,-95,-60,-95,44,31,-80,6,-61,4,62,-79,-71,85,-28,45,1,
77,78,-85,-22,-59,72,-52,51,81,9,38,-54,59,-21,30,76,-92,57,-18,-35,-1,
-62,-24,23,-60,-29,21,-54,-41,-59,-42,30,-12,-64,-37,95,-89,-10,51,-85,92,-1,
-64,-24,23,-65,-28,29,-55,-36,-64,-35,28,-14,-60,-37,94,-87,-12,51,-85,91,-1,
-37,-31,18,-76,-62,92,72,-63,97,-65,-24,-23,52,-80,-64,-76,20,36,-65,90,-1,
-68,-25,20,-65,-32,23,-58,-43,-62,-36,23,-10,-66,-42,92,-91,-13,48,-89,93,-1,
-38,-33,23,-81,-62,91,71,-68,94,-64,-21,-28,49,-78,-67,-70,13,38,-66,90,-1,
52,-95,95,93,78,-93,-60,-97,43,34,-82,6,-56,-4,64,-79,-73,87,-23,40,1,
-43,-33,18,-74,-66,94,72,-65,91,-67,-22,-25,48,-75,-64,-72,10,40,-71,90,-1,
-62,-31,20,-64,-35,24,-63,-41,-59,-43,23,-10,-64,-42,89,-93,-14,53,-93,93,-1,
-61,-31,19,-63,-31,21,-58,-38,-59,-45,29,-16,-61,-45,92,-91,-10,50,-88,90,-1,
27,50,1,-75,21,41,69,-91,85,66,-42,97,75,-32,98,-34,-23,-48,68,77,-1,
21,51,-7,-69,18,38,64,-96,86,61,-47,95,74,-36,94,-32,-28,-47,64,78,-1,
75,76,-85,-21,-56,70,-56,55,80,9,35,-50,54,-13,24,77,-88,58,-20,-39,-1,
23,54,-2,-72,22,37,69,-97,85,66,-50,96,73,-34,93,-31,-24,-50,65,74,-1,
-44,-35,19,-83,-64,85,69,-72,95,-65,-27,-30,44,-84,-65,-80,13,34,-70,83,-1,
55,-96,94,97,77,-95,-56,-100,47,34,-80,5,-54,-1,63,-78,-73,91,-28,42,1,
80,78,-87,-22,-52,71,-55,51,87,9,38,-49,55,-16,28,77,-88,61,-15,-41,-1,
-39,-33,21,-81,-66,92,68,-62,90,-64,-23,-29,47,-83,-68,-74,15,36,-68,85,-1,
-64,-30,25,-64,-32,27,-57,-39,-66,-45,29,-15,-61,-38,91,-90,-13,49,-91,91,-1,
-59,-25,27,-62,-28,27,-54,-36,-63,-39,29,-4,-64,-33,94,-89,-10,55,-86,92,-1,
-43,-33,19,-79,-65,89,69,-74,94,-63,-27,-27,44,-83,-69,-74,10,37,-69,81,-1,
52,-93,87,97,74,-94,-63,-96,44,33,-86,12,-60,-5,68,-84,-69,84,-29,43,1,
23,54,-1,-74,18,41,63,-93,83,66,-52,100,70,-33,92,-35,-26,-51,65,71,-1,
79,77,-83,-26,-54,68,-59,58,79,9,34,-48,58,-18,26,72,-91,60,-18,-40,-1,
54,-95,86,100,75,-91,-65,-100,44,31,-82,10,-60,0,59,-78,-69,90,-32,44,1,
79,76,-80,-21,-58,75,-58,53,79,17,33,-51,56,-13,27,80,-87,57,-17,-37,-1,
20,49,-4,-76,14,41,61,-87,83,61,-43,89,70,-37,94,-38,-25,-49,62,70,-1,
-56,-29,20,-65,-26,21,-56,-43,-57,-44,29,-12,-58,-44,94,-90,-11,54,-88,97,-1,
24,54,-1,-72,22,34,67,-98,83,66,-48,98,69,-34,90,-39,-21,-49,73,68,-1,
23,54,0,-71,20,44,65,-94,91,65,-41,101,78,-32,96,-33,-21,-49,72,78,-1,
-44,-32,17,-79,-60,90,76,-68,89,-66,-23,-25,51,-83,-71,-76,17,34,-73,90,-1,
55,-102,97,91,78,-95,-56,-103,41,34,-83,8,-62,0,71,-82,-69,88,-28,43,1,
56,-102,91,91,75,-96,-62,-97,42,31,-86,7,-61,2,64,-84,-70,85,-34,46,1,
29,55,-2,-65,17,46,64,-93,90,71,-44,99,77,-34,94,-30,-21,-45,73,81,-1,
80,71,-82,-26,-62,73,-58,54,78,10,35,-58,50,-11,20,70,-90,57,-24,-35,-1,
-44,-30,20,-77,-64,90,76,-64,93,-63,-25,-22,49,-84,-69,-76,14,38,-67,85,-1,
77,76,-87,-21,-62,72,-56,53,80,6,37,-54,55,-16,25,72,-94,58,-18,-40,-1,
-59,-33,28,-67,-29,27,-60,-37,-60,-45,29,-10,-66,-38,91,-87,-13,51,-87,98,-1,
26,55,-4,-68,24,47,66,-91,94,68,-37,96,82,-32,98,-27,-23,-46,71,83,-1,
54,-94,94,95,82,-90,-62,-94,44,33,-76,11,-56,-5,66,-73,-72,91,-27,43,1,
-34,-34,30,-79,-57,93,75,-58,90,-56,-22,-23,53,-81,-64,-69,19,40,-61,91,-1,
21,53,-7,-75,19,39,64,-96,84,63,-46,95,73,-36,91,-35,-26,-49,69,72,-1,
23,51,-8,-73,22,40,61,-96,85,63,-45,93,71,-36,89,-31,-29,-51,66,76,-1,
81,80,-84,-22,-51,73,-52,56,81,10,36,-46,55,-13,26,70,-91,61,-14,-39,-1,
80,75,-87,-27,-59,77,-62,58,66,14,38,-56,55,-22,27,71,-93,57,-21,-34,-1,
26,50,-5,-69,19,43,65,-92,89,63,-41,95,77,-41,99,-33,-23,-48,68,78,-1,
76,77,-85,-23,-61,74,-62,59,75,6,36,-54,55,-11,23,68,-91,57,-25,-41,-1,
-62,-28,23,-65,-30,25,-56,-41,-59,-40,25,-10,-60,-48,98,-92,-10,47,-85,94,-1,
29,52,0,-67,22,48,68,-91,86,70,-41,96,79,-30,98,-35,-24,-49,69,85,-1,
57,-99,92,92,81,-90,-62,-94,41,34,-81,5,-58,0,68,-79,-70,87,-29,48,1,
-60,-28,21,-65,-27,26,-61,-36,-63,-41,26,-15,-67,-34,90,-93,-10,50,-90,91,-1,
21,49,-5,-70,19,41,63,-91,86,60,-43,93,77,-38,93,-35,-27,-45,64,81,-1,
22,53,-7,-73,13,40,64,-96,86,59,-43,90,77,-38,96,-38,-23,-56,63,76,-1,
21,50,-4,-74,18,35,64,-101,81,62,-47,91,74,-36,88,-36,-29,-55,64,74,-1,
-39,-28,20,-80,-56,93,75,-65,99,-59,-20,-24,53,-79,-65,-74,13,41,-64,87,-1,
-41,-33,18,-77,-64,94,69,-65,92,-67,-22,-25,50,-82,-66,-72,12,41,-67,85,-1,
-62,-29,17,-63,-33,23,-60,-43,-67,-43,27,-17,-62,-40,94,-87,-13,47,-93,91,-1,
56,-94,94,97,83,-90,-60,-94,46,36,-79,12,-59,-1,72,-80,-66,87,-21,44,1,
22,51,-1,-71,19,40,60,-91,81,68,-41,96,75,-36,94,-34,-32,-48,72,75,-1,
21,55,-3,-72,21,41,63,-92,84,66,-46,98,75,-33,95,-35,-23,-49,70,78,-1,
-40,-31,20,-82,-61,93,71,-65,93,-64,-26,-22,51,-82,-69,-77,18,35,-65,86,-1,
82,72,-80,-24,-58,70,-56,54,77,9,32,-48,50,-14,26,66,-87,58,-21,-39,-1,
-63,-26,22,-63,-31,29,-59,-42,-60,-43,26,-7,-64,-40,89,-89,-14,48,-90,89,-1,
26,58,-4,-69,18,47,62,-90,86,70,-46,98,77,-34,92,-31,-27,-43,69,78,-1,
24,50,-4,-73,18,39,65,-95,83,60,-44,89,72,-37,92,-37,-27,-53,67,75,-1,
-40,-29,22,-81,-64,97,70,-65,95,-57,-21,-26,56,-85,-66,-74,16,35,-67,88,-1,
-39,-29,22,-76,-59,96,74,-65,99,-63,-19,-21,50,-81,-62,-72,15,40,-64,88,-1,
54,-102,93,97,76,-94,-61,-102,46,34,-82,10,-58,-3,66,-77,-75,92,-29,40,1,
80,79,-81,-26,-56,74,-55,55,77,10,41,-52,61,-17,25,75,-89,59,-16,-34,-1,
-36,-32,22,-81,-59,93,73,-67,95,-68,-24,-23,50,-82,-64,-76,17,35,-65,86,-1,
26,50,-4,-73,18,44,59,-94,86,67,-49,99,70,-34,92,-31,-27,-51,67,76,-1,
74,79,-88,-27,-60,68,-59,47,77,5,35,-60,55,-17,23,70,-91,54,-23,-40,-1,
70,75,-85,-21,-58,67,-55,49,79,7,31,-51,55,-19,25,73,-92,57,-20,-41,-1,
53,-98,91,94,80,-96,-63,-97,43,35,-89,11,-59,-3,63,-82,-75,84,-30,40,1,
20,48,-2,-73,21,37,60,-90,86,65,-45,94,72,-36,93,-34,-27,-47,63,77,-1,
53,-100,96,92,82,-94,-59,-100,44,31,-82,12,-60,-6,66,-80,-71,92,-31,40,1,
56,-94,93,95,85,-96,-58,-94,47,38,-84,12,-56,2,62,-73,-71,88,-26,41,1,
83,73,-84,-29,-60,72,-63,54,79,15,35,-53,55,-20,27,72,-89,58,-14,-37,-1,
-60,-27,19,-60,-32,27,-59,-38,-63,-40,31,-12,-57,-40,97,-88,-9,53,-92,100,-1,
76,77,-84,-26,-61,67,-57,46,81,13,31,-49,53,-21,25,72,-85,54,-21,-36,-1,
76,79,-87,-25,-53,73,-60,58,77,14,35,-51,58,-20,28,71,-86,58,-15,-43,-1,
76,75,-88,-27,-55,73,-58,55,72,14,36,-54,54,-22,24,70,-90,52,-15,-40,-1,
-58,-29,24,-61,-26,23,-55,-38,-58,-39,29,-12,-59,-36,95,-84,-8,53,-85,96,-1,
-62,-22,30,-64,-25,30,-52,-36,-59,-35,27,-8,-62,-39,96,-84,-10,51,-83,99,-1,
53,-101,92,93,74,-90,-63,-94,40,35,-79,5,-60,-4,63,-82,-72,83,-29,43,1,
-64,-31,28,-66,-33,29,-62,-37,-63,-40,23,-11,-67,-44,93,-89,-10,46,-91,92,-1,
76,77,-83,-18,-56,71,-49,52,84,11,38,-46,56,-17,30,74,-89,59,-17,-38,-1,
52,-104,92,91,76,-92,-66,-100,40,35,-78,3,-57,-5,64,-75,-74,85,-29,42,1,
-42,-37,21,-77,-64,89,73,-70,95,-57,-28,-27,50,-80,-68,-76,13,39,-65,84,-1,
80,82,-83,-16,-57,79,-52,55,77,18,38,-51,57,-14,31,76,-88,58,-16,-29,-1,
54,-96,96,91,81,-93,-59,-100,41,36,-87,9,-58,-5,65,-81,-70,84,-28,43,1,
81,74,-81,-26,-54,63,-55,52,78,11,33,-49,56,-23,29,70,-90,59,-20,-37,-1,
-62,-28,20,-66,-32,27,-61,-37,-63,-40,24,-18,-60,-43,91,-92,-13,50,-93,95,-1,
80,73,-81,-23,-52,72,-52,56,81,12,35,-46,55,-16,23,76,-89,60,-14,-40,-1,
78,73,-83,-27,-56,71,-59,56,79,6,36,-55,55,-15,28,68,-87,59,-19,-42,-1,
-65,-29,22,-69,-32,21,-57,-40,-68,-40,26,-13,-68,-45,92,-92,-12,44,-87,85,-1,
-70,-30,22,-65,-37,25,-61,-37,-64,-41,17,-12,-66,-39,92,-90,-10,46,-86,89,-1,
25,52,-2,-73,17,44,68,-93,83,66,-44,94,74,-35,92,-29,-27,-50,68,78,-1,
56,-97,92,96,81,-94,-60,-99,47,34,-81,10,-61,-4,71,-81,-69,83,-23,43,1,
20,52,-7,-77,19,37,62,-98,82,59,-44,91,73,-39,90,-35,-27,-57,68,71,-1,
-62,-19,25,-59,-27,30,-56,-39,-61,-35,29,-11,-61,-32,95,-82,-14,54,-90,100,-1,
80,76,-80,-22,-58,72,-52,52,79,12,37,-46,52,-14,28,75,-87,59,-17,-33,-1,
-64,-21,26,-62,-26,29,-53,-31,-61,-36,30,-11,-59,-36,97,-87,-4,50,-81,92,-1,
20,52,-6,-74,19,36,59,-98,80,62,-49,95,68,-35,89,-37,-30,-56,65,72,-1,
75,86,-81,-25,-50,76,-57,62,78,12,41,-52,60,-12,33,73,-84,56,-14,-38,-1,
54,-100,92,98,76,-95,-59,-101,41,34,-81,10,-58,-6,68,-76,-73,91,-27,40,1,
22,54,0,-69,20,42,69,-92,86,64,-47,96,75,-31,92,-31,-27,-46,63,81,-1,
-42,-30,18,-81,-69,93,66,-64,89,-64,-28,-27,49,-83,-69,-72,10,36,-68,85,-1,
25,52,-2,-74,18,39,65,-97,81,67,-49,95,74,-38,94,-33,-27,-54,68,71,-1,
-63,-30,19,-63,-30,22,-59,-41,-64,-43,31,-9,-64,-42,89,-92,-13,51,-94,92,-1,
-43,-30,21,-78,-60,92,75,-69,90,-62,-20,-25,53,-81,-66,-73,8,37,-66,85,-1,
78,78,-84,-25,-58,70,-58,59,79,16,35,-49,57,-18,29,75,-88,55,-17,-37,-1,
60,-97,96,93,81,-92,-57,-95,46,38,-81,10,-58,-5,70,-78,-76,88,-23,42,1,
58,-96,90,93,80,-97,-59,-94,46,32,-83,10,-60,5,63,-76,-68,88,-30,50,1,
-65,-22,28,-60,-25,33,-51,-30,-60,-31,25,-10,-58,-37,99,-89,-9,54,-84,96,-1,
78,77,-82,-22,-56,73,-58,57,76,11,39,-54,59,-18,29,71,-90,58,-22,-41,-1,
80,73,-80,-20,-58,75,-50,53,79,12,33,-47,58,-22,27,69,-92,59,-14,-37,-1,
-60,-33,22,-64,-29,24,-62,-40,-62,-39,24,-11,-66,-37,95,-93,-9,48,-90,92,-1,
26,49,0,-72,26,38,67,-95,89,61,-36,92,73,-31,89,-32,-27,-45,67,76,-1,
79,72,-80,-19,-57,70,-53,58,80,9,38,-53,55,-13,29,74,-87,54,-13,-40,-1,
48,-93,95,95,80,-96,-58,-101,47,34,-83,7,-54,-3,67,-82,-67,90,-28,42,1,
-62,-34,22,-69,-34,24,-62,-41,-67,-42,19,-15,-67,-47,95,-94,-15,48,-93,94,-1,
-59,-25,23,-61,-26,26,-60,-28,-58,-35,30,-5,-58,-33,98,-87,-5,54,-81,95,-1,
55,-99,95,94,75,-90,-61,-98,42,37,-81,5,-58,-3,64,-80,-75,87,-28,43,1,
-40,-32,19,-84,-66,89,73,-71,93,-68,-25,-26,45,-82,-63,-81,8,33,-71,84,-1,
78,73,-86,-23,-58,68,-57,54,80,5,35,-51,56,-20,27,68,-88,58,-20,-39,-1,
-40,-33,23,-82,-64,93,69,-59,92,-66,-20,-26,49,-80,-67,-71,11,38,-63,88,-1,
82,78,-85,-23,-57,72,-56,58,73,14,36,-50,55,-17,29,74,-90,56,-17,-35,-1,
56,-94,96,95,77,-91,-56,-100,49,34,-77,8,-56,0,69,-78,-66,88,-30,50,1,
-63,-26,26,-68,-28,22,-60,-34,-67,-36,27,-13,-65,-40,91,-90,-13,52,-92,94,-1,
21,53,-11,-75,15,36,56,-98,79,65,-47,92,70,-35,88,-41,-30,-55,67,69,-1,
-66,-31,20,-64,-39,24,-60,-39,-65,-42,21,-14,-61,-46,94,-94,-11,50,-93,93,-1,
23,53,-6,-74,20,42,62,-92,82,60,-44,92,73,-34,91,-38,-27,-53,64,78,-1,
57,-91,101,96,82,-90,-58,-93,48,37,-78,15,-55,3,69,-73,-65,90,-23,49,1,
78,76,-83,-20,-61,68,-53,53,79,10,33,-50,59,-19,26,72,-92,54,-17,-37,-1,
59,-96,95,88,82,-93,-59,-96,47,32,-83,12,-63,0,63,-77,-69,84,-26,45,1,
58,-97,94,94,75,-90,-58,-96,49,36,-77,6,-55,-1,66,-83,-65,88,-27,43,1,
-45,-28,17,-77,-59,96,73,-63,93,-62,-22,-22,55,-80,-67,-76,15,38,-64,86,-1,
54,-88,92,97,84,-88,-61,-97,46,37,-79,10,-58,-1,69,-77,-69,88,-25,43,1,
-43,-34,22,-81,-66,88,72,-68,95,-66,-26,-25,50,-84,-66,-79,12,37,-66,86,-1,
52,-93,90,95,77,-92,-63,-98,44,34,-84,8,-58,-3,67,-80,-72,86,-28,44,1,
-60,-31,28,-64,-35,34,-61,-37,-59,-40,25,-6,-64,-39,94,-92,-12,49,-90,98,-1,
-65,-30,27,-66,-33,25,-56,-38,-65,-35,21,-10,-66,-41,94,-90,-12,51,-89,91,-1,
52,-99,93,92,77,-94,-63,-96,43,34,-81,6,-55,-4,65,-79,-71,86,-28,43,1,
85,81,-79,-25,-54,68,-53,53,81,15,40,-50,60,-18,32,76,-91,57,-14,-32,-1,
-46,-32,15,-82,-62,89,70,-67,93,-66,-27,-25,53,-85,-70,-80,12,40,-70,84,-1,
21,50,0,-77,21,38,68,-95,88,64,-46,96,71,-32,90,-31,-24,-47,64,78,-1,
78,82,-85,-27,-53,67,-53,55,81,8,36,-49,53,-12,25,73,-89,56,-20,-38,-1,
-40,-37,22,-89,-59,87,71,-65,91,-65,-26,-22,50,-85,-70,-78,20,32,-68,89,-1,
-54,-29,26,-63,-26,25,-55,-42,-61,-36,31,-7,-59,-44,98,-89,-9,53,-91,96,-1,
-59,-29,31,-63,-25,24,-57,-33,-59,-37,29,-13,-62,-38,95,-93,-8,50,-89,99,-1,
78,76,-85,-18,-55,70,-53,58,83,13,34,-49,59,-14,26,76,-86,59,-19,-37,-1,
-64,-31,24,-68,-27,22,-59,-41,-67,-39,23,-19,-64,-43,93,-95,-14,47,-92,93,-1,
55,-93,86,97,77,-88,-66,-92,47,30,-78,10,-61,-2,63,-79,-66,89,-24,44,1,
-39,-36,21,-83,-62,90,68,-65,94,-63,-26,-21,51,-79,-70,-71,13,37,-61,87,-1,
60,-100,97,91,81,-93,-57,-95,46,33,-77,9,-61,0,72,-77,-71,90,-24,45,1,
21,51,-1,-74,16,38,63,-95,80,63,-47,96,71,-34,92,-34,-26,-56,67,74,-1,
58,-101,92,92,81,-92,-58,-94,45,41,-81,10,-62,1,62,-72,-74,90,-29,47,1,
-67,-27,23,-63,-33,28,-55,-35,-56,-37,24,-14,-66,-39,99,-90,-12,49,-79,90,-1,
58,-102,100,96,81,-90,-58,-99,44,38,-81,10,-60,1,68,-77,-76,87,-31,46,1,
-37,-32,20,-78,-59,97,74,-66,93,-63,-24,-19,54,-84,-67,-72,14,39,-67,87,-1,
84,74,-83,-20,-55,68,-50,53,85,6,36,-51,54,-13,32,68,-85,55,-15,-40,-1,
21,50,-2,-73,19,39,63,-92,84,63,-46,90,75,-37,87,-36,-23,-48,60,77,-1,
51,-90,96,92,85,-93,-60,-96,46,32,-77,9,-59,0,71,-76,-67,87,-24,47,1,
-66,-25,23,-65,-31,22,-57,-41,-63,-41,27,-16,-64,-41,91,-87,-10,46,-87,91,-1,
-64,-31,22,-62,-35,28,-54,-37,-61,-37,28,-10,-60,-44,95,-92,-10,53,-88,94,-1,
22,56,-4,-73,12,44,60,-87,81,64,-46,99,74,-35,96,-33,-25,-48,68,74,-1,
-43,-36,20,-85,-63,89,68,-69,93,-65,-26,-26,48,-83,-69,-79,13,33,-64,82,-1,
54,-97,96,92,74,-91,-63,-100,45,33,-83,8,-59,0,67,-85,-70,85,-31,45,1,
-40,-35,16,-80,-64,93,69,-61,88,-67,-29,-22,46,-81,-70,-73,14,32,-66,81,-1,
-39,-32,23,-81,-59,88,71,-62,90,-62,-22,-26,52,-89,-64,-74,17,42,-66,85,-1,
80,72,-85,-23,-56,72,-53,54,79,9,32,-52,51,-13,25,69,-96,59,-17,-40,-1,
58,-96,94,95,80,-90,-58,-95,44,34,-83,11,-62,-2,70,-83,-70,90,-25,45,1,
59,-104,91,95,75,-95,-62,-97,45,30,-80,7,-56,-3,65,-83,-67,85,-30,45,1,
24,57,-3,-72,27,42,67,-91,89,68,-38,97,79,-31,99,-37,-20,-47,75,74,-1,
25,56,1,-70,25,36,72,-90,79,67,-45,90,78,-37,96,-32,-23,-50,66,79,-1,
-38,-33,20,-80,-62,87,72,-65,93,-61,-23,-25,49,-82,-68,-74,16,38,-67,93,-1,
-60,-24,23,-64,-25,28,-59,-33,-62,-34,25,-11,-64,-34,93,-83,-16,55,-87,99,-1,
-58,-30,17,-65,-31,21,-57,-48,-61,-43,26,-15,-62,-42,95,-93,-7,45,-88,91,-1,
25,54,0,-70,26,41,71,-88,85,67,-43,98,75,-33,100,-30,-26,-45,68,80,-1,
-38,-33,18,-76,-62,90,74,-63,88,-66,-21,-28,49,-78,-70,-75,16,34,-66,88,-1,
79,74,-83,-25,-53,72,-54,51,77,12,31,-50,56,-16,22,71,-86,52,-12,-44,-1,
-40,-32,20,-79,-61,90,71,-64,96,-59,-22,-27,53,-81,-66,-72,15,38,-67,91,-1,
-65,-29,21,-66,-28,27,-58,-39,-61,-36,26,-9,-64,-39,97,-90,-13,46,-84,91,-1,
-44,-33,16,-79,-64,88,70,-67,97,-68,-21,-30,48,-78,-70,-79,13,38,-68,87,-1,
53,-94,98,100,81,-90,-61,-96,49,36,-74,10,-54,-1,71,-74,-69,89,-23,47,1,
83,71,-83,-24,-59,78,-57,55,79,7,38,-52,55,-17,23,72,-92,63,-19,-41,-1,
-42,-31,18,-80,-67,95,68,-66,96,-68,-23,-27,51,-86,-67,-79,14,33,-66,82,-1,
57,-101,95,92,75,-95,-55,-103,42,36,-88,9,-61,-1,69,-87,-68,87,-30,42,1,
-63,-33,20,-65,-32,25,-61,-42,-65,-42,26,-15,-66,-42,96,-91,-16,46,-90,87,-1,
-64,-22,23,-59,-34,28,-51,-34,-60,-38,28,-13,-57,-41,98,-90,-6,53,-85,95,-1,
54,-95,100,98,80,-88,-57,-95,52,39,-74,12,-59,-2,74,-79,-69,89,-27,49,1,
24,53,4,-76,24,44,66,-86,87,66,-39,100,74,-30,96,-34,-23,-46,72,75,-1,
-58,-33,22,-67,-35,29,-60,-38,-63,-38,23,-9,-67,-41,95,-89,-12,50,-89,95,-1,
24,54,0,-70,22,41,68,-92,86,68,-45,95,75,-37,93,-35,-16,-50,66,74,-1,
81,78,-85,-20,-60,70,-54,52,75,8,37,-54,56,-17,26,69,-91,53,-22,-32,-1,
-39,-31,20,-79,-64,92,72,-63,92,-65,-26,-23,47,-83,-65,-77,18,32,-66,87,-1,
57,-91,97,93,85,-89,-56,-94,48,34,-76,6,-56,-1,68,-77,-70,92,-24,47,1,
18,52,-4,-70,16,39,64,-96,83,61,-48,96,74,-37,90,-34,-27,-50,66,78,-1,
53,-94,92,97,79,-95,-62,-96,48,35,-84,13,-54,-6,66,-79,-74,87,-26,40,1,
78,78,-84,-26,-58,78,-59,57,73,10,37,-53,56,-14,27,75,-94,60,-18,-40,-1,
55,-98,91,95,78,-95,-60,-102,45,31,-84,10,-63,-2,63,-78,-71,86,-26,44,1,
20,52,-5,-74,18,38,61,-93,80,64,-48,90,70,-34,93,-39,-30,-54,61,75,-1,
-41,-31,17,-80,-61,93,74,-64,93,-65,-23,-23,52,-78,-67,-77,13,36,-66,89,-1,
-42,-32,22,-77,-60,93,73,-67,97,-62,-27,-18,54,-79,-66,-73,17,41,-66,93,-1,
60,-94,96,95,81,-93,-53,-94,45,37,-78,10,-56,0,72,-76,-69,91,-23,48,1,
-42,-37,23,-83,-64,89,75,-69,89,-67,-24,-28,52,-88,-64,-80,10,34,-70,84,-1,
60,-98,99,97,82,-87,-59,-97,47,36,-74,10,-56,-1,69,-75,-69,90,-25,48,1,
-36,-28,21,-78,-65,95,71,-68,99,-62,-20,-25,49,-84,-63,-73,12,40,-64,88,-1,
81,75,-87,-21,-54,71,-55,56,76,11,36,-47,51,-16,28,70,-89,58,-12,-39,-1,
54,-96,95,90,82,-92,-65,-95,41,28,-80,10,-61,-1,65,-78,-70,84,-26,43,1,
59,-100,93,93,79,-89,-59,-94,41,36,-79,9,-59,0,68,-77,-72,93,-32,47,1,
77,76,-82,-26,-56,68,-58,54,79,10,31,-54,55,-14,24,73,-84,54,-20,-38,-1,
58,-100,96,95,80,-90,-62,-94,49,39,-80,10,-56,0,66,-73,-76,92,-29,48,1,
-64,-30,23,-69,-30,23,-59,-40,-69,-38,26,-11,-64,-45,92,-88,-14,48,-93,94,-1,
-63,-28,22,-63,-30,29,-57,-38,-60,-37,23,-16,-61,-38,94,-85,-16,50,-87,95,-1,
61,-94,91,98,80,-85,-61,-91,44,38,-78,13,-59,2,68,-77,-64,87,-23,48,1,
78,74,-86,-26,-55,70,-59,56,74,7,35,-55,53,-17,23,71,-94,55,-20,-43,-1,
21,56,-6,-69,15,39,64,-92,80,64,-48,92,74,-41,94,-35,-29,-48,67,74,-1,
22,51,-4,-70,14,43,62,-91,84,61,-45,95,73,-37,95,-36,-30,-50,66,72,-1,
-66,-30,19,-67,-35,25,-57,-43,-68,-40,23,-17,-64,-45,93,-89,-15,49,-92,93,-1,
81,72,-83,-22,-62,77,-58,56,75,9,35,-53,56,-13,24,68,-89,58,-17,-39,-1,
19,53,-4,-73,20,44,61,-92,87,63,-46,99,70,-31,95,-36,-26,-51,68,78,-1,
-63,-27,23,-62,-32,27,-56,-37,-64,-38,26,-11,-63,-40,93,-89,-10,52,-90,93,-1,
74,78,-87,-29,-62,72,-62,48,71,5,36,-56,56,-18,20,74,-92,55,-21,-38,-1,
59,-98,92,96,77,-86,-64,-91,41,39,-79,6,-57,0,65,-79,-70,85,-24,44,1,
-64,-23,25,-61,-31,23,-57,-37,-62,-41,25,-12,-62,-40,92,-88,-12,53,-90,90,-1,
51,-94,92,102,78,-92,-63,-99,42,33,-81,11,-58,-3,69,-80,-70,84,-25,42,1,
22,54,-1,-74,20,43,57,-87,84,64,-40,96,76,-35,97,-34,-27,-55,69,72,-1,
83,77,-80,-19,-58,73,-50,54,80,13,37,-45,56,-11,26,78,-91,56,-13,-34,-1,
80,77,-84,-24,-58,71,-57,56,77,10,33,-53,57,-17,25,70,-87,58,-20,-35,-1,
58,-97,94,94,79,-92,-59,-93,44,36,-82,11,-58,0,66,-79,-63,84,-22,47,1,
57,-99,95,95,78,-94,-59,-98,50,36,-80,9,-53,-4,69,-78,-75,93,-27,42,1,
-60,-22,27,-64,-31,24,-56,-35,-62,-37,23,-14,-61,-36,95,-89,-7,53,-85,93,-1,
59,-98,93,97,76,-95,-54,-96,44,40,-85,8,-54,5,63,-78,-69,88,-26,42,1,
-42,-31,24,-77,-63,90,74,-66,92,-58,-24,-29,51,-82,-65,-75,15,41,-68,84,-1,
-38,-27,21,-78,-58,94,72,-60,95,-65,-21,-21,50,-75,-67,-73,24,37,-65,91,-1,
-37,-28,21,-78,-62,93,74,-67,97,-64,-21,-23,50,-86,-61,-73,16,38,-70,90,-1,
86,82,-79,-21,-52,77,-54,56,82,16,39,-46,62,-14,33,75,-80,58,-10,-34,-1,
24,54,-2,-69,19,38,67,-91,81,60,-42,96,74,-31,93,-31,-23,-47,71,78,-1,
53,-95,93,94,80,-93,-60,-96,47,33,-86,11,-62,-2,63,-83,-72,85,-30,42,1,
-43,-30,19,-82,-62,88,70,-67,88,-67,-23,-26,46,-87,-69,-75,14,32,-69,83,-1,
80,79,-84,-25,-54,67,-57,56,85,17,35,-49,56,-16,26,72,-85,56,-16,-37,-1,
22,56,-1,-72,23,41,66,-87,87,71,-44,96,77,-34,97,-34,-19,-43,69,79,-1,
78,71,-84,-28,-59,70,-57,53,78,4,30,-51,46,-9,17,71,-89,55,-23,-42,-1,
76,77,-83,-21,-61,73,-55,57,77,9,36,-50,56,-14,24,74,-96,61,-22,-36,-1,
-42,-34,22,-83,-62,87,73,-69,95,-64,-22,-26,46,-80,-68,-76,13,36,-68,86,-1,
26,54,-3,-69,15,37,65,-93,84,65,-47,94,75,-36,94,-34,-25,-46,65,72,-1,
25,55,-1,-67,21,42,64,-91,87,71,-41,99,79,-35,96,-34,-23,-45,69,78,-1,
24,59,-2,-69,19,48,62,-86,89,67,-42,98,81,-35,101,-34,-20,-49,68,76,-1,
-65,-35,18,-67,-39,25,-65,-37,-66,-46,23,-16,-65,-45,93,-94,-14,49,-92,94,-1,
-63,-30,26,-64,-32,22,-60,-35,-58,-44,24,-13,-63,-39,94,-93,-7,49,-84,91,-1,
55,-94,93,95,76,-86,-59,-95,38,43,-83,8,-57,0,67,-77,-68,88,-27,45,1,
74,73,-87,-23,-60,63,-53,51,82,5,31,-50,50,-19,20,71,-94,54,-24,-43,-1,
25,52,-6,-73,23,40,65,-96,85,67,-44,91,74,-34,89,-31,-26,-49,65,76,-1,
18,52,-6,-75,18,39,64,-97,85,63,-49,94,74,-38,96,-37,-25,-57,66,74,-1,
21,54,-3,-74,20,43,62,-96,89,63,-45,99,72,-34,90,-35,-22,-53,70,77,-1,
-58,-28,20,-58,-33,31,-59,-34,-54,-35,27,-10,-58,-37,93,-90,-8,55,-90,94,-1,
-40,-35,16,-82,-66,83,71,-67,93,-67,-26,-23,44,-84,-65,-78,12,35,-71,90,-1,
59,-103,95,94,80,-93,-57,-98,47,35,-79,11,-62,-1,67,-78,-70,89,-28,43,1,
20,54,-7,-75,17,41,61,-94,85,62,-42,92,77,-37,92,-39,-25,-50,66,76,-1,
19,48,-5,-78,16,40,63,-100,87,62,-48,96,69,-34,93,-38,-28,-55,64,75,-1,
78,72,-77,-22,-52,69,-53,55,80,8,36,-54,55,-13,28,71,-87,60,-20,-41,-1,
23,50,-4,-77,18,42,65,-94,89,62,-42,94,73,-33,94,-33,-23,-50,66,76,-1,
55,-95,97,94,80,-89,-59,-98,44,40,-82,7,-52,-4,67,-80,-69,90,-28,42,1,
19,59,-1,-72,22,37,66,-91,83,65,-44,95,75,-32,92,-36,-25,-48,68,71,-1,
55,-97,98,93,80,-90,-60,-97,47,36,-81,11,-60,0,70,-79,-70,90,-25,42,1,
77,83,-84,-23,-55,71,-54,53,81,15,34,-44,58,-14,24,78,-88,56,-14,-38,-1,
83,76,-86,-16,-56,70,-53,57,80,10,37,-47,51,-14,29,76,-90,60,-20,-35,-1,
22,55,1,-73,22,39,70,-95,86,67,-43,95,74,-29,94,-33,-26,-51,69,75,-1,
-54,-31,29,-63,-26,28,-51,-37,-62,-38,35,-13,-55,-38,100,-89,-7,54,-87,98,-1,
-42,-36,21,-79,-63,92,71,-67,90,-63,-28,-23,43,-80,-67,-76,14,29,-61,79,-1,
50,-99,91,94,75,-92,-62,-100,41,30,-77,9,-63,-4,66,-77,-68,88,-29,46,1,
26,52,0,-74,21,45,63,-88,85,68,-43,97,75,-35,100,-36,-22,-49,71,75,-1,
-38,-33,20,-80,-60,91,74,-62,93,-64,-23,-25,53,-85,-66,-77,17,43,-69,89,-1,
58,-102,91,92,80,-96,-59,-96,41,29,-84,7,-65,6,64,-78,-74,88,-32,47,1,
79,79,-84,-23,-55,72,-52,50,79,11,38,-50,54,-15,26,77,-85,53,-13,-36,-1,
-59,-26,26,-63,-31,24,-57,-38,-61,-38,26,-10,-63,-42,98,-87,-10,52,-87,96,-1,
25,51,-3,-72,19,45,67,-92,89,65,-43,96,76,-34,96,-29,-21,-48,63,83,-1,
22,52,-2,-75,23,38,67,-94,85,63,-43,97,69,-30,90,-32,-23,-50,70,74,-1,
26,48,-6,-74,19,38,64,-98,86,62,-40,94,71,-38,93,-37,-26,-52,75,73,-1,
55,-97,92,95,76,-89,-63,-97,41,35,-81,5,-57,-2,65,-79,-76,89,-28,41,1,
-39,-35,21,-77,-61,89,71,-66,89,-64,-23,-25,49,-80,-68,-77,18,36,-65,86,-1,
21,49,-2,-71,17,43,57,-89,85,66,-43,96,74,-34,91,-33,-26,-48,66,82,-1,
-31,-29,23,-71,-61,97,76,-60,99,-59,-24,-17,48,-74,-62,-69,19,41,-61,90,-1,
25,49,-3,-74,19,38,66,-95,81,65,-45,94,72,-34,94,-31,-28,-52,68,75,-1,
-68,-30,21,-65,-32,24,-66,-36,-64,-39,25,-9,-69,-41,91,-94,-17,48,-93,89,-1,
20,54,-1,-76,22,40,67,-92,86,63,-42,97,73,-33,93,-35,-26,-48,67,74,-1,
78,82,-83,-21,-55,72,-50,53,82,15,37,-46,59,-15,26,77,-89,56,-13,-35,-1,
-68,-30,19,-67,-31,25,-57,-44,-64,-43,26,-15,-60,-47,90,-92,-14,47,-91,90,-1,
56,-99,95,95,74,-89,-61,-101,43,38,-81,5,-57,-4,64,-80,-74,87,-28,42,1,
-35,-27,25,-82,-60,91,73,-62,93,-60,-21,-17,49,-77,-64,-73,18,36,-60,91,-1,
-64,-29,20,-62,-35,25,-58,-41,-60,-41,22,-11,-64,-39,89,-89,-13,53,-90,92,-1,
-63,-28,23,-64,-33,26,-57,-37,-65,-38,30,-10,-59,-48,91,-83,-11,51,-92,91,-1,
53,-99,96,93,78,-96,-60,-99,43,33,-81,8,-61,2,64,-75,-73,90,-24,43,1,
28,58,-7,-67,17,45,63,-92,91,70,-42,95,81,-34,98,-30,-22,-47,69,76,-1,
76,75,-86,-24,-58,77,-56,55,77,8,41,-55,57,-19,27,71,-94,59,-10,-43,-1,
55,-94,97,91,76,-91,-60,-97,48,33,-81,8,-57,1,64,-81,-70,87,-30,44,1,
83,75,-76,-26,-54,73,-54,55,81,9,35,-50,59,-13,23,74,-86,59,-17,-41,-1,
53,-100,90,89,77,-98,-61,-100,41,30,-90,4,-63,-5,62,-87,-78,79,-34,41,1,
28,51,-3,-69,18,42,67,-97,87,62,-39,97,76,-34,92,-33,-26,-46,72,77,-1,
20,46,-4,-74,16,40,62,-93,88,58,-40,90,73,-33,89,-40,-24,-48,63,75,-1,
18,49,-6,-74,16,35,65,-98,82,65,-51,92,72,-37,87,-36,-25,-49,61,78,-1,
82,79,-80,-25,-56,75,-55,55,79,12,37,-50,54,-12,28,73,-89,57,-14,-40,-1,
59,-98,96,93,83,-88,-59,-92,41,41,-79,8,-60,5,65,-76,-66,86,-25,49,1,
18,48,-1,-80,23,34,65,-93,84,63,-46,94,68,-33,88,-32,-26,-47,62,72,-1,
56,-102,93,91,75,-93,-60,-101,45,32,-82,7,-63,-5,69,-84,-73,89,-30,42,1,
80,74,-82,-16,-59,68,-55,60,81,12,35,-48,59,-21,30,74,-93,62,-18,-35,-1,
-39,-37,22,-81,-66,98,66,-63,91,-64,-25,-24,53,-80,-67,-74,10,36,-61,83,-1,
81,74,-86,-26,-59,71,-60,56,72,12,37,-55,53,-14,30,74,-90,48,-12,-40,-1,
-40,-35,19,-88,-64,91,67,-68,86,-66,-27,-21,48,-81,-73,-73,10,28,-64,83,-1,
60,-93,94,91,82,-91,-56,-97,48,36,-79,8,-57,0,67,-77,-68,87,-27,46,1,
59,-94,92,97,80,-87,-61,-92,43,38,-80,11,-58,0,65,-77,-70,93,-25,42,1,
-62,-31,24,-66,-32,22,-58,-37,-64,-42,24,-11,-63,-47,92,-87,-14,52,-90,93,-1,
26,49,-5,-70,21,41,60,-93,81,66,-47,95,74,-38,94,-35,-24,-52,68,79,-1,
-61,-25,21,-61,-32,22,-58,-39,-59,-41,27,-16,-61,-41,94,-94,-12,49,-89,93,-1,
24,51,1,-76,25,40,65,-90,87,67,-44,97,73,-31,93,-34,-24,-46,63,75,-1,
83,80,-82,-18,-54,72,-53,61,80,13,40,-48,58,-14,34,76,-86,57,-18,-34,-1,
-59,-25,26,-62,-27,21,-54,-38,-60,-34,29,-14,-60,-38,97,-90,-9,54,-87,98,-1,
80,74,-84,-25,-56,74,-52,57,79,9,34,-52,56,-16,21,72,-90,53,-16,-40,-1,
77,74,-83,-22,-59,72,-57,55,77,13,32,-49,56,-17,25,71,-89,59,-17,-40,-1,
-70,-28,21,-66,-34,20,-60,-42,-65,-39,22,-12,-70,-39,89,-88,-13,46,-89,91,-1,
56,-99,88,93,76,-90,-63,-95,40,31,-80,7,-60,-6,63,-80,-74,89,-32,43,1,
-58,-22,30,-56,-29,29,-55,-37,-55,-32,27,-9,-57,-38,101,-86,-9,52,-88,95,-1,
18,56,-7,-70,21,38,63,-94,89,62,-43,95,77,-35,98,-30,-27,-50,68,78,-1,
56,-94,96,93,79,-91,-61,-96,44,36,-84,11,-60,2,63,-76,-70,84,-25,47,1,
52,-100,99,93,81,-96,-56,-99,43,35,-81,10,-60,-2,69,-81,-68,84,-26,42,1,
-40,-31,22,-80,-64,93,73,-66,91,-66,-25,-21,50,-84,-64,-77,13,32,-62,83,-1,
77,74,-88,-20,-62,72,-56,55,74,7,38,-52,58,-23,25,71,-93,58,-22,-37,-1,
48,-102,95,87,73,-97,-63,-104,43,35,-86,6,-61,-7,64,-84,-72,82,-28,37,1,
24,51,-6,-74,13,42,67,-98,85,62,-49,93,74,-40,96,-38,-19,-56,69,76,-1,
19,49,-4,-76,20,38,62,-92,82,62,-46,94,69,-38,90,-32,-27,-50,69,74,-1,
-39,-35,16,-79,-66,94,68,-65,94,-68,-24,-24,49,-84,-66,-75,13,34,-68,88,-1,
81,77,-84,-20,-58,73,-54,57,80,6,34,-50,59,-11,26,71,-87,58,-15,-35,-1,
26,51,0,-75,22,42,63,-95,85,68,-43,94,72,-30,86,-31,-27,-50,66,76,-1,
50,-101,87,89,77,-100,-65,-101,46,28,-86,6,-60,-8,63,-83,-75,83,-33,40,1,
54,-98,96,94,76,-92,-62,-97,45,36,-76,6,-56,-2,65,-74,-73,87,-22,45,1,
76,78,-83,-26,-59,68,-56,53,81,12,37,-49,59,-18,24,76,-89,55,-16,-40,-1,
26,52,-2,-68,23,42,62,-93,85,66,-39,96,76,-30,89,-38,-27,-43,69,80,-1,
81,86,-85,-23,-55,69,-57,56,77,18,36,-50,56,-14,32,74,-85,53,-18,-33,-1,
79,75,-83,-20,-59,72,-55,53,80,11,34,-50,60,-20,27,73,-93,61,-15,-37,-1,
-61,-24,22,-62,-29,24,-55,-35,-61,-33,18,-11,-59,-41,95,-92,-10,56,-89,94,-1,
-64,-25,22,-64,-32,25,-56,-41,-62,-39,30,-9,-61,-42,97,-89,-10,48,-86,95,-1,
-38,-34,24,-74,-63,96,74,-66,97,-61,-23,-26,52,-80,-61,-73,14,40,-66,88,-1,
-39,-33,25,-77,-58,94,73,-62,93,-61,-22,-19,54,-77,-65,-70,19,39,-58,92,-1,
-41,-35,18,-77,-68,90,68,-62,90,-66,-27,-25,51,-84,-72,-74,14,38,-62,85,-1,
-58,-31,26,-63,-35,20,-55,-39,-64,-38,28,-7,-64,-40,96,-88,-10,54,-90,96,-1,
-65,-24,23,-67,-26,28,-64,-35,-66,-37,25,-6,-65,-37,94,-89,-15,52,-88,94,-1,
52,-94,91,92,81,-93,-59,-94,46,39,-83,7,-54,-6,65,-77,-72,89,-29,45,1,
-65,-31,22,-64,-36,25,-62,-43,-65,-47,27,-7,-66,-41,93,-94,-14,49,-93,94,-1,
-45,-32,19,-80,-61,88,73,-70,94,-60,-27,-26,50,-83,-67,-81,13,35,-67,85,-1,
82,71,-83,-20,-61,69,-53,53,82,6,35,-46,55,-16,25,69,-88,59,-16,-36,-1,
59,-95,92,96,80,-91,-57,-98,52,33,-79,10,-59,-4,68,-80,-70,91,-31,47,1,
56,-94,93,93,83,-91,-58,-92,52,39,-82,10,-60,3,68,-79,-70,92,-30,50,1,
55,-104,92,95,76,-90,-62,-98,40,35,-77,6,-65,0,65,-79,-68,87,-25,43,1,
-61,-27,26,-66,-29,27,-61,-35,-60,-41,28,-13,-64,-33,91,-85,-13,53,-85,95,-1,
25,52,-1,-70,18,45,64,-95,88,62,-48,101,73,-34,94,-37,-22,-51,72,77,-1,
-40,-28,19,-77,-61,89,75,-66,95,-61,-20,-24,47,-81,-64,-74,12,41,-68,86,-1,
-67,-29,25,-64,-29,28,-57,-37,-61,-36,20,-10,-67,-37,94,-93,-13,47,-86,91,-1,
50,-96,90,93,75,-92,-61,-98,42,35,-81,2,-58,-4,63,-83,-70,86,-29,42,1,
-41,-29,24,-82,-64,92,73,-65,94,-61,-23,-25,49,-78,-67,-76,15,34,-65,89,-1,
84,79,-83,-19,-52,70,-52,58,87,9,38,-47,56,-8,27,75,-83,62,-18,-35,-1,
-59,-24,22,-58,-28,26,-54,-39,-62,-37,27,-15,-60,-37,95,-86,-12,53,-91,94,-1,
23,50,-6,-77,23,40,61,-97,85,63,-50,101,68,-36,94,-38,-22,-55,74,72,-1,
56,-94,96,96,77,-89,-62,-97,48,30,-81,12,-55,-2,69,-83,-66,89,-31,44,1,
77,76,-81,-19,-54,74,-53,58,82,14,32,-46,58,-9,25,73,-85,58,-13,-41,-1,
76,76,-90,-19,-58,70,-55,58,81,10,37,-55,58,-17,25,73,-87,54,-15,-38,-1,
