-60,-25,27,-60,-25,26,-53,-39,-62,-38,30,-7,-60,-33,93,-83,-10,58,-89,100,-1,
-64,-32,25,-61,-34,21,-58,-37,-59,-42,24,-12,-64,-42,91,-96,-11,52,-91,90,-1,
18,57,-9,-74,19,41,58,-93,86,63,-42,95,74,-32,85,-30,-28,-46,68,74,-1,
54,-97,91,95,73,-93,-64,-101,45,33,-83,11,-60,-4,65,-79,-71,84,-27,42,1,
-41,-37,25,-82,-65,91,70,-68,91,-67,-21,-32,47,-80,-65,-75,12,36,-66,83,-1,
-60,-32,24,-63,-31,23,-54,-41,-65,-43,24,-17,-61,-44,93,-93,-8,52,-92,92,-1,
-56,-24,24,-62,-32,24,-54,-36,-63,-36,22,-11,-61,-38,93,-94,-10,58,-92,97,-1,
79,76,-83,-20,-56,73,-52,51,81,15,31,-47,55,-16,30,74,-87,56,-11,-38,-1,
81,79,-82,-19,-54,71,-52,57,81,7,34,-48,56,-9,28,69,-87,57,-18,-38,-1,
-39,-31,23,-79,-62,92,75,-68,91,-58,-29,-23,46,-83,-66,-75,13,37,-67,81,-1,
56,-92,93,96,77,-89,-62,-99,45,29,-79,6,-53,-3,65,-82,-70,88,-32,44,1,
-40,-33,26,-77,-61,95,73,-63,83,-60,-23,-23,55,-80,-65,-71,15,36,-64,88,-1,
-45,-34,18,-79,-68,91,63,-70,91,-63,-29,-27,53,-90,-70,-75,13,37,-66,85,-1,
30,52,-5,-68,19,47,65,-96,89,67,-42,99,76,-32,98,-34,-24,-51,73,80,-1,
23,44,-1,-71,16,36,67,-95,84,57,-46,95,72,-37,92,-30,-29,-45,64,75,-1,
-42,-36,24,-80,-64,89,70,-60,92,-62,-23,-31,49,-83,-68,-75,18,39,-67,86,-1,
-40,-28,14,-74,-62,90,71,-68,92,-62,-23,-25,48,-80,-71,-72,16,37,-70,88,-1,
20,51,-9,-75,16,38,62,-91,81,62,-46,92,68,-39,91,-32,-28,-49,68,73,-1,
-43,-35,18,-80,-65,92,70,-67,92,-64,-30,-23,47,-84,-68,-77,13,35,-67,84,-1,
56,-96,97,94,83,-94,-54,-98,47,34,-80,8,-60,2,69,-80,-66,85,-26,49,1,
82,77,-79,-20,-52,71,-49,54,87,14,36,-48,62,-14,27,78,-85,59,-13,-36,-1,
-33,-35,22,-79,-66,97,72,-65,94,-65,-27,-25,52,-84,-62,-75,14,36,-65,87,-1,
24,53,-4,-69,19,42,65,-91,85,62,-41,93,73,-33,92,-29,-28,-48,70,78,-1,
-56,-29,29,-62,-30,26,-55,-38,-62,-37,32,-8,-62,-42,102,-85,-9,52,-87,98,-1,
-64,-30,26,-64,-28,26,-59,-37,-67,-37,30,-13,-63,-40,96,-88,-16,52,-91,91,-1,
78,77,-83,-24,-58,76,-58,51,80,12,34,-50,55,-16,27,76,-92,57,-11,-43,-1,
57,-96,93,92,83,-93,-60,-96,50,30,-83,10,-60,-3,65,-81,-70,87,-30,44,1,
22,58,-3,-71,23,39,64,-92,86,68,-44,95,81,-33,90,-36,-21,-43,68,75,-1,
-62,-24,22,-61,-31,27,-56,-35,-61,-37,28,-13,-62,-35,93,-83,-8,54,-87,95,-1,
-66,-27,22,-62,-31,25,-61,-39,-61,-45,27,-11,-65,-40,91,-90,-18,47,-90,91,-1,
56,-97,93,94,72,-89,-60,-98,42,35,-84,8,-59,-2,65,-82,-73,88,-31,44,1,
-41,-29,15,-75,-60,90,73,-64,96,-66,-22,-18,44,-73,-62,-73,14,39,-67,88,-1,
23,55,-5,-70,17,41,66,-93,84,62,-44,92,76,-36,94,-34,-25,-49,66,75,-1,
26,50,-4,-67,18,43,66,-94,89,61,-44,99,73,-35,98,-36,-22,-47,73,79,-1,
24,52,0,-76,26,40,67,-89,84,63,-42,96,74,-33,93,-35,-22,-46,70,74,-1,
56,-93,88,96,72,-91,-64,-98,43,28,-84,9,-58,-3,64,-84,-66,84,-27,44,1,
-59,-29,27,-65,-30,26,-60,-39,-67,-35,28,-6,-64,-41,98,-83,-13,53,-91,97,-1,
58,-99,90,94,79,-94,-64,-97,43,34,-80,4,-56,-4,65,-75,-77,85,-25,44,1,
-37,-29,22,-79,-59,91,75,-58,95,-58,-22,-17,50,-78,-63,-70,16,39,-64,91,-1,
-64,-31,25,-64,-34,24,-59,-38,-67,-38,21,-14,-61,-44,93,-93,-11,51,-96,92,-1,
-34,-31,19,-71,-60,98,77,-62,97,-64,-24,-18,50,-74,-64,-70,17,38,-63,90,-1,
76,83,-88,-25,-54,68,-55,55,79,14,34,-47,53,-15,29,72,-87,53,-16,-36,-1,
25,55,-3,-72,22,45,62,-87,88,67,-41,98,74,-34,92,-29,-28,-42,65,74,-1,
81,76,-84,-21,-55,70,-56,57,78,14,34,-49,54,-15,23,79,-91,58,-21,-37,-1,
-37,-35,21,-80,-69,90,69,-68,92,-68,-26,-28,47,-82,-66,-73,9,37,-67,87,-1,
-58,-27,27,-61,-27,27,-52,-33,-64,-35,28,-9,-62,-35,100,-89,-2,49,-83,90,-1,
78,75,-84,-24,-57,74,-54,54,83,6,35,-50,55,-12,20,70,-89,58,-16,-43,-1,
80,76,-85,-17,-58,66,-53,50,83,8,31,-45,53,-13,27,71,-84,58,-20,-38,-1,
-36,-32,23,-83,-61,91,72,-63,95,-68,-22,-20,50,-83,-62,-75,17,36,-64,89,-1,
-35,-31,23,-85,-59,91,72,-60,88,-62,-25,-20,48,-80,-70,-76,18,31,-60,85,-1,
-62,-20,28,-59,-30,26,-54,-33,-59,-34,25,-6,-62,-37,96,-87,-8,55,-85,94,-1,
-64,-29,22,-61,-35,26,-54,-40,-58,-37,20,-8,-63,-41,94,-89,-14,55,-88,91,-1,
-68,-29,20,-64,-32,19,-55,-42,-64,-40,26,-14,-63,-41,93,-92,-7,48,-87,93,-1,
59,-91,93,98,83,-89,-57,-95,50,33,-75,9,-56,2,68,-75,-66,91,-27,51,1,
-41,-32,19,-78,-66,90,72,-71,91,-64,-30,-26,45,-86,-65,-80,9,32,-68,80,-1,
53,-97,94,101,83,-89,-58,-99,49,39,-76,7,-56,0,66,-77,-62,91,-30,46,1,
78,74,-87,-21,-65,70,-58,53,76,6,34,-51,58,-22,27,64,-91,57,-21,-37,-1,
-61,-27,17,-65,-37,28,-61,-35,-63,-42,28,-11,-64,-42,94,-88,-9,49,-86,90,-1,
19,58,-2,-68,25,36,66,-91,88,64,-41,96,77,-30,98,-36,-24,-47,68,74,-1,
56,-100,94,92,76,-93,-60,-98,41,36,-84,8,-61,-1,65,-81,-69,82,-22,40,1,
24,56,0,-72,22,40,64,-90,87,68,-42,97,74,-33,96,-31,-21,-51,70,72,-1,
-55,-26,26,-65,-24,24,-55,-38,-62,-37,25,-10,-60,-37,92,-87,-12,55,-89,98,-1,
-65,-27,23,-64,-31,23,-56,-40,-63,-42,26,-17,-64,-41,90,-90,-13,48,-90,90,-1,
-39,-35,20,-80,-64,91,70,-67,91,-65,-26,-28,49,-83,-66,-76,12,36,-66,86,-1,
80,77,-86,-23,-63,72,-56,55,82,6,39,-54,53,-11,24,71,-92,56,-18,-40,-1,
79,76,-84,-23,-56,69,-53,55,80,11,41,-54,57,-15,24,73,-88,56,-15,-35,-1,
55,-94,90,95,77,-88,-61,-97,46,34,-78,6,-62,0,65,-79,-70,87,-27,47,1,
-40,-35,21,-78,-61,89,75,-66,93,-63,-22,-27,50,-80,-67,-76,18,35,-67,86,-1,
-34,-31,26,-79,-64,93,74,-58,96,-62,-20,-22,52,-83,-59,-74,16,41,-60,88,-1,
79,75,-81,-23,-56,72,-56,56,84,10,34,-46,56,-13,26,78,-89,63,-18,-38,-1,
54,-96,95,96,82,-93,-61,-96,51,37,-77,10,-54,-5,69,-74,-74,88,-25,42,1,
-66,-31,20,-69,-33,21,-58,-42,-69,-39,22,-17,-68,-41,88,-93,-15,47,-92,88,-1,
55,-102,98,93,78,-95,-58,-101,48,40,-82,11,-58,-2,64,-72,-76,93,-31,47,1,
25,50,0,-74,19,46,65,-95,90,63,-45,96,76,-37,93,-35,-24,-50,63,79,-1,
-50,-22,26,-60,-26,27,-55,-36,-57,-40,33,-13,-56,-34,100,-85,-11,57,-86,98,-1,
-35,-34,22,-77,-64,99,69,-63,98,-64,-19,-26,55,-84,-58,-70,11,43,-66,89,-1,
-43,-31,22,-82,-65,89,68,-71,92,-65,-19,-25,49,-82,-65,-77,11,36,-67,84,-1,
23,56,-2,-68,19,47,61,-87,89,66,-41,102,75,-34,96,-30,-31,-43,73,73,-1,
23,50,-7,-70,14,42,62,-96,83,63,-47,95,73,-35,90,-27,-33,-49,68,75,-1,
21,56,-4,-72,24,38,65,-94,89,66,-42,95,75,-35,92,-29,-26,-48,63,74,-1,
81,75,-81,-20,-55,68,-51,55,84,12,34,-48,55,-14,25,72,-84,55,-15,-42,-1,
-61,-25,27,-66,-27,25,-57,-39,-62,-38,30,-15,-63,-36,92,-94,-12,51,-89,95,-1,
-63,-29,30,-63,-32,22,-54,-39,-64,-36,23,-12,-62,-41,96,-88,-12,49,-90,94,-1,
17,51,-2,-75,20,34,61,-93,84,62,-46,90,75,-37,88,-35,-30,-46,59,71,-1,
53,-100,93,93,78,-98,-59,-103,41,36,-90,6,-57,-1,61,-81,-71,82,-30,42,1,
23,47,-3,-70,20,41,64,-91,86,62,-41,92,73,-33,93,-33,-28,-47,63,78,-1,
-38,-32,21,-75,-63,91,73,-67,98,-62,-27,-24,48,-82,-66,-79,18,39,-65,88,-1,
-65,-24,25,-66,-26,23,-57,-39,-65,-39,28,-6,-64,-39,97,-89,-11,50,-84,93,-1,
80,76,-85,-21,-60,70,-54,54,83,9,33,-46,53,-17,24,72,-89,61,-22,-38,-1,
-40,-27,20,-79,-60,92,70,-63,93,-64,-18,-25,51,-80,-67,-72,15,39,-65,87,-1,
79,76,-85,-28,-53,69,-58,54,80,10,35,-54,53,-18,26,72,-88,56,-20,-41,-1,
-53,-30,26,-63,-30,25,-58,-37,-61,-30,27,-2,-58,-42,103,-85,-5,54,-88,97,-1,
58,-97,94,96,81,-89,-62,-94,48,35,-80,12,-59,0,68,-80,-67,87,-26,46,1,
-39,-30,18,-73,-65,96,72,-69,101,-64,-21,-27,56,-82,-64,-72,12,41,-67,94,-1,
-42,-36,19,-85,-65,89,69,-64,86,-66,-29,-27,47,-84,-70,-77,10,34,-68,79,-1,
-60,-27,24,-63,-29,22,-55,-42,-63,-41,28,-10,-63,-43,95,-88,-10,48,-89,92,-1,
26,53,-1,-71,22,41,63,-91,84,68,-43,94,74,-35,96,-33,-26,-51,67,78,-1,
-60,-28,23,-64,-28,22,-59,-38,-58,-42,27,-13,-66,-37,92,-91,-9,51,-85,94,-1,
16,51,-6,-76,17,36,62,-98,84,59,-49,95,71,-36,91,-36,-30,-53,65,73,-1,
26,48,-4,-74,18,40,64,-92,83,67,-44,90,71,-38,90,-33,-23,-48,66,79,-1,
18,46,-8,-74,15,38,59,-96,87,57,-46,95,70,-38,94,-37,-30,-51,65,71,-1,
81,78,-82,-24,-58,73,-57,57,80,14,40,-50,58,-19,31,75,-92,57,-12,-37,-1,
56,-104,94,95,73,-96,-57,-101,41,34,-84,10,-59,-2,65,-81,-70,90,-29,40,1,
79,77,-86,-19,-54,73,-57,58,77,15,33,-56,57,-15,27,72,-87,55,-20,-37,-1,
78,79,-83,-25,-58,68,-59,55,82,12,34,-53,56,-13,26,72,-85,54,-19,-40,-1,
80,83,-82,-24,-54,72,-53,55,83,11,36,-49,56,-12,23,74,-88,55,-20,-41,-1,
-55,-28,23,-60,-29,34,-54,-38,-56,-40,23,-11,-60,-32,97,-89,-9,55,-83,92,-1,
78,74,-88,-22,-59,67,-58,53,80,6,33,-51,52,-17,24,71,-91,57,-22,-43,-1,
70,74,-88,-28,-65,70,-62,53,74,7,34,-55,55,-22,22,70,-94,58,-25,-41,-1,
-61,-23,23,-60,-26,26,-55,-31,-61,-41,32,-15,-57,-34,95,-91,-7,60,-86,98,-1,
-59,-27,25,-60,-34,30,-55,-42,-61,-41,28,-11,-60,-39,97,-87,-13,53,-90,94,-1,
-67,-33,18,-65,-32,26,-59,-39,-71,-43,24,-12,-65,-42,93,-88,-16,46,-92,92,-1,
30,58,5,-69,30,41,72,-86,88,69,-33,92,80,-30,93,-36,-15,-43,70,80,-1,
-38,-31,25,-78,-63,92,75,-63,93,-60,-24,-25,51,-78,-66,-72,16,38,-64,92,-1,
54,-97,93,96,80,-91,-60,-94,45,39,-78,8,-58,0,68,-78,-66,88,-24,44,1,
20,53,-2,-75,23,36,63,-95,85,67,-45,92,77,-35,89,-38,-25,-49,61,75,-1,
55,-96,94,94,78,-91,-57,-100,47,36,-78,9,-60,-2,69,-79,-69,91,-32,49,1,
-58,-26,24,-62,-29,27,-58,-36,-61,-34,21,-10,-64,-36,96,-86,-14,56,-89,95,-1,
54,-98,97,91,78,-93,-58,-99,44,36,-83,11,-65,2,67,-78,-69,85,-26,45,1,
56,-93,90,91,78,-93,-57,-97,48,34,-80,5,-58,-2,66,-80,-67,90,-28,49,1,
-41,-34,19,-80,-59,91,72,-64,90,-62,-27,-25,49,-83,-70,-77,19,36,-68,84,-1,
29,56,0,-68,20,45,68,-91,87,72,-41,100,78,-26,97,-27,-26,-45,70,79,-1,
-42,-33,23,-84,-59,89,71,-70,92,-64,-22,-27,52,-81,-65,-83,14,33,-63,86,-1,
54,-97,96,91,80,-89,-58,-95,42,37,-82,9,-62,0,67,-80,-70,91,-33,48,1,
-46,-33,21,-84,-59,93,70,-66,87,-68,-18,-26,55,-82,-73,-72,12,37,-67,87,-1,
57,-93,102,94,88,-91,-54,-92,50,42,-79,13,-57,2,72,-76,-64,86,-21,47,1,
56,-90,94,94,83,-86,-62,-89,43,34,-80,11,-60,2,66,-78,-67,90,-26,47,1,
50,-93,87,92,76,-97,-63,-95,45,28,-80,8,-60,-5,66,-81,-69,84,-26,42,1,
83,74,-78,-23,-55,72,-57,53,79,10,31,-48,53,-12,29,68,-87,61,-22,-38,-1,
-62,-27,24,-68,-32,25,-62,-40,-65,-41,22,-12,-66,-44,91,-94,-14,49,-94,97,-1,
24,47,-6,-75,17,38,64,-99,80,60,-47,89,69,-37,89,-36,-28,-57,68,75,-1,
-41,-28,19,-76,-65,94,67,-63,91,-60,-25,-23,50,-84,-67,-77,16,39,-66,86,-1,
54,-96,93,98,74,-88,-64,-100,45,32,-77,8,-58,-2,68,-77,-75,89,-29,48,1,
30,59,-4,-67,21,50,64,-90,89,69,-40,101,77,-29,102,-32,-23,-51,75,81,-1,
24,57,-1,-70,21,42,63,-96,89,67,-45,102,74,-35,94,-34,-24,-47,73,69,-1,
-41,-31,22,-80,-60,95,71,-61,92,-64,-20,-25,50,-80,-65,-72,16,38,-64,84,-1,
22,52,0,-73,17,45,63,-91,91,62,-44,97,79,-30,98,-33,-24,-50,61,74,-1,
56,-96,90,87,81,-96,-63,-94,43,35,-89,7,-62,0,67,-83,-74,77,-27,43,1,
53,-94,96,97,80,-91,-61,-94,44,32,-80,13,-59,-1,66,-78,-67,86,-27,45,1,
-60,-22,25,-62,-29,30,-58,-37,-61,-36,19,-5,-62,-40,95,-88,-12,51,-88,93,-1,
79,79,-82,-18,-56,73,-52,52,80,9,35,-51,57,-13,26,72,-87,59,-18,-38,-1,
85,79,-79,-20,-52,71,-52,59,85,13,35,-42,59,-13,32,77,-89,62,-16,-34,-1,
-61,-25,25,-64,-28,24,-57,-37,-57,-36,23,-9,-61,-40,96,-87,-12,52,-83,94,-1,
-41,-31,21,-79,-64,95,71,-66,96,-67,-26,-22,51,-81,-65,-79,16,36,-65,88,-1,
53,-96,89,93,76,-90,-66,-99,43,31,-85,8,-63,-1,63,-86,-69,84,-32,40,1,
-42,-32,18,-82,-62,91,68,-66,90,-67,-25,-23,51,-79,-68,-73,15,34,-64,86,-1,
30,55,1,-73,21,47,66,-93,88,73,-45,100,78,-33,92,-28,-19,-49,69,78,-1,
55,-95,98,95,77,-88,-62,-96,42,36,-77,8,-54,-3,72,-80,-68,88,-22,43,1,
63,-100,96,94,82,-91,-56,-97,57,35,-75,12,-60,0,68,-75,-70,93,-30,50,1,
24,52,-4,-74,24,41,62,-94,87,63,-39,92,75,-32,87,-36,-23,-51,66,74,-1,
21,55,2,-75,28,39,68,-89,87,66,-40,98,73,-27,91,-29,-26,-42,66,73,-1,
24,58,-7,-71,18,39,64,-97,86,66,-47,93,77,-39,93,-32,-25,-52,67,72,-1,
80,76,-86,-20,-59,69,-55,48,81,6,31,-53,52,-15,24,74,-96,58,-22,-41,-1,
-63,-31,24,-68,-30,21,-58,-39,-64,-38,23,-17,-69,-41,90,-91,-15,50,-90,93,-1,
51,-101,90,93,72,-94,-63,-98,41,33,-82,6,-64,-2,61,-81,-74,89,-28,42,1,
53,-95,93,97,75,-93,-59,-100,46,37,-81,8,-57,-1,68,-79,-66,87,-26,47,1,
26,48,0,-73,17,38,62,-90,77,69,-50,92,72,-39,93,-31,-31,-50,61,72,-1,
-57,-21,22,-60,-27,25,-53,-40,-56,-37,31,-9,-59,-38,96,-85,-7,53,-84,98,-1,
-65,-27,24,-62,-36,26,-54,-42,-61,-40,19,-9,-66,-42,95,-89,-13,49,-88,93,-1,
24,49,-5,-76,18,41,60,-94,84,62,-44,97,69,-36,92,-37,-27,-52,69,73,-1,
-61,-27,29,-60,-29,25,-56,-32,-64,-33,28,-8,-64,-41,100,-93,-15,55,-91,92,-1,
24,53,0,-68,21,41,66,-91,84,71,-44,96,80,-37,97,-31,-28,-44,71,78,-1,
21,51,-3,-75,21,39,65,-95,80,65,-50,89,72,-37,88,-35,-31,-52,63,77,-1,
25,54,-1,-71,24,42,64,-91,91,67,-39,95,76,-35,96,-32,-25,-47,70,72,-1,
28,52,-1,-71,23,42,65,-95,90,69,-43,98,76,-30,90,-33,-25,-44,68,73,-1,
-66,-24,24,-59,-34,28,-56,-41,-61,-40,25,-10,-60,-38,92,-85,-11,50,-91,92,-1,
79,75,-81,-24,-53,71,-59,57,79,11,34,-52,58,-17,29,74,-90,60,-18,-40,-1,
77,72,-85,-24,-61,70,-58,51,76,1,35,-57,53,-21,30,65,-89,55,-23,-42,-1,
20,54,0,-77,21,40,62,-94,80,69,-49,99,71,-31,89,-36,-32,-50,70,73,-1,
85,80,-83,-19,-48,72,-52,59,82,14,36,-49,56,-14,32,74,-87,59,-19,-39,-1,
51,-94,95,94,78,-90,-60,-98,39,35,-80,9,-62,-3,71,-84,-64,86,-22,39,1,
-44,-34,19,-80,-62,89,70,-64,90,-69,-24,-24,51,-81,-70,-75,14,37,-63,84,-1,
27,56,-5,-70,20,39,69,-98,85,68,-45,90,76,-33,97,-38,-25,-53,66,73,-1,
58,-102,93,93,76,-93,-58,-95,44,38,-80,10,-61,-3,69,-79,-74,88,-28,45,1,
27,48,-3,-66,21,42,71,-96,91,62,-41,95,71,-29,90,-28,-25,-44,70,82,-1,
-63,-29,26,-71,-28,23,-58,-36,-59,-32,21,-7,-66,-43,96,-88,-13,52,-81,94,-1,
-41,-37,19,-78,-65,94,72,-64,88,-65,-29,-25,51,-89,-65,-78,13,36,-71,85,-1,
21,53,-3,-73,19,45,59,-91,86,64,-44,96,75,-34,93,-36,-22,-52,69,79,-1,
79,75,-86,-24,-56,69,-56,53,78,9,33,-50,53,-18,22,73,-88,57,-23,-40,-1,
-37,-37,24,-83,-60,94,71,-63,87,-64,-25,-22,55,-84,-66,-73,18,30,-62,86,-1,
21,52,-3,-75,20,43,60,-91,88,63,-41,98,66,-32,91,-38,-27,-47,71,72,-1,
-54,-25,23,-63,-30,26,-59,-36,-57,-39,29,-12,-62,-36,93,-88,-8,55,-89,98,-1,
-38,-32,20,-83,-63,86,73,-69,97,-66,-23,-29,49,-92,-63,-77,10,40,-70,86,-1,
58,-94,91,96,79,-93,-59,-93,46,36,-78,7,-56,1,70,-75,-72,86,-23,48,1,
78,77,-87,-28,-56,69,-56,51,78,7,37,-52,51,-17,24,74,-92,56,-17,-40,-1,
57,-97,102,101,79,-90,-59,-96,42,33,-78,14,-50,0,69,-77,-65,90,-25,44,1,
59,-93,95,94,82,-91,-54,-94,47,39,-81,11,-59,0,67,-74,-68,93,-20,46,1,
-58,-32,29,-62,-29,26,-54,-37,-58,-37,27,-13,-66,-33,97,-87,-11,51,-83,93,-1,
-41,-30,22,-85,-62,88,72,-62,92,-60,-27,-22,49,-82,-70,-78,19,33,-63,87,-1,
-41,-32,24,-75,-64,88,72,-62,91,-64,-26,-25,43,-75,-70,-74,20,38,-64,89,-1,
57,-100,97,101,77,-87,-60,-97,48,39,-77,10,-54,0,67,-78,-66,93,-27,46,1,
24,53,-6,-73,18,41,65,-98,83,64,-44,90,74,-32,89,-34,-28,-54,68,77,-1,
24,49,-4,-72,20,41,62,-95,85,60,-42,93,72,-34,87,-34,-27,-48,68,76,-1,
-64,-29,25,-68,-27,23,-59,-39,-63,-43,23,-14,-68,-39,93,-87,-21,52,-86,93,-1,
-61,-31,24,-67,-26,20,-58,-43,-65,-40,27,-13,-61,-36,93,-94,-10,50,-91,102,-1,
74,76,-92,-18,-63,65,-52,52,82,7,30,-47,51,-17,25,70,-93,58,-21,-39,-1,
56,-102,92,94,79,-94,-59,-97,45,36,-79,7,-64,0,68,-78,-71,87,-26,46,1,
-62,-29,20,-66,-36,24,-67,-42,-63,-46,24,-15,-65,-40,88,-92,-16,51,-96,92,-1,
78,75,-82,-28,-56,71,-56,52,79,10,36,-57,55,-19,27,71,-91,56,-18,-39,-1,
76,74,-84,-26,-59,72,-54,51,78,9,30,-45,55,-15,21,67,-86,56,-12,-36,-1,
76,74,-88,-19,-61,67,-54,54,78,9,34,-53,56,-19,26,70,-90,54,-18,-37,-1,
54,-91,94,96,84,-92,-56,-92,49,39,-75,7,-56,-1,73,-76,-72,90,-24,49,1,
-43,-32,23,-83,-57,90,72,-69,89,-58,-22,-25,53,-86,-66,-76,12,38,-64,87,-1,
79,74,-84,-25,-54,70,-54,54,77,10,30,-48,56,-16,23,69,-89,55,-13,-42,-1,
-54,-26,24,-60,-28,28,-53,-40,-55,-36,29,-8,-58,-39,98,-84,-9,54,-86,99,-1,
55,-93,97,93,79,-92,-59,-99,46,36,-87,8,-57,3,68,-82,-69,86,-29,49,1,
-61,-29,20,-63,-36,28,-59,-40,-63,-39,25,-10,-65,-42,93,-88,-6,50,-91,92,-1,
-41,-30,19,-79,-64,90,73,-65,96,-62,-27,-21,45,-80,-70,-73,17,37,-69,90,-1,
73,72,-88,-27,-61,65,-60,49,74,9,32,-55,53,-26,27,64,-89,50,-18,-41,-1,
78,79,-78,-22,-49,69,-52,56,80,13,32,-45,59,-14,30,72,-82,56,-10,-41,-1,
-44,-38,24,-86,-66,90,67,-67,87,-68,-22,-30,48,-85,-65,-80,15,33,-69,86,-1,
79,79,-83,-18,-52,71,-54,56,82,13,36,-50,57,-16,27,71,-86,61,-20,-36,-1,
27,57,-4,-67,15,43,63,-91,85,68,-44,93,75,-32,93,-29,-25,-47,70,74,-1,
76,77,-85,-29,-58,71,-58,53,76,5,37,-49,55,-19,23,68,-89,59,-21,-37,-1,
21,42,-3,-73,14,38,62,-95,81,58,-47,90,69,-37,89,-38,-29,-49,65,71,-1,
-61,-27,25,-65,-30,25,-58,-41,-65,-43,28,-17,-60,-46,98,-87,-11,47,-89,94,-1,
58,-101,94,88,79,-94,-58,-98,43,40,-84,3,-60,1,64,-77,-74,87,-24,43,1,
-64,-28,22,-63,-30,27,-58,-38,-63,-45,28,-14,-62,-36,93,-86,-11,48,-87,98,-1,
53,-95,93,93,80,-90,-60,-93,41,39,-79,5,-55,1,64,-77,-64,86,-25,46,1,
79,75,-87,-22,-60,72,-55,54,81,13,34,-51,53,-16,23,73,-89,56,-15,-37,-1,
-64,-32,25,-70,-33,20,-60,-40,-66,-39,28,-12,-64,-47,94,-82,-14,50,-90,99,-1,
20,54,-5,-77,22,37,64,-100,84,67,-49,97,73,-32,92,-36,-27,-56,63,74,-1,
-56,-30,21,-67,-28,25,-54,-41,-63,-40,25,-15,-63,-40,93,-96,-9,51,-89,95,-1,
-37,-32,22,-78,-68,91,70,-64,91,-64,-27,-28,46,-80,-63,-76,12,35,-65,86,-1,
54,-98,90,95,77,-92,-63,-96,38,34,-86,8,-58,-3,59,-80,-72,88,-29,39,1,
-42,-36,17,-84,-64,85,72,-67,88,-63,-26,-28,46,-88,-70,-77,15,29,-72,85,-1,
20,53,0,-75,22,41,62,-85,82,65,-45,98,71,-34,93,-31,-26,-46,68,74,-1,
-68,-24,20,-64,-31,20,-63,-40,-63,-44,26,-10,-64,-44,88,-90,-12,49,-92,91,-1,
-66,-30,25,-65,-32,27,-61,-35,-61,-41,22,-9,-65,-41,93,-94,-10,47,-87,92,-1,
21,54,-2,-75,22,38,67,-91,85,65,-44,95,75,-33,95,-34,-22,-47,65,76,-1,
-63,-30,24,-64,-34,26,-58,-38,-63,-39,24,-9,-63,-42,91,-93,-13,52,-92,94,-1,
26,55,1,-71,25,42,70,-91,90,68,-40,97,78,-29,98,-33,-22,-45,69,76,-1,
53,-90,92,96,77,-94,-59,-98,50,32,-78,7,-57,0,71,-80,-64,87,-21,46,1,
27,53,-1,-75,20,44,63,-89,84,66,-42,95,72,-34,96,-37,-27,-49,66,72,-1,
-38,-37,21,-80,-64,91,71,-69,94,-63,-24,-30,49,-79,-67,-71,9,34,-65,87,-1,
-45,-34,19,-87,-66,88,67,-68,92,-65,-28,-26,47,-85,-69,-81,12,31,-66,81,-1,
55,-98,95,92,78,-93,-58,-98,39,38,-86,8,-56,-1,67,-79,-69,89,-30,46,1,
20,55,-7,-76,18,36,63,-95,79,63,-45,93,72,-33,91,-34,-26,-55,64,76,-1,
-41,-34,20,-81,-67,89,72,-65,90,-67,-23,-26,46,-82,-66,-78,15,34,-69,89,-1,
23,55,-1,-69,17,41,60,-88,82,69,-46,97,78,-35,97,-35,-25,-45,68,74,-1,
53,-98,90,93,76,-94,-57,-104,46,33,-87,8,-65,-2,64,-86,-67,88,-32,42,1,
56,-100,99,94,80,-93,-60,-98,47,36,-81,12,-56,-1,66,-75,-72,91,-24,41,1,
82,74,-77,-25,-52,72,-60,61,78,14,37,-55,60,-14,29,74,-83,57,-17,-40,-1,
-65,-33,20,-68,-34,22,-61,-38,-70,-42,28,-18,-66,-45,88,-90,-14,45,-94,87,-1,
57,-96,99,97,82,-91,-58,-96,45,35,-81,12,-58,1,68,-77,-70,89,-27,45,1,
21,52,-2,-79,23,40,62,-90,82,66,-41,94,70,-33,90,-36,-28,-49,65,73,-1,
28,53,1,-68,18,41,68,-91,86,69,-41,94,81,-35,100,-34,-25,-46,68,76,-1,
22,53,-3,-73,23,41,63,-92,84,66,-44,94,72,-32,85,-29,-26,-46,67,77,-1,
-40,-38,22,-80,-62,93,73,-64,90,-67,-21,-26,52,-79,-66,-72,12,34,-65,84,-1,
-43,-36,19,-80,-67,89,69,-66,93,-68,-25,-28,50,-83,-67,-76,14,36,-71,91,-1,
83,75,-85,-14,-54,70,-46,56,79,12,35,-43,55,-17,31,69,-84,57,-17,-32,-1,
58,-95,89,100,81,-92,-64,-92,46,29,-80,15,-60,0,65,-75,-68,88,-27,48,1,
48,-93,92,93,76,-92,-63,-100,41,32,-81,5,-60,-3,65,-80,-68,83,-24,44,1,
-68,-34,23,-64,-37,23,-58,-38,-65,-39,25,-15,-65,-42,95,-96,-14,46,-90,88,-1,
23,57,1,-73,20,45,66,-86,90,66,-38,99,79,-30,98,-29,-22,-45,70,78,-1,
22,49,-3,-76,16,39,65,-89,83,63,-45,87,72,-39,93,-34,-29,-47,63,71,-1,
80,75,-83,-24,-58,75,-52,54,84,12,37,-46,54,-15,27,72,-87,58,-10,-37,-1,
-43,-31,17,-77,-61,92,71,-63,90,-63,-23,-24,51,-81,-69,-74,13,38,-68,85,-1,
24,47,-3,-73,21,39,60,-91,80,66,-45,93,68,-38,90,-34,-30,-48,64,76,-1,
80,73,-84,-24,-54,71,-57,60,76,12,35,-48,52,-10,25,75,-89,56,-13,-39,-1,
74,78,-86,-23,-55,68,-53,53,81,9,30,-45,56,-18,23,76,-90,58,-15,-41,-1,
-34,-30,24,-76,-57,91,77,-62,99,-59,-17,-21,50,-80,-61,-70,18,41,-63,94,-1,
-67,-26,26,-66,-30,21,-56,-39,-63,-36,23,-10,-66,-44,91,-90,-11,48,-88,95,-1,
22,48,-3,-75,17,39,67,-96,83,61,-46,93,71,-36,92,-35,-27,-53,64,78,-1,
-41,-32,20,-85,-64,89,71,-68,88,-60,-26,-26,49,-87,-68,-78,13,33,-70,84,-1,
-63,-23,17,-60,-34,30,-59,-37,-59,-36,26,-10,-64,-42,93,-84,-15,55,-91,94,-1,
83,78,-86,-24,-56,71,-58,52,78,12,34,-53,52,-15,29,70,-87,57,-19,-36,-1,
82,78,-84,-19,-60,70,-53,55,79,12,33,-45,56,-17,28,73,-88,56,-16,-34,-1,
22,45,-7,-76,14,38,63,-97,83,63,-47,94,67,-39,91,-36,-27,-51,69,71,-1,
59,-96,96,95,84,-91,-56,-96,50,37,-79,10,-56,0,71,-78,-67,89,-27,49,1,
-38,-33,25,-81,-60,93,73,-63,92,-61,-25,-25,52,-85,-64,-72,16,39,-65,85,-1,
-69,-30,18,-62,-33,25,-61,-37,-63,-38,20,-12,-67,-36,89,-93,-15,50,-91,90,-1,
-41,-36,18,-84,-64,88,68,-64,88,-66,-25,-27,46,-80,-70,-78,11,34,-62,81,-1,
83,78,-84,-16,-55,70,-49,58,84,8,37,-48,56,-13,32,73,-87,59,-21,-37,-1,
-55,-29,26,-60,-26,19,-52,-41,-58,-36,31,-14,-62,-37,98,-91,-6,51,-86,93,-1,
-61,-32,21,-66,-38,29,-62,-38,-68,-39,24,-10,-66,-41,97,-93,-10,50,-90,90,-1,
56,-99,93,93,77,-92,-62,-93,42,39,-80,5,-59,2,64,-77,-71,83,-22,42,1,
-62,-25,23,-61,-36,29,-56,-35,-57,-35,26,-15,-59,-37,96,-87,-11,56,-85,93,-1,
20,54,-6,-74,17,44,59,-91,82,64,-47,96,73,-38,93,-37,-26,-51,69,76,-1,
55,-90,92,94,75,-92,-62,-97,44,35,-81,8,-53,-1,70,-77,-69,87,-23,46,1,
24,49,-1,-76,22,34,62,-97,86,62,-42,93,73,-33,91,-41,-25,-52,63,68,-1,
56,-100,90,95,78,-93,-60,-99,41,39,-82,5,-58,0,62,-75,-72,87,-28,45,1,
-41,-26,21,-78,-62,89,70,-68,93,-67,-24,-22,50,-84,-65,-77,17,34,-64,83,-1,
-63,-29,22,-67,-32,24,-59,-38,-62,-39,26,-12,-65,-42,91,-92,-12,51,-89,95,-1,
23,54,-1,-70,21,41,66,-88,86,69,-43,94,79,-35,99,-36,-22,-44,68,76,-1,
76,79,-83,-25,-61,71,-59,57,79,14,34,-52,61,-16,29,73,-87,53,-14,-35,-1,
60,-95,94,96,86,-93,-57,-93,50,35,-80,13,-58,2,72,-76,-67,89,-25,48,1,
19,52,3,-76,24,37,64,-88,83,69,-41,93,74,-34,92,-32,-29,-44,64,71,-1,
20,56,-8,-72,17,38,58,-96,83,67,-49,94,73,-37,91,-32,-32,-53,67,71,-1,
80,67,-87,-23,-62,69,-53,56,77,3,35,-50,49,-20,21,70,-94,57,-22,-38,-1,
84,81,-79,-23,-51,72,-48,55,87,13,39,-43,58,-15,30,79,-88,62,-16,-34,-1,
-42,-35,15,-80,-66,92,66,-71,90,-69,-27,-27,50,-86,-70,-79,10,33,-67,79,-1,
56,-99,94,93,79,-95,-61,-100,46,36,-86,9,-58,-2,67,-79,-73,85,-27,44,1,
-61,-33,24,-68,-32,21,-60,-37,-62,-41,29,-18,-67,-40,90,-90,-15,51,-89,92,-1,
-35,-36,18,-75,-65,92,75,-66,94,-63,-24,-24,52,-82,-62,-71,12,39,-71,92,-1,
-62,-26,28,-62,-30,28,-56,-39,-60,-35,25,-11,-64,-38,97,-90,-11,50,-89,96,-1,
76,80,-82,-21,-53,68,-51,53,82,6,37,-45,55,-15,28,68,-86,59,-21,-41,-1,
-40,-32,23,-79,-60,91,75,-64,91,-57,-25,-20,50,-80,-65,-74,14,37,-66,88,-1,
59,-95,94,94,80,-90,-59,-99,45,32,-82,10,-62,0,60,-76,-71,88,-27,44,1,
75,77,-85,-20,-56,68,-54,47,81,7,36,-53,56,-21,28,76,-90,58,-19,-38,-1,
52,-98,91,94,76,-95,-60,-98,44,32,-80,4,-56,-6,67,-81,-73,89,-27,39,1,
82,81,-83,-20,-52,73,-53,57,83,17,34,-48,61,-10,29,77,-84,59,-12,-36,-1,
-39,-29,21,-74,-57,92,75,-59,97,-60,-22,-21,51,-75,-67,-72,21,40,-59,90,-1,
54,-94,95,94,81,-91,-58,-98,47,33,-79,9,-59,-4,69,-84,-64,87,-32,48,1,
57,-95,97,96,81,-89,-61,-97,46,29,-74,7,-59,1,71,-79,-66,89,-22,50,1,
57,-98,97,91,82,-92,-59,-96,44,34,-80,6,-59,4,63,-77,-69,87,-29,48,1,
57,-92,92,98,81,-89,-56,-95,48,37,-80,11,-56,-2,65,-77,-66,94,-24,43,1,
-59,-22,24,-63,-27,28,-56,-34,-58,-40,30,-10,-62,-43,91,-87,-14,55,-89,97,-1,
-57,-28,26,-63,-30,26,-50,-37,-58,-36,28,-10,-62,-39,96,-86,-6,53,-83,94,-1,
20,43,-3,-74,17,31,65,-97,78,59,-48,88,70,-38,88,-38,-30,-50,60,75,-1,
81,82,-81,-25,-59,76,-54,53,82,7,42,-46,59,-12,24,76,-90,60,-12,-36,-1,
77,78,-85,-20,-57,80,-53,55,79,15,36,-49,58,-16,26,79,-94,63,-11,-34,-1,
18,51,-2,-74,17,40,64,-91,87,61,-44,94,75,-38,97,-33,-26,-49,63,76,-1,
29,55,0,-65,19,43,69,-90,87,70,-44,101,77,-31,96,-26,-24,-40,75,79,-1,
-61,-31,24,-66,-26,24,-53,-37,-63,-37,26,-16,-59,-41,92,-89,-8,51,-86,93,-1,
58,-98,95,97,72,-88,-65,-99,45,35,-81,9,-57,4,62,-77,-69,88,-27,48,1,
25,51,-1,-72,21,41,65,-91,81,65,-41,95,75,-33,95,-31,-32,-50,69,79,-1,
76,78,-83,-17,-54,72,-47,50,86,12,34,-50,58,-17,32,71,-87,56,-13,-38,-1,
-55,-26,34,-63,-25,30,-56,-34,-58,-33,27,-7,-62,-33,94,-88,-12,53,-88,99,-1,
59,-96,96,92,78,-90,-53,-102,45,34,-77,6,-60,-1,66,-80,-66,88,-30,47,1,
-38,-32,21,-85,-62,86,72,-65,91,-68,-25,-21,46,-89,-65,-73,12,34,-63,81,-1,
26,53,-2,-73,20,42,66,-92,86,65,-42,93,73,-33,94,-37,-23,-51,70,76,-1,
-60,-24,22,-56,-25,25,-48,-38,-61,-39,30,-13,-54,-38,95,-89,-7,55,-89,98,-1,
-62,-27,24,-68,-29,30,-59,-34,-61,-36,26,-10,-65,-38,92,-85,-16,52,-85,93,-1,
78,74,-84,-25,-58,70,-59,56,79,4,34,-56,56,-14,22,70,-92,57,-23,-44,-1,
-42,-29,21,-77,-62,92,71,-61,92,-59,-23,-21,52,-78,-65,-70,15,38,-66,88,-1,
56,-95,99,94,77,-92,-59,-94,40,37,-82,12,-57,2,65,-76,-69,85,-20,43,1,
-62,-32,24,-62,-32,25,-53,-36,-62,-36,23,-9,-61,-41,91,-86,-10,52,-89,90,-1,
28,51,-5,-68,15,44,64,-97,85,66,-42,95,74,-37,91,-31,-27,-50,71,79,-1,
-70,-27,22,-66,-38,29,-60,-39,-64,-35,25,-11,-71,-44,90,-90,-17,47,-92,91,-1,
76,77,-87,-22,-57,71,-49,52,81,4,36,-50,55,-15,27,69,-91,57,-13,-40,-1,
20,51,-5,-75,20,38,61,-96,85,62,-46,92,72,-33,91,-37,-30,-53,64,73,-1,
21,53,-5,-74,21,48,59,-89,87,60,-44,103,70,-32,99,-35,-25,-52,73,79,-1,
-39,-32,18,-76,-65,95,71,-68,94,-66,-24,-28,53,-83,-67,-68,12,39,-72,88,-1,
-65,-26,26,-63,-31,24,-52,-38,-64,-38,31,-12,-58,-39,96,-90,-8,53,-85,86,-1,
-42,-35,20,-81,-65,88,72,-67,89,-65,-23,-24,48,-83,-66,-76,10,36,-68,88,-1,
53,-102,90,90,77,-94,-67,-98,39,30,-86,7,-62,-3,60,-79,-77,85,-30,42,1,
83,81,-81,-19,-53,74,-51,55,81,12,40,-49,56,-14,29,78,-85,60,-22,-35,-1,
23,51,-2,-74,21,44,65,-91,89,63,-44,98,73,-32,99,-35,-26,-49,66,79,-1,
-43,-30,18,-82,-64,87,67,-67,88,-62,-27,-25,48,-89,-65,-81,12,35,-68,84,-1,
58,-97,95,95,75,-89,-61,-104,45,37,-83,8,-58,-2,65,-78,-69,82,-24,43,1,
16,48,-8,-76,15,35,60,-97,83,59,-48,92,67,-39,84,-34,-29,-49,63,73,-1,
53,-103,89,89,71,-93,-60,-103,39,37,-86,2,-63,-6,58,-84,-71,85,-32,42,1,
-38,-39,22,-79,-63,89,72,-63,85,-62,-30,-28,48,-87,-73,-76,20,31,-65,83,-1,
-62,-31,16,-63,-32,19,-58,-44,-66,-35,22,-9,-63,-46,97,-94,-9,46,-93,85,-1,
85,80,-81,-18,-49,68,-50,55,85,12,35,-51,62,-15,31,74,-89,56,-13,-41,-1,
24,56,-4,-80,22,41,63,-92,82,67,-42,92,71,-31,88,-37,-22,-53,65,72,-1,
82,80,-82,-27,-58,75,-59,57,80,10,36,-50,58,-10,24,71,-84,56,-19,-38,-1,
22,54,-4,-74,19,40,60,-90,80,72,-43,91,76,-33,90,-37,-24,-50,66,78,-1,
-58,-25,20,-64,-31,28,-56,-35,-61,-42,28,-12,-60,-41,94,-90,-11,54,-86,94,-1,
81,76,-81,-23,-55,73,-52,56,79,11,36,-50,58,-17,22,75,-91,57,-21,-37,-1,
52,-96,88,96,76,-90,-63,-96,42,38,-81,3,-56,-2,67,-82,-70,84,-32,45,1,
-59,-30,24,-58,-32,20,-53,-39,-60,-42,26,-15,-60,-41,95,-90,-8,54,-89,91,-1,
-45,-35,21,-81,-64,88,71,-67,94,-66,-24,-31,48,-86,-68,-77,16,35,-70,82,-1,
-69,-29,19,-68,-31,27,-59,-34,-63,-35,21,-9,-68,-40,93,-91,-11,47,-84,91,-1,
50,-100,95,97,78,-95,-62,-98,47,32,-77,10,-59,-3,68,-81,-66,86,-28,44,1,
-41,-29,20,-75,-63,90,67,-61,94,-65,-17,-26,54,-80,-68,-71,17,40,-61,92,-1,
-39,-32,21,-75,-65,94,69,-66,93,-63,-25,-25,48,-76,-68,-73,14,40,-64,89,-1,
-41,-31,19,-78,-62,93,76,-67,94,-62,-19,-25,50,-81,-67,-72,10,38,-67,86,-1,
-54,-26,29,-63,-27,27,-57,-36,-56,-36,31,-6,-60,-39,98,-90,-7,54,-87,102,-1,
20,55,0,-79,20,39,63,-90,86,64,-39,97,72,-28,93,-29,-25,-50,67,71,-1,
-44,-27,19,-81,-62,91,71,-66,96,-61,-27,-24,51,-84,-65,-82,16,35,-65,86,-1,
77,79,-82,-26,-58,71,-60,56,81,11,36,-51,58,-14,26,72,-86,58,-16,-40,-1,
-60,-22,27,-63,-26,25,-57,-39,-63,-39,27,-7,-59,-40,97,-86,-8,53,-87,94,-1,
-65,-35,25,-66,-34,22,-57,-41,-66,-38,28,-7,-65,-42,98,-88,-12,48,-88,96,-1,
83,76,-85,-17,-58,79,-54,57,81,15,38,-48,56,-16,29,76,-91,65,-17,-31,-1,
-63,-27,23,-67,-29,31,-57,-36,-66,-36,27,-12,-64,-38,92,-88,-15,52,-89,93,-1,
83,80,-83,-14,-56,73,-50,62,87,20,34,-45,56,-10,29,81,-87,59,-18,-31,-1,
-60,-28,23,-68,-24,28,-57,-38,-66,-40,26,-11,-63,-38,93,-88,-8,47,-85,91,-1,
77,74,-85,-25,-56,71,-55,51,77,11,31,-49,54,-20,26,73,-92,55,-14,-40,-1,
85,68,-82,-22,-56,71,-53,54,77,12,33,-51,54,-19,27,72,-88,59,-17,-34,-1,
-66,-29,22,-60,-32,24,-54,-42,-59,-43,21,-15,-61,-43,91,-93,-11,48,-89,90,-1,
-37,-31,20,-82,-63,92,68,-64,93,-66,-23,-25,53,-83,-66,-74,16,35,-65,94,-1,
-64,-29,20,-67,-35,25,-63,-40,-59,-44,26,-10,-64,-45,91,-91,-14,47,-88,93,-1,
-39,-31,24,-82,-67,90,72,-67,94,-64,-27,-22,46,-81,-66,-74,14,35,-66,85,-1,
81,76,-80,-24,-55,75,-54,55,77,10,40,-54,60,-13,28,72,-83,57,-15,-36,-1,
-37,-27,25,-76,-65,96,75,-65,91,-62,-23,-23,49,-81,-61,-77,13,38,-64,84,-1,
-38,-32,23,-74,-63,95,75,-67,97,-63,-21,-26,54,-83,-61,-73,14,39,-69,93,-1,
55,-95,100,98,80,-87,-60,-99,49,40,-79,11,-52,-4,68,-75,-70,90,-25,46,1,
-42,-34,18,-82,-66,92,69,-67,91,-67,-29,-21,48,-80,-70,-77,13,34,-67,86,-1,
-40,-33,16,-80,-63,86,70,-75,95,-64,-27,-25,45,-82,-63,-76,10,33,-66,81,-1,
26,51,0,-72,20,46,65,-92,89,68,-44,94,75,-34,93,-31,-22,-51,66,81,-1,
-59,-29,24,-61,-29,25,-55,-42,-61,-39,26,-15,-59,-42,94,-87,-17,54,-94,95,-1,
-38,-34,27,-83,-61,92,71,-65,95,-62,-23,-25,52,-81,-64,-75,16,38,-65,88,-1,
-59,-22,27,-65,-26,26,-54,-38,-64,-37,30,-18,-60,-38,98,-87,-14,50,-87,94,-1,
54,-95,94,92,79,-93,-60,-94,43,33,-80,7,-59,1,60,-79,-68,87,-26,42,1,
81,74,-84,-22,-57,70,-55,54,77,15,33,-51,57,-21,29,72,-91,54,-14,-37,-1,
56,-95,99,98,79,-91,-57,-97,50,40,-83,15,-55,1,74,-78,-66,90,-25,47,1,
-66,-26,22,-66,-25,25,-60,-37,-65,-40,25,-14,-65,-38,90,-90,-12,47,-87,92,-1,
53,-100,88,94,74,-96,-64,-101,45,29,-82,4,-56,-2,61,-78,-75,86,-32,42,1,
73,79,-85,-20,-55,63,-53,51,84,15,33,-49,55,-21,28,73,-88,56,-21,-37,-1,
-42,-24,24,-79,-61,93,74,-66,94,-58,-21,-27,51,-83,-63,-75,18,36,-66,87,-1,
-36,-35,18,-77,-64,92,72,-67,92,-65,-23,-27,50,-83,-63,-73,10,37,-68,87,-1,
-37,-35,25,-79,-60,92,75,-61,91,-66,-22,-25,48,-76,-65,-74,19,34,-62,90,-1,
56,-98,91,97,78,-97,-61,-94,47,35,-84,11,-57,3,65,-75,-70,87,-24,45,1,
56,-98,93,94,79,-92,-59,-98,39,36,-87,7,-57,0,68,-81,-71,87,-29,43,1,
-41,-39,21,-87,-64,89,68,-63,89,-65,-29,-25,46,-85,-71,-80,16,30,-66,82,-1,
-62,-25,27,-64,-29,31,-59,-36,-57,-43,26,-5,-66,-36,89,-85,-11,49,-85,94,-1,
-61,-26,21,-63,-35,21,-56,-43,-64,-38,22,-13,-62,-45,92,-91,-11,51,-94,93,-1,
25,49,0,-77,21,42,66,-89,80,65,-43,94,71,-38,94,-35,-24,-49,70,76,-1,
25,53,0,-70,21,39,64,-87,80,68,-49,94,72,-34,92,-31,-27,-43,64,74,-1,
-60,-28,26,-65,-29,28,-53,-42,-63,-37,27,-12,-60,-45,95,-83,-13,49,-89,92,-1,
79,75,-85,-21,-55,70,-58,59,74,17,31,-50,60,-21,28,72,-91,56,-15,-38,-1,
83,79,-86,-20,-56,75,-56,57,86,12,33,-48,60,-15,30,75,-88,65,-14,-36,-1,
76,72,-85,-20,-63,75,-54,54,73,12,31,-52,51,-16,25,67,-96,55,-18,-38,-1,
59,-99,100,93,78,-90,-57,-96,44,34,-81,10,-57,0,66,-83,-67,86,-25,43,1,
18,50,-6,-80,21,41,64,-93,85,58,-44,92,68,-33,86,-36,-27,-49,64,76,-1,
78,77,-85,-23,-56,68,-58,53,77,7,31,-54,56,-17,23,69,-89,57,-25,-42,-1,
53,-92,94,93,76,-88,-62,-96,38,33,-82,4,-59,0,66,-83,-73,83,-27,46,1,
-40,-29,21,-77,-60,96,76,-61,90,-63,-19,-22,55,-78,-66,-74,12,37,-61,88,-1,
-65,-25,21,-64,-34,24,-59,-39,-63,-36,22,-15,-60,-43,92,-87,-15,51,-91,93,-1,
-44,-29,17,-82,-65,91,64,-67,94,-67,-24,-26,51,-81,-66,-77,11,40,-67,85,-1,
55,-99,90,90,78,-95,-60,-92,43,35,-80,4,-59,-2,60,-76,-75,91,-24,41,1,
82,82,-84,-17,-56,71,-52,56,84,14,40,-49,57,-12,30,73,-80,55,-17,-33,-1,
26,52,0,-69,21,42,66,-94,89,68,-42,99,76,-30,97,-33,-24,-46,69,75,-1,
24,49,-2,-76,20,39,68,-98,89,65,-45,98,70,-30,93,-36,-21,-52,66,75,-1,
-43,-29,19,-74,-66,90,70,-64,87,-60,-25,-29,47,-78,-69,-74,10,39,-67,87,-1,
-37,-35,27,-77,-61,95,75,-65,93,-64,-21,-25,50,-77,-64,-70,16,36,-62,87,-1,
53,-93,96,95,83,-93,-58,-96,48,35,-78,8,-56,-2,64,-75,-68,85,-25,45,1,
55,-96,98,93,79,-94,-57,-97,46,38,-83,10,-57,1,69,-80,-64,86,-19,43,1,
-40,-31,22,-82,-62,95,72,-60,92,-62,-22,-25,51,-81,-66,-69,11,41,-66,86,-1,
19,50,0,-72,19,37,61,-90,84,63,-45,97,73,-35,91,-34,-30,-43,63,74,-1,
-37,-31,20,-81,-63,93,72,-67,97,-65,-28,-19,48,-81,-66,-75,14,33,-61,83,-1,
-38,-31,24,-78,-59,91,72,-66,95,-61,-19,-27,48,-80,-61,-70,15,40,-67,87,-1,
55,-95,95,92,79,-87,-59,-98,41,32,-78,10,-62,-6,63,-79,-67,90,-29,43,1,
24,56,-2,-73,19,45,66,-92,88,64,-39,95,78,-29,96,-37,-24,-49,67,78,-1,
-39,-35,24,-76,-65,93,73,-63,92,-61,-23,-27,50,-79,-65,-72,13,37,-63,84,-1,
80,75,-86,-23,-53,67,-53,53,82,11,31,-47,52,-17,24,75,-92,55,-16,-41,-1,
54,-94,97,94,84,-91,-59,-96,46,35,-82,12,-58,2,64,-76,-69,91,-27,41,1,
55,-93,93,97,80,-89,-59,-96,48,36,-78,9,-58,0,68,-80,-69,87,-26,45,1,
-64,-25,25,-57,-28,31,-54,-32,-58,-36,26,-9,-64,-35,91,-85,-14,55,-87,87,-1,
-55,-25,21,-64,-30,26,-55,-38,-61,-41,32,-15,-54,-41,98,-88,-10,55,-86,97,-1,
84,80,-84,-25,-55,76,-55,58,79,7,39,-46,54,-11,28,70,-89,60,-16,-37,-1,
-62,-27,26,-62,-29,23,-57,-34,-64,-36,29,-6,-62,-37,100,-86,-6,52,-84,93,-1,
54,-88,95,90,81,-87,-61,-91,44,35,-82,7,-60,0,67,-84,-68,85,-24,44,1,
55,-98,92,93,74,-94,-58,-102,40,37,-91,8,-60,0,66,-85,-69,82,-29,41,1,
-43,-29,12,-81,-64,90,66,-69,92,-60,-29,-25,50,-90,-71,-76,10,37,-69,82,-1,
26,49,1,-73,23,43,66,-92,90,66,-44,99,76,-36,95,-32,-21,-45,67,75,-1,
-63,-30,20,-66,-27,23,-58,-38,-63,-41,30,-14,-63,-42,93,-90,-14,49,-87,91,-1,
55,-92,91,95,77,-92,-60,-93,44,38,-85,8,-55,-1,65,-79,-71,86,-28,48,1,
78,76,-82,-24,-48,68,-56,57,80,12,38,-52,58,-17,27,74,-86,59,-15,-42,-1,
-42,-26,19,-81,-61,86,71,-65,98,-63,-20,-24,46,-82,-66,-78,18,40,-69,87,-1,
23,52,-3,-71,21,36,64,-94,85,67,-43,91,80,-36,94,-32,-23,-49,66,76,-1,
-56,-29,27,-64,-32,30,-61,-29,-65,-29,28,-7,-63,-36,98,-89,-15,57,-92,91,-1,
20,53,0,-72,20,38,63,-93,86,69,-46,94,79,-37,97,-41,-22,-48,66,71,-1,
-37,-24,21,-75,-60,94,73,-68,100,-62,-23,-21,51,-85,-60,-76,18,42,-68,90,-1,
75,69,-84,-25,-58,63,-57,48,76,4,27,-55,51,-18,23,64,-88,52,-19,-43,-1,
18,48,-12,-79,15,34,58,-100,83,59,-47,90,67,-40,87,-41,-31,-53,66,67,-1,
-45,-35,21,-82,-61,91,72,-69,89,-66,-25,-27,54,-86,-69,-80,14,33,-65,83,-1,
-56,-24,22,-58,-31,27,-59,-36,-56,-40,27,-9,-58,-38,96,-90,-12,54,-89,96,-1,
25,52,-3,-72,19,38,66,-97,83,66,-46,94,76,-36,96,-34,-26,-52,68,78,-1,
80,69,-87,-25,-60,68,-55,54,77,7,31,-50,55,-23,24,67,-90,57,-22,-38,-1,
54,-98,91,93,75,-91,-60,-97,46,32,-78,6,-61,-3,69,-84,-71,91,-34,49,1,
27,49,-3,-68,21,42,66,-95,87,66,-45,97,75,-35,95,-31,-25,-47,70,80,-1,
-62,-33,23,-68,-35,20,-59,-41,-65,-40,21,-11,-68,-40,95,-94,-14,49,-88,91,-1,
-42,-37,21,-82,-67,89,68,-62,89,-67,-23,-33,49,-82,-67,-77,13,33,-66,83,-1,
75,75,-87,-25,-63,73,-58,53,81,9,36,-55,60,-23,27,70,-93,56,-16,-41,-1,
24,52,1,-72,17,44,62,-92,85,68,-44,102,71,-29,96,-32,-31,-50,72,75,-1,
-60,-29,28,-62,-26,24,-56,-36,-59,-38,20,-11,-61,-36,96,-92,-7,50,-85,96,-1,
55,-95,88,93,78,-90,-68,-96,47,33,-81,5,-59,-3,60,-77,-75,86,-30,49,1,
20,46,-3,-79,15,37,61,-94,81,69,-50,93,68,-38,89,-30,-31,-48,63,75,-1,
-64,-26,19,-63,-34,23,-58,-40,-63,-34,21,-13,-61,-43,92,-91,-14,51,-92,91,-1,
53,-95,93,96,81,-95,-60,-99,46,39,-86,11,-57,-5,63,-76,-73,83,-27,43,1,
80,80,-86,-18,-53,72,-53,59,82,12,37,-53,60,-14,30,75,-85,56,-14,-37,-1,
-45,-36,20,-78,-62,92,73,-69,89,-68,-26,-24,54,-80,-75,-77,18,35,-64,87,-1,
26,54,-1,-68,18,38,65,-92,86,68,-41,94,79,-36,94,-37,-21,-44,70,75,-1,
78,74,-86,-25,-62,70,-58,54,80,13,34,-54,55,-16,21,77,-88,53,-18,-37,-1,
19,45,-3,-78,12,36,60,-100,77,65,-53,93,68,-39,88,-37,-31,-58,63,71,-1,
57,-98,94,92,82,-93,-60,-92,48,32,-77,7,-58,0,66,-77,-72,90,-26,44,1,
-39,-34,22,-83,-62,92,73,-66,95,-65,-27,-19,48,-80,-66,-79,21,32,-63,85,-1,
56,-101,92,100,78,-89,-62,-95,47,35,-74,12,-63,0,68,-75,-69,93,-26,46,1,
-61,-22,25,-61,-29,29,-57,-41,-59,-42,29,-10,-59,-38,93,-81,-17,53,-89,102,-1,
-36,-32,22,-77,-64,93,74,-60,95,-59,-23,-24,47,-78,-67,-70,15,38,-65,90,-1,
26,48,0,-73,21,40,65,-94,87,64,-44,98,74,-32,94,-31,-25,-49,62,76,-1,
86,81,-83,-16,-49,81,-49,58,81,14,42,-49,54,-7,30,76,-85,62,-15,-33,-1,
58,-99,96,94,77,-93,-57,-99,49,36,-81,8,-59,0,68,-80,-71,88,-23,45,1,
-61,-29,24,-65,-32,26,-58,-38,-62,-41,23,-9,-64,-41,88,-90,-13,52,-91,96,-1,
-37,-35,24,-77,-61,97,75,-63,96,-66,-24,-24,51,-76,-67,-72,17,39,-65,92,-1,
57,-102,103,91,88,-95,-53,-96,40,38,-81,9,-56,1,73,-78,-71,89,-28,42,1,
-35,-33,21,-78,-64,92,71,-65,93,-69,-23,-23,45,-77,-67,-74,13,36,-63,85,-1,
-61,-27,26,-63,-30,28,-57,-36,-62,-39,32,-11,-65,-36,98,-90,-11,48,-86,91,-1,
76,77,-90,-27,-60,73,-57,54,78,9,33,-51,55,-20,19,72,-93,57,-20,-38,-1,
58,-95,95,94,79,-91,-59,-93,47,34,-78,8,-57,0,70,-78,-67,87,-23,48,1,
22,52,-4,-79,19,42,64,-91,83,63,-43,96,72,-33,96,-34,-25,-52,69,76,-1,
22,57,-1,-67,17,46,61,-87,86,68,-43,99,78,-32,97,-33,-25,-46,68,81,-1,
23,51,-3,-75,21,40,66,-93,85,62,-43,95,68,-30,89,-28,-26,-50,66,75,-1,
58,-99,93,94,81,-92,-57,-96,45,37,-84,10,-61,0,63,-79,-70,90,-26,42,1,
27,51,0,-76,23,38,69,-90,79,70,-41,91,75,-34,93,-33,-24,-47,65,80,-1,
76,72,-87,-25,-58,71,-56,52,79,7,33,-56,56,-17,24,68,-90,56,-16,-42,-1,
55,-91,88,100,76,-92,-59,-94,47,33,-80,6,-54,-1,64,-81,-69,89,-26,45,1,
-58,-27,27,-60,-29,26,-56,-35,-62,-36,26,-11,-59,-36,98,-89,-6,53,-88,95,-1,
-62,-28,25,-65,-26,18,-55,-42,-62,-37,29,-13,-66,-36,92,-94,-9,49,-88,93,-1,
26,50,-2,-68,17,39,67,-95,83,64,-49,99,73,-32,94,-34,-27,-46,67,78,-1,
26,54,-3,-67,23,43,70,-95,90,67,-45,96,80,-34,98,-34,-20,-46,66,82,-1,
75,76,-83,-24,-55,77,-55,51,77,11,34,-51,55,-16,23,74,-91,59,-16,-42,-1,
-40,-36,19,-81,-66,84,71,-63,92,-69,-21,-25,44,-82,-64,-80,14,36,-70,90,-1,
80,81,-82,-19,-54,73,-53,57,80,15,36,-48,55,-13,27,75,-90,59,-19,-36,-1,
80,76,-79,-24,-55,67,-54,54,77,8,33,-49,55,-14,30,66,-87,56,-16,-38,-1,
-65,-25,20,-64,-30,25,-57,-39,-65,-38,25,-13,-63,-45,95,-89,-12,49,-87,86,-1,
59,-101,93,98,80,-94,-60,-99,46,35,-86,13,-59,-1,64,-77,-71,90,-27,45,1,
-37,-33,21,-78,-67,97,70,-64,92,-65,-26,-26,50,-75,-65,-72,12,36,-66,90,-1,
26,48,0,-67,20,44,69,-96,90,61,-43,98,81,-32,96,-33,-22,-47,70,85,-1,
76,73,-88,-22,-63,67,-56,49,80,7,31,-51,49,-16,21,77,-94,54,-21,-41,-1,
21,50,-5,-73,18,42,62,-88,82,62,-45,92,73,-38,93,-36,-27,-47,61,78,-1,
75,72,-89,-25,-59,71,-56,50,75,10,32,-50,51,-20,24,68,-92,56,-13,-39,-1,
81,74,-83,-25,-58,72,-54,53,79,8,36,-50,53,-13,25,72,-86,59,-20,-34,-1,
58,-102,99,96,80,-91,-61,-99,46,38,-81,12,-54,-2,70,-76,-70,93,-28,43,1,
26,54,-2,-63,17,47,62,-90,92,67,-38,98,84,-33,100,-35,-22,-45,72,82,-1,
-37,-30,23,-78,-62,93,73,-62,93,-62,-22,-27,48,-79,-66,-71,14,36,-65,86,-1,
30,56,0,-69,27,43,68,-92,89,69,-41,97,75,-35,97,-30,-22,-47,73,76,-1,
22,56,-4,-72,24,41,63,-94,87,70,-42,95,75,-28,93,-35,-24,-51,69,77,-1,
-41,-37,19,-84,-67,88,69,-71,90,-71,-22,-32,47,-90,-64,-80,9,32,-74,84,-1,
60,-95,94,97,82,-90,-58,-96,51,39,-82,14,-59,0,65,-74,-72,93,-26,44,1,
-62,-31,31,-65,-29,28,-54,-37,-60,-38,31,-8,-58,-45,101,-90,-9,52,-85,95,-1,
15,51,-9,-76,15,37,60,-95,82,58,-50,92,68,-34,87,-32,-29,-51,59,73,-1,
24,52,-1,-72,20,40,67,-96,88,65,-45,97,78,-34,97,-38,-23,-49,69,78,-1,
55,-97,87,94,76,-93,-58,-96,44,37,-80,1,-59,-1,60,-78,-72,91,-29,47,1,
-65,-27,27,-64,-29,27,-62,-37,-57,-38,21,-12,-66,-33,88,-86,-14,47,-87,94,-1,
21,54,0,-76,19,36,65,-92,83,69,-48,96,72,-32,91,-34,-25,-45,64,70,-1,
-40,-35,20,-80,-65,87,74,-66,88,-68,-25,-25,47,-84,-68,-79,16,32,-69,87,-1,
82,76,-80,-22,-51,74,-57,55,79,13,36,-53,62,-15,29,75,-84,58,-16,-36,-1,
-42,-31,19,-79,-65,84,71,-69,96,-65,-24,-28,46,-85,-66,-77,15,35,-71,85,-1,
-68,-33,20,-70,-36,24,-62,-40,-67,-42,24,-9,-72,-45,91,-98,-12,43,-89,87,-1,
77,82,-85,-19,-59,71,-52,52,79,9,38,-54,60,-18,29,72,-89,54,-15,-36,-1,
27,53,-2,-71,25,42,67,-92,86,66,-38,94,78,-28,92,-34,-23,-46,70,81,-1,
21,52,-2,-73,21,39,66,-92,84,65,-45,95,73,-35,95,-33,-25,-48,64,79,-1,
22,50,-4,-74,15,40,64,-94,83,62,-47,92,71,-36,92,-37,-27,-50,64,75,-1,
-38,-35,17,-78,-63,89,69,-70,94,-64,-27,-26,51,-81,-66,-73,9,36,-66,88,-1,
-62,-30,21,-68,-36,25,-64,-36,-66,-38,28,-19,-66,-38,91,-87,-11,47,-91,90,-1,
75,78,-84,-26,-57,73,-56,49,80,11,35,-54,56,-14,27,76,-87,56,-10,-38,-1,
24,53,0,-73,20,39,65,-93,85,69,-48,98,75,-36,97,-35,-28,-48,65,71,-1,
-64,-25,22,-63,-30,23,-63,-37,-67,-42,23,-14,-61,-41,93,-87,-8,49,-91,93,-1,
56,-94,99,101,84,-91,-57,-99,49,39,-80,14,-53,-1,75,-76,-65,87,-26,49,1,
-61,-25,22,-67,-34,23,-56,-38,-67,-35,23,-14,-70,-38,90,-93,-11,52,-92,90,-1,
56,-98,89,97,76,-90,-67,-99,42,30,-84,10,-59,-3,61,-78,-71,88,-27,41,1,
-36,-32,28,-78,-61,96,74,-59,94,-61,-21,-24,52,-81,-64,-71,21,39,-64,88,-1,
55,-93,91,95,81,-89,-62,-91,44,27,-77,10,-63,1,65,-79,-68,92,-27,43,1,
23,59,-4,-73,22,43,61,-86,83,70,-40,94,78,-33,94,-32,-25,-47,69,79,-1,
24,55,3,-72,26,44,67,-89,89,67,-40,101,72,-30,97,-31,-28,-47,70,75,-1,
76,79,-83,-15,-55,71,-50,54,81,13,35,-46,57,-18,32,72,-89,62,-19,-33,-1,
-37,-32,24,-82,-62,90,72,-60,92,-60,-26,-20,47,-82,-65,-74,18,35,-63,87,-1,
-61,-30,23,-63,-27,16,-57,-41,-62,-40,21,-14,-68,-45,89,-92,-11,45,-92,88,-1,
-65,-28,28,-66,-32,27,-58,-37,-64,-37,26,-11,-67,-37,97,-90,-13,45,-86,93,-1,
72,74,-87,-23,-61,68,-56,50,78,8,34,-56,55,-21,22,72,-93,56,-21,-39,-1,
-40,-33,26,-79,-57,96,78,-65,97,-62,-20,-24,54,-79,-65,-72,17,37,-63,87,-1,
21,51,-2,-71,16,39,62,-98,86,67,-50,94,75,-35,91,-41,-28,-48,67,70,-1,
56,-98,92,95,81,-96,-61,-98,44,32,-86,9,-61,0,61,-79,-74,85,-27,42,1,
56,-95,95,92,79,-90,-61,-94,47,35,-82,9,-59,0,66,-83,-70,86,-30,45,1,
-40,-27,22,-78,-62,88,73,-64,91,-59,-25,-23,49,-83,-64,-74,18,36,-67,89,-1,
-64,-28,25,-68,-33,22,-60,-42,-62,-39,18,-13,-72,-41,93,-91,-14,49,-86,90,-1,
20,51,-8,-77,16,41,57,-91,84,61,-42,93,71,-37,92,-37,-27,-51,63,71,-1,
18,47,-1,-77,17,35,66,-96,80,60,-50,90,70,-39,92,-41,-28,-52,61,72,-1,
-36,-31,21,-76,-62,93,73,-66,92,-65,-24,-23,46,-76,-64,-66,10,42,-67,86,-1,
-36,-33,23,-80,-63,88,72,-62,92,-65,-21,-23,46,-80,-63,-76,17,31,-62,88,-1,
53,-96,90,96,76,-88,-61,-98,40,32,-76,6,-57,-4,69,-82,-67,91,-31,43,1,
-39,-27,24,-77,-62,92,74,-62,96,-59,-22,-21,47,-77,-69,-72,23,34,-62,89,-1,
-43,-32,18,-79,-63,89,74,-64,99,-63,-24,-23,52,-85,-62,-80,22,34,-68,92,-1,
-41,-25,18,-80,-56,86,73,-69,101,-69,-20,-25,53,-87,-66,-76,22,40,-70,92,-1,
-36,-30,18,-80,-65,93,69,-67,90,-63,-26,-29,48,-86,-65,-71,9,38,-71,83,-1,
23,51,0,-71,19,40,64,-92,86,68,-45,98,77,-32,93,-33,-25,-45,65,76,-1,
21,56,-1,-69,23,41,64,-89,88,66,-44,98,76,-33,95,-29,-26,-43,67,75,-1,
77,77,-86,-25,-57,71,-56,52,78,12,34,-47,59,-21,25,77,-90,54,-12,-41,-1,
20,49,-4,-74,15,38,60,-96,83,65,-50,94,71,-34,85,-31,-29,-48,62,75,-1,
23,54,-2,-70,17,41,66,-97,86,62,-44,95,79,-34,96,-32,-25,-53,68,76,-1,
23,48,-2,-74,18,37,61,-94,84,68,-46,93,74,-33,89,-30,-33,-46,60,73,-1,
-41,-35,18,-85,-63,88,72,-68,88,-67,-22,-25,50,-84,-66,-76,8,36,-69,88,-1,
84,72,-82,-25,-57,72,-60,59,77,10,32,-50,58,-17,28,72,-91,60,-18,-37,-1,
77,76,-80,-20,-58,72,-54,55,82,11,39,-53,56,-14,29,76,-90,60,-19,-37,-1,
19,50,0,-74,23,37,66,-93,87,61,-43,93,76,-33,91,-32,-27,-46,63,79,-1,
21,55,-1,-71,20,39,67,-91,87,69,-43,95,80,-32,95,-34,-22,-44,67,77,-1,
60,-98,96,92,80,-87,-60,-96,47,34,-76,6,-56,0,66,-78,-68,90,-34,51,1,
75,82,-80,-23,-50,79,-56,57,82,18,39,-54,58,-6,26,79,-82,61,-14,-38,-1,
80,78,-81,-25,-53,69,-54,57,80,12,38,-43,55,-16,29,74,-87,60,-17,-37,-1,
60,-94,97,98,82,-88,-60,-96,48,37,-82,14,-55,-2,67,-76,-68,91,-24,44,1,
-64,-33,25,-65,-35,21,-59,-43,-62,-39,21,-15,-65,-41,91,-95,-9,48,-92,90,-1,
78,78,-86,-21,-59,73,-55,55,77,6,35,-51,55,-12,23,71,-90,55,-20,-40,-1,
82,74,-82,-27,-56,76,-57,58,72,12,34,-49,52,-15,27,70,-89,54,-15,-40,-1,
-38,-37,26,-83,-62,91,73,-67,94,-63,-26,-25,50,-86,-61,-81,18,32,-64,83,-1,
21,51,-3,-78,16,38,61,-91,83,65,-44,91,74,-37,92,-34,-22,-51,65,72,-1,
79,70,-87,-24,-59,71,-53,53,84,4,29,-50,51,-15,17,73,-91,58,-21,-44,-1,
-59,-26,24,-65,-27,24,-56,-39,-58,-36,30,-12,-60,-42,91,-92,-15,55,-90,93,-1,
25,56,-6,-70,19,36,66,-92,81,68,-45,89,75,-39,93,-35,-25,-45,67,69,-1,
48,-97,87,93,77,-94,-67,-97,40,32,-78,1,-59,-2,60,-77,-74,86,-25,39,1,
-44,-32,20,-86,-63,86,72,-71,94,-64,-23,-32,50,-82,-69,-79,11,37,-72,90,-1,
-39,-32,22,-77,-63,92,72,-64,92,-67,-22,-26,47,-81,-64,-79,18,35,-67,88,-1,
77,74,-81,-25,-61,75,-59,56,74,10,37,-55,54,-13,27,70,-87,57,-20,-37,-1,
-37,-30,18,-75,-68,91,74,-62,90,-62,-23,-24,47,-81,-65,-71,9,38,-69,90,-1,
63,-100,94,96,77,-89,-61,-92,45,33,-79,12,-60,0,66,-76,-73,94,-27,49,1,
54,-95,98,95,82,-91,-58,-98,45,33,-79,12,-59,-3,70,-79,-68,89,-29,48,1,
24,49,-2,-73,21,37,67,-93,84,62,-42,90,70,-35,88,-33,-22,-48,65,77,-1,
24,52,-5,-73,19,41,64,-94,91,63,-40,96,75,-33,92,-28,-26,-46,66,75,-1,
52,-100,92,93,78,-94,-64,-99,45,32,-78,2,-58,-1,65,-80,-69,83,-27,47,1,
26,53,-3,-69,18,41,62,-91,85,67,-42,94,74,-34,94,-35,-26,-47,68,72,-1,
-40,-26,23,-75,-60,92,75,-67,99,-61,-19,-25,49,-80,-61,-75,18,39,-65,88,-1,
-43,-33,18,-84,-60,85,72,-73,92,-68,-22,-25,44,-85,-66,-82,13,32,-71,83,-1,
53,-94,87,97,78,-92,-63,-98,45,28,-79,9,-58,-5,66,-80,-68,92,-31,43,1,
77,82,-83,-26,-52,71,-54,55,85,14,43,-52,60,-18,27,79,-86,62,-18,-33,-1,
-69,-32,22,-62,-31,23,-59,-40,-67,-39,27,-10,-67,-38,92,-86,-11,47,-91,93,-1,
80,77,-83,-22,-60,73,-53,54,81,10,38,-50,58,-16,29,73,-88,58,-12,-35,-1,
-59,-27,28,-69,-23,26,-59,-38,-64,-36,27,-13,-64,-37,96,-91,-13,51,-88,96,-1,
-37,-32,22,-78,-60,90,74,-66,90,-60,-25,-21,50,-78,-70,-68,11,38,-60,86,-1,
22,49,-5,-76,15,40,64,-101,87,57,-46,94,72,-33,91,-38,-25,-56,67,71,-1,
22,49,-3,-78,20,39,64,-93,80,69,-46,91,69,-32,90,-35,-27,-52,66,76,-1,
79,73,-84,-23,-61,68,-56,53,81,11,33,-48,58,-16,22,74,-87,57,-16,-32,-1,
74,69,-87,-26,-59,70,-57,48,75,8,28,-54,53,-24,20,68,-91,55,-20,-43,-1,
-68,-24,22,-64,-33,19,-60,-40,-60,-39,18,-11,-69,-39,89,-93,-14,51,-90,93,-1,
61,-93,95,96,79,-87,-59,-97,50,37,-80,11,-56,1,66,-76,-65,90,-26,49,1,
21,52,0,-75,18,40,65,-94,86,64,-49,100,71,-32,95,-28,-30,-49,65,74,-1,
80,78,-83,-20,-57,69,-54,56,82,11,37,-49,62,-15,31,72,-85,57,-12,-36,-1,
-41,-35,22,-78,-64,92,72,-65,96,-63,-23,-25,49,-83,-63,-74,12,39,-65,89,-1,
25,48,-3,-74,17,42,62,-96,84,65,-48,93,70,-40,93,-41,-22,-55,64,75,-1,
-60,-24,25,-59,-30,26,-56,-40,-59,-40,28,-4,-60,-41,95,-85,-12,54,-90,96,-1,
-38,-33,19,-79,-61,91,71,-71,92,-60,-31,-21,49,-82,-67,-72,10,38,-67,84,-1,
58,-101,93,97,77,-91,-61,-96,45,31,-80,10,-60,0,69,-81,-70,90,-30,46,1,
25,43,-1,-71,16,37,59,-93,84,64,-41,92,74,-38,88,-38,-28,-44,63,71,-1,
86,81,-78,-17,-52,75,-51,56,80,16,42,-54,61,-12,35,76,-87,60,-16,-27,-1,
82,73,-85,-22,-58,78,-59,64,76,16,34,-54,53,-13,25,76,-99,59,-18,-41,-1,
54,-94,96,97,81,-91,-60,-95,48,36,-78,12,-56,-2,69,-75,-65,90,-21,44,1,
28,54,0,-69,18,42,66,-94,82,70,-42,97,79,-31,94,-34,-24,-50,70,77,-1,
-64,-27,23,-63,-34,31,-59,-35,-65,-37,29,-11,-57,-40,97,-93,-10,52,-91,93,-1,
64,-95,94,97,77,-89,-54,-100,52,39,-79,9,-57,4,64,-73,-66,93,-27,53,1,
22,50,-1,-73,18,36,63,-90,80,62,-39,89,74,-34,92,-35,-27,-49,67,74,-1,
21,52,-3,-71,16,34,64,-98,81,64,-49,94,71,-36,91,-34,-32,-52,69,69,-1,
23,50,0,-76,18,42,64,-94,86,66,-43,93,73,-35,89,-35,-25,-49,69,75,-1,
78,76,-86,-21,-57,68,-58,56,79,14,32,-49,58,-20,26,77,-90,59,-21,-36,-1,
-68,-28,21,-66,-33,23,-60,-39,-70,-43,24,-16,-64,-48,89,-90,-14,50,-96,93,-1,
30,48,-2,-71,22,42,69,-96,89,63,-41,95,71,-30,91,-32,-27,-49,69,76,-1,
20,48,-7,-72,17,40,58,-95,82,64,-47,92,71,-38,86,-36,-30,-50,65,76,-1,
-37,-31,25,-82,-61,94,74,-63,93,-62,-22,-24,51,-82,-61,-73,15,35,-66,86,-1,
79,79,-82,-23,-55,77,-54,55,78,12,39,-50,60,-18,28,74,-91,61,-13,-39,-1,
19,61,-1,-70,22,39,65,-87,88,72,-46,99,77,-32,97,-31,-21,-44,67,73,-1,
-59,-24,23,-68,-26,31,-56,-37,-65,-37,21,-8,-58,-41,95,-88,-12,54,-85,93,-1,
-65,-26,20,-58,-31,24,-54,-40,-63,-39,30,-6,-59,-38,94,-86,-10,56,-90,97,-1,
25,50,0,-75,24,43,63,-94,90,63,-42,100,70,-32,91,-35,-24,-50,68,74,-1,
-58,-26,23,-60,-26,26,-55,-40,-62,-38,26,-11,-61,-34,88,-86,-11,52,-94,95,-1,
57,-91,99,100,79,-89,-56,-96,53,37,-74,14,-55,2,75,-79,-60,89,-21,49,1,
-63,-25,26,-60,-29,22,-51,-43,-63,-42,29,-10,-58,-42,96,-85,-9,50,-89,96,-1,
82,76,-82,-25,-59,74,-58,57,77,8,38,-56,57,-14,26,72,-91,55,-21,-37,-1,
55,-99,98,95,80,-88,-59,-97,44,40,-79,7,-57,3,65,-77,-67,86,-31,50,1,
-46,-35,18,-80,-70,88,66,-68,87,-67,-31,-28,47,-86,-70,-80,10,34,-68,82,-1,
80,72,-76,-20,-58,70,-52,56,80,5,36,-49,61,-15,29,68,-86,59,-20,-35,-1,
32,47,0,-70,16,44,62,-90,87,72,-39,99,72,-29,93,-30,-28,-40,71,74,-1,
-58,-24,26,-65,-22,22,-51,-36,-65,-32,25,-11,-58,-41,95,-87,-8,53,-87,95,-1,
-43,-32,19,-76,-64,92,70,-64,95,-63,-25,-23,51,-80,-67,-72,16,38,-69,90,-1,
80,71,-87,-22,-58,71,-57,55,74,14,28,-45,53,-19,23,71,-88,56,-15,-39,-1,
55,-89,98,96,81,-90,-58,-96,52,38,-81,11,-56,3,67,-76,-66,92,-22,47,1,
53,-105,88,83,76,-94,-66,-96,36,29,-86,3,-65,-4,57,-85,-73,83,-33,37,1,
81,80,-82,-19,-57,72,-51,52,79,11,35,-52,58,-16,30,72,-89,51,-13,-35,-1,
-66,-30,25,-68,-29,25,-59,-41,-66,-37,21,-10,-65,-39,91,-89,-13,48,-89,92,-1,
-44,-35,24,-80,-57,89,75,-66,92,-66,-19,-26,52,-84,-64,-78,18,38,-68,86,-1,
-61,-28,23,-61,-25,26,-54,-39,-59,-35,30,-12,-62,-37,92,-86,-15,54,-90,95,-1,
78,78,-81,-22,-56,73,-58,60,77,12,36,-47,55,-10,29,68,-80,57,-18,-37,-1,
80,75,-84,-20,-56,73,-56,58,80,11,38,-49,60,-20,31,71,-87,62,-13,-36,-1,
-62,-21,28,-62,-23,30,-51,-34,-61,-32,25,-7,-58,-34,96,-83,-5,52,-82,96,-1,
-35,-34,25,-76,-62,93,76,-59,92,-63,-23,-19,47,-77,-67,-71,19,35,-60,87,-1,
60,-95,92,99,76,-90,-61,-97,50,35,-84,16,-57,-1,68,-77,-69,91,-28,48,1,
-45,-31,15,-79,-66,88,67,-70,97,-67,-26,-28,49,-87,-67,-77,13,35,-70,84,-1,
-68,-24,20,-62,-35,24,-60,-40,-62,-42,22,-10,-61,-44,89,-87,-13,50,-91,92,-1,
77,73,-83,-31,-59,70,-63,53,75,5,35,-59,57,-20,25,69,-94,56,-19,-45,-1,
21,55,-4,-69,19,42,62,-94,89,65,-43,96,76,-34,93,-29,-26,-50,65,73,-1,
55,-97,92,95,77,-88,-63,-93,42,34,-81,11,-61,0,62,-80,-65,87,-29,47,1,
77,79,-76,-23,-52,72,-54,59,79,14,36,-43,60,-12,28,74,-80,59,-10,-35,-1,
25,51,3,-78,23,44,68,-92,86,65,-42,100,73,-32,96,-33,-24,-53,71,76,-1,
56,-93,94,94,79,-89,-57,-96,44,34,-78,4,-60,6,62,-79,-66,90,-29,51,1,
-44,-34,22,-83,-58,88,71,-69,98,-67,-23,-23,47,-81,-64,-78,15,39,-68,85,-1,
21,49,-2,-75,21,37,64,-93,83,59,-48,95,68,-36,90,-33,-28,-48,64,73,-1,
-66,-32,23,-66,-32,29,-57,-36,-64,-37,25,-10,-66,-39,94,-91,-14,51,-87,91,-1,
25,50,-4,-70,20,41,64,-95,84,61,-47,92,73,-37,86,-28,-30,-45,62,75,-1,
76,75,-87,-26,-57,70,-59,51,73,12,35,-52,53,-20,24,75,-92,55,-21,-39,-1,
21,55,-3,-78,21,39,68,-93,79,66,-44,95,74,-32,94,-31,-26,-53,70,78,-1,
26,56,-4,-69,22,44,69,-90,86,66,-43,92,77,-33,94,-34,-20,-46,66,79,-1,
-56,-28,28,-65,-30,26,-61,-38,-61,-39,26,-9,-64,-38,96,-89,-17,55,-91,98,-1,
28,52,0,-76,24,46,64,-85,86,73,-40,94,74,-29,92,-30,-21,-45,67,78,-1,
57,-98,92,95,74,-90,-59,-98,43,36,-83,8,-61,0,68,-83,-71,91,-30,46,1,
76,75,-85,-24,-54,69,-57,47,77,10,36,-53,58,-23,23,75,-86,58,-20,-37,-1,
79,76,-82,-22,-55,66,-57,58,79,10,34,-50,61,-18,31,68,-83,53,-14,-39,-1,
76,79,-87,-16,-56,70,-52,56,82,13,34,-50,55,-12,21,77,-88,59,-23,-34,-1,
-57,-27,24,-64,-26,27,-56,-40,-59,-41,29,-9,-64,-36,98,-93,-10,50,-82,92,-1,
-45,-37,19,-82,-64,89,72,-67,91,-70,-27,-25,50,-79,-73,-79,16,31,-67,88,-1,
81,75,-82,-23,-58,77,-53,53,78,12,37,-52,55,-11,22,79,-90,57,-13,-35,-1,
-66,-28,27,-66,-36,22,-56,-39,-63,-34,20,-10,-63,-41,97,-89,-12,53,-87,96,-1,
56,-102,101,90,80,-93,-60,-98,44,41,-83,7,-55,0,65,-75,-74,82,-27,48,1,
-62,-25,26,-61,-26,25,-52,-33,-62,-37,29,-16,-57,-39,97,-89,-6,51,-85,91,-1,
-70,-29,22,-65,-31,18,-58,-45,-67,-37,19,-13,-67,-45,93,-84,-15,49,-91,91,-1,
-58,-26,25,-63,-30,27,-55,-37,-62,-35,22,-7,-62,-42,94,-93,-12,53,-92,97,-1,
-66,-28,28,-67,-29,25,-59,-38,-61,-38,24,-10,-68,-40,91,-88,-14,49,-88,96,-1,
-45,-36,22,-81,-61,88,74,-69,90,-63,-30,-27,46,-76,-77,-76,16,36,-67,84,-1,
24,51,2,-77,24,43,64,-91,85,71,-45,99,72,-32,95,-35,-22,-52,66,75,-1,
82,80,-84,-24,-56,69,-56,51,75,5,34,-49,49,-13,28,65,-84,55,-24,-37,-1,
25,54,-3,-71,20,40,68,-96,85,61,-44,95,78,-37,98,-37,-24,-54,64,78,-1,
-62,-30,26,-66,-32,26,-60,-37,-65,-41,25,-16,-67,-42,96,-96,-11,47,-91,97,-1,
56,-95,89,97,78,-92,-63,-95,44,32,-78,6,-59,-1,68,-76,-70,85,-25,52,1,
28,54,-4,-71,20,47,66,-93,88,65,-41,97,74,-29,95,-33,-27,-49,70,78,-1,
81,79,-87,-25,-56,78,-55,55,81,9,38,-52,52,-7,21,77,-86,61,-19,-36,-1,
-59,-29,26,-60,-28,24,-50,-40,-62,-40,31,-10,-59,-44,94,-84,-15,52,-92,94,-1,
58,-93,95,95,82,-91,-59,-95,49,36,-82,9,-52,0,69,-80,-64,87,-28,48,1,
27,55,-1,-66,22,42,70,-93,88,66,-43,99,75,-35,100,-34,-26,-48,72,74,-1,
75,76,-88,-17,-58,71,-54,52,83,15,31,-50,54,-17,27,76,-89,55,-17,-42,-1,
24,53,-6,-69,16,43,62,-92,91,64,-41,95,80,-34,97,-33,-21,-45,68,75,-1,
-62,-26,22,-65,-31,24,-64,-37,-67,-40,28,-17,-61,-38,91,-88,-18,52,-95,91,-1,
-64,-28,23,-67,-34,23,-58,-42,-68,-36,29,-10,-63,-42,96,-90,-12,49,-91,93,-1,
23,51,-1,-73,21,35,67,-91,80,65,-45,90,72,-37,93,-41,-22,-49,64,72,-1,
57,-96,97,95,81,-93,-59,-98,51,36,-84,13,-58,-3,65,-78,-73,87,-27,42,1,
58,-103,95,88,74,-91,-57,-101,41,40,-83,4,-61,0,64,-78,-71,87,-31,48,1,
22,54,0,-75,21,43,61,-90,84,65,-43,97,73,-33,93,-33,-24,-54,67,73,-1,
26,52,-5,-71,18,42,69,-95,86,61,-42,92,74,-33,91,-33,-25,-49,69,78,-1,
-65,-27,21,-61,-34,26,-57,-36,-57,-39,29,-8,-58,-44,95,-88,-11,53,-85,94,-1,
78,83,-86,-25,-54,73,-52,52,82,4,38,-52,54,-12,24,74,-89,57,-22,-42,-1,
-56,-29,22,-61,-29,26,-58,-35,-62,-39,29,-12,-61,-37,97,-90,-12,55,-89,92,-1,
55,-91,95,95,82,-95,-59,-98,47,30,-79,8,-56,4,66,-74,-68,86,-25,48,1,
-65,-30,26,-65,-32,26,-58,-39,-65,-41,25,-10,-68,-39,91,-93,-14,49,-91,91,-1,
-55,-22,26,-61,-25,30,-55,-34,-55,-32,28,-8,-62,-34,96,-84,-12,54,-84,96,-1,
-40,-29,21,-77,-61,92,76,-67,100,-62,-24,-21,51,-79,-62,-75,13,44,-65,89,-1,
78,78,-84,-23,-55,72,-56,56,77,9,32,-45,55,-13,23,71,-86,58,-16,-37,-1,
28,54,1,-67,22,42,68,-94,94,67,-42,105,74,-32,100,-35,-17,-46,73,73,-1,
79,73,-87,-27,-60,72,-58,56,79,8,36,-48,58,-20,22,76,-93,59,-14,-38,-1,
-44,-36,20,-81,-64,89,70,-70,89,-64,-28,-25,47,-84,-69,-79,11,37,-68,80,-1,
53,-97,95,93,80,-91,-62,-97,45,37,-79,5,-56,0,70,-78,-71,88,-28,45,1,
-32,-33,29,-83,-59,92,74,-68,89,-61,-22,-26,45,-82,-62,-74,12,36,-62,84,-1,
56,-99,90,91,75,-91,-63,-94,41,30,-81,4,-61,1,58,-81,-69,83,-28,44,1,
55,-93,98,92,79,-86,-58,-97,48,39,-79,8,-60,-1,70,-82,-66,91,-25,44,1,
-63,-31,24,-65,-38,24,-63,-36,-63,-41,24,-15,-66,-41,88,-90,-12,50,-94,92,-1,
78,74,-84,-20,-63,74,-55,59,77,9,32,-54,56,-12,23,69,-93,57,-20,-37,-1,
-57,-26,24,-67,-26,29,-57,-35,-55,-38,23,-8,-64,-39,96,-88,-12,52,-82,97,-1,
23,50,-6,-74,14,43,60,-94,84,64,-48,96,71,-37,93,-35,-26,-50,65,79,-1,
19,50,-4,-79,19,41,57,-85,78,65,-44,89,74,-37,91,-33,-29,-50,58,74,-1,
-42,-33,17,-76,-65,90,70,-65,92,-66,-22,-27,54,-82,-65,-76,13,36,-68,91,-1,
-40,-31,22,-80,-66,92,74,-67,96,-61,-23,-24,49,-80,-63,-76,14,32,-66,86,-1,
76,80,-90,-22,-58,75,-59,53,78,11,38,-55,53,-15,28,74,-91,60,-19,-37,-1,
-39,-36,21,-83,-65,92,70,-62,92,-67,-25,-25,46,-79,-69,-77,13,34,-64,83,-1,
-57,-23,24,-64,-30,28,-59,-40,-59,-41,33,-11,-62,-40,94,-91,-13,52,-90,98,-1,
81,76,-82,-21,-59,74,-55,58,81,10,38,-52,60,-12,26,69,-88,63,-19,-32,-1,
28,51,0,-71,21,42,66,-92,87,69,-43,99,71,-29,90,-30,-22,-45,67,78,-1,
-35,-25,23,-73,-60,97,74,-62,101,-58,-19,-19,53,-75,-66,-66,19,43,-62,93,-1,
-43,-33,23,-83,-65,88,69,-66,97,-67,-23,-23,47,-84,-64,-76,14,37,-66,87,-1,
54,-99,95,95,76,-91,-61,-96,44,36,-78,9,-59,-3,68,-78,-72,90,-28,47,1,
53,-98,91,90,77,-93,-62,-97,40,32,-83,5,-59,-2,64,-83,-72,85,-36,47,1,
23,45,0,-74,19,38,64,-97,87,64,-42,92,76,-37,93,-39,-27,-50,66,72,-1,
-60,-30,20,-67,-35,25,-63,-37,-64,-42,24,-7,-63,-47,96,-91,-12,52,-90,94,-1,
-63,-29,27,-62,-26,27,-56,-34,-60,-35,27,-7,-63,-38,97,-83,-10,49,-82,89,-1,
21,53,-2,-73,19,36,68,-96,78,68,-45,92,78,-35,90,-37,-26,-49,70,81,-1,
22,52,-6,-71,16,39,60,-95,86,67,-44,97,72,-38,99,-35,-26,-52,71,72,-1,
25,50,0,-71,17,41,67,-96,87,65,-45,96,73,-32,90,-34,-26,-47,68,75,-1,
-65,-27,24,-64,-31,24,-57,-41,-60,-38,25,-11,-63,-47,91,-87,-16,49,-90,90,-1,
52,-96,94,90,80,-93,-58,-96,42,39,-78,4,-55,-6,69,-81,-68,86,-28,44,1,
26,61,-5,-70,24,46,65,-92,92,65,-42,97,80,-33,96,-30,-23,-47,70,75,-1,
79,72,-87,-22,-62,69,-56,51,74,6,34,-53,54,-19,24,71,-91,51,-15,-39,-1,
-36,-31,19,-78,-63,90,73,-64,93,-62,-24,-25,49,-79,-68,-71,12,38,-63,88,-1,
-63,-26,24,-63,-30,27,-58,-39,-63,-38,28,-11,-65,-39,93,-89,-15,52,-91,96,-1,
-35,-32,22,-78,-58,94,76,-63,95,-63,-21,-22,49,-79,-67,-69,15,43,-63,88,-1,
60,-97,95,101,75,-89,-59,-101,42,35,-80,11,-53,2,68,-74,-67,93,-27,50,1,
20,52,-3,-74,20,37,61,-94,79,69,-49,94,75,-38,90,-35,-29,-50,65,73,-1,
20,49,-8,-73,18,33,64,-101,82,57,-49,92,71,-39,88,-36,-28,-53,66,76,-1,
-36,-31,21,-77,-59,91,75,-64,94,-62,-22,-22,50,-77,-68,-72,16,39,-64,90,-1,
-64,-27,27,-70,-28,22,-60,-37,-65,-37,21,-14,-66,-42,94,-94,-10,47,-85,92,-1,
54,-95,94,91,85,-94,-56,-93,45,34,-79,7,-55,-5,65,-77,-71,90,-30,44,1,
-63,-26,22,-61,-30,30,-56,-36,-58,-36,30,-9,-60,-39,94,-86,-12,55,-87,94,-1,
25,52,-7,-69,17,44,63,-89,85,66,-41,94,77,-37,98,-32,-26,-47,71,78,-1,
-34,-37,22,-78,-67,93,73,-63,89,-62,-22,-31,50,-81,-65,-75,10,33,-62,85,-1,
77,78,-86,-22,-65,71,-54,50,81,6,33,-55,51,-11,21,75,-94,55,-21,-37,-1,
-59,-31,27,-66,-28,22,-54,-41,-60,-40,27,-10,-63,-39,95,-92,-11,51,-86,95,-1,
-55,-25,23,-66,-24,29,-58,-30,-63,-39,36,-13,-61,-34,96,-84,-10,54,-81,93,-1,
-64,-27,26,-66,-25,26,-59,-38,-61,-39,27,-10,-64,-37,92,-86,-13,49,-86,96,-1,
60,-101,94,93,81,-87,-64,-92,45,32,-75,9,-59,1,62,-73,-70,91,-30,49,1,
-60,-29,24,-66,-31,28,-61,-39,-61,-47,26,-16,-65,-38,91,-90,-12,47,-86,88,-1,
55,-94,91,96,80,-94,-56,-97,47,35,-81,11,-60,0,64,-77,-66,88,-26,44,1,
81,75,-80,-15,-56,79,-50,54,82,14,34,-54,60,-15,32,72,-89,59,-11,-38,-1,
-41,-28,17,-81,-62,94,70,-63,96,-64,-27,-21,48,-80,-67,-75,14,37,-66,86,-1,
56,-96,96,95,80,-92,-57,-99,42,38,-82,12,-57,-2,72,-76,-69,89,-26,46,1,
-44,-30,20,-82,-63,89,71,-68,94,-63,-21,-30,49,-82,-66,-77,11,35,-68,85,-1,
-39,-32,24,-76,-58,94,75,-62,91,-63,-18,-27,57,-79,-68,-70,14,46,-65,89,-1,
78,75,-82,-26,-58,70,-60,54,79,9,32,-48,56,-17,25,70,-89,57,-18,-43,-1,
54,-102,97,92,79,-93,-58,-99,41,35,-84,9,-64,0,67,-83,-72,88,-31,40,1,
20,52,-7,-77,17,37,59,-97,83,63,-40,87,77,-37,91,-38,-28,-56,65,71,-1,
-62,-25,23,-61,-35,28,-58,-36,-60,-38,24,-16,-61,-38,90,-91,-12,52,-94,99,-1,
-61,-27,29,-62,-28,25,-52,-38,-63,-36,30,-13,-57,-35,100,-88,-12,55,-86,97,-1,
-40,-36,22,-76,-60,97,78,-66,95,-64,-25,-23,57,-79,-67,-74,15,38,-65,88,-1,
-44,-25,18,-84,-58,93,71,-68,99,-59,-24,-21,54,-80,-67,-72,13,40,-68,89,-1,
25,48,-6,-71,16,38,63,-94,78,66,-49,94,71,-36,90,-32,-28,-47,65,78,-1,
-65,-26,24,-62,-31,27,-56,-33,-67,-33,27,-11,-61,-41,94,-83,-9,50,-90,92,-1,
81,74,-81,-19,-60,73,-55,56,75,9,33,-49,53,-12,26,71,-89,56,-21,-37,-1,
-61,-27,21,-66,-35,28,-58,-34,-62,-36,22,-9,-65,-40,93,-90,-12,53,-87,93,-1,
-65,-29,20,-66,-32,25,-61,-39,-66,-39,18,-15,-65,-40,88,-93,-10,49,-93,90,-1,
62,-94,96,92,81,-88,-59,-90,44,41,-83,8,-56,5,66,-78,-69,88,-24,48,1,
24,51,-5,-73,15,39,64,-99,81,62,-48,92,72,-36,88,-34,-29,-55,69,73,-1,
-59,-26,27,-60,-32,28,-54,-36,-58,-35,23,-10,-61,-40,98,-89,-12,55,-87,96,-1,
78,75,-84,-27,-59,73,-57,54,74,6,40,-55,57,-21,28,68,-91,56,-17,-40,-1,
-35,-35,20,-76,-67,90,69,-61,89,-64,-22,-27,49,-83,-63,-67,7,44,-70,90,-1,
81,85,-79,-15,-52,78,-54,62,85,16,37,-44,65,-13,36,74,-82,65,-13,-35,-1,
-37,-36,15,-84,-62,91,69,-67,95,-71,-26,-17,46,-79,-64,-74,11,30,-64,84,-1,
60,-96,89,92,78,-92,-60,-96,44,33,-80,7,-58,-2,63,-78,-66,87,-29,49,1,
-36,-30,26,-81,-60,98,72,-69,98,-61,-19,-25,56,-80,-64,-68,10,38,-63,90,-1,
21,52,-5,-72,13,37,60,-97,81,68,-54,93,74,-44,93,-40,-25,-52,67,69,-1,
57,-95,93,98,77,-90,-59,-97,46,41,-80,9,-55,0,67,-77,-68,87,-22,43,1,
-38,-35,23,-78,-62,94,75,-65,94,-61,-24,-28,53,-84,-65,-71,13,40,-66,85,-1,
77,73,-86,-21,-54,72,-52,53,76,6,39,-55,52,-17,25,69,-94,58,-20,-40,-1,
80,77,-84,-21,-56,68,-55,58,78,11,35,-50,55,-15,26,72,-90,57,-20,-35,-1,
76,79,-88,-22,-58,75,-55,53,80,9,39,-54,52,-13,23,79,-90,59,-20,-36,-1,
23,51,-1,-71,18,40,66,-95,86,62,-41,94,74,-31,96,-35,-25,-54,68,73,-1,
-38,-34,19,-79,-67,89,72,-69,89,-64,-28,-25,49,-87,-67,-78,14,32,-70,88,-1,
-36,-35,25,-76,-60,95,73,-61,90,-64,-21,-24,51,-77,-66,-73,18,40,-62,85,-1,
26,57,-4,-70,22,42,69,-93,86,69,-43,98,78,-33,100,-31,-20,-49,72,81,-1,
-62,-25,28,-64,-26,28,-51,-30,-58,-34,29,-9,-58,-40,93,-85,-9,54,-83,100,-1,
74,81,-86,-26,-57,78,-61,55,73,15,35,-54,54,-13,22,73,-91,56,-20,-40,-1,
21,56,-1,-74,18,37,65,-94,82,67,-46,94,79,-34,94,-34,-26,-50,66,74,-1,
23,47,0,-78,22,41,66,-90,85,62,-41,97,71,-30,94,-37,-22,-48,66,78,-1,
56,-100,98,94,79,-91,-59,-95,45,34,-75,8,-59,0,67,-75,-70,92,-25,47,1,
53,-94,89,97,75,-91,-61,-101,47,29,-80,8,-63,-5,64,-83,-71,89,-26,40,1,
-40,-33,25,-81,-62,96,73,-67,96,-65,-20,-28,52,-85,-63,-76,16,38,-68,86,-1,
25,53,-5,-73,17,41,61,-88,80,66,-41,92,73,-35,96,-33,-25,-52,67,74,-1,
21,49,-5,-74,18,39,68,-95,84,58,-44,87,71,-32,88,-38,-25,-52,63,78,-1,
-62,-32,25,-63,-32,28,-58,-34,-62,-42,27,-12,-61,-45,92,-86,-14,50,-92,94,-1,
-57,-21,24,-57,-29,29,-53,-35,-58,-34,27,-15,-53,-35,100,-89,-7,58,-87,99,-1,
-40,-37,16,-80,-60,85,74,-67,92,-63,-25,-21,47,-76,-66,-72,11,35,-68,91,-1,
58,-94,96,97,80,-88,-61,-97,43,31,-77,11,-60,4,66,-74,-66,88,-21,46,1,
81,81,-81,-24,-55,75,-56,59,77,9,38,-49,63,-16,26,70,-87,60,-19,-37,-1,
24,51,-4,-69,17,37,62,-96,90,65,-44,91,76,-37,89,-29,-28,-45,60,70,-1,
-60,-33,21,-57,-38,28,-57,-35,-60,-36,25,-7,-61,-38,97,-90,-11,55,-90,91,-1,
-38,-31,21,-79,-66,88,68,-65,88,-64,-24,-26,46,-81,-67,-75,13,32,-63,82,-1,
55,-96,88,97,79,-94,-65,-96,45,35,-82,8,-57,-3,69,-75,-78,90,-25,44,1,
-66,-31,28,-67,-28,22,-54,-38,-65,-35,24,-12,-65,-43,94,-90,-12,48,-88,90,-1,
53,-94,90,91,77,-91,-64,-99,42,31,-84,5,-60,-6,65,-85,-68,82,-26,44,1,
23,57,-1,-71,18,36,66,-94,83,69,-43,93,78,-32,93,-36,-20,-48,66,76,-1,
82,76,-83,-20,-57,72,-51,54,81,8,35,-49,56,-14,24,72,-91,58,-15,-39,-1,
79,77,-82,-23,-56,70,-56,58,76,11,36,-50,57,-18,27,74,-91,55,-16,-39,-1,
-62,-33,26,-68,-36,24,-61,-43,-66,-40,24,-14,-68,-48,90,-91,-17,46,-98,91,-1,
-39,-34,22,-79,-60,91,75,-63,91,-59,-23,-30,49,-80,-69,-73,13,38,-65,86,-1,
21,53,-1,-73,20,37,67,-98,85,67,-47,94,76,-34,90,-38,-25,-48,66,77,-1,
-61,-30,19,-67,-31,21,-65,-42,-66,-46,21,-12,-65,-40,92,-87,-16,53,-90,95,-1,
-68,-26,26,-64,-33,29,-58,-38,-60,-43,22,-11,-65,-39,94,-93,-15,52,-86,93,-1,
77,82,-82,-21,-57,73,-59,56,79,14,36,-46,55,-12,29,73,-89,61,-22,-38,-1,
-39,-32,18,-80,-62,90,71,-65,92,-64,-23,-25,49,-83,-68,-75,15,36,-67,86,-1,
-39,-32,18,-76,-66,92,70,-65,90,-66,-26,-26,52,-84,-68,-75,12,38,-63,85,-1,
59,-95,98,97,82,-90,-54,-96,45,38,-79,11,-57,0,72,-77,-69,89,-27,48,1,
62,-99,98,96,82,-89,-57,-95,49,35,-79,12,-61,7,68,-76,-66,91,-26,52,1,
-38,-29,20,-73,-64,97,73,-62,97,-61,-27,-22,50,-78,-66,-74,19,39,-62,87,-1,
54,-99,91,90,79,-91,-61,-93,37,34,-85,9,-65,0,65,-81,-71,87,-30,45,1,
19,49,-8,-74,19,34,59,-95,83,62,-48,92,71,-39,92,-32,-31,-52,59,71,-1,
24,50,-3,-74,24,36,67,-98,84,63,-42,96,75,-32,90,-32,-25,-51,69,77,-1,
22,50,0,-76,25,37,64,-97,82,57,-44,98,72,-31,89,-32,-26,-55,66,77,-1,
-39,-34,16,-79,-64,90,70,-63,91,-67,-25,-25,50,-78,-69,-72,10,37,-65,89,-1,
77,77,-85,-29,-56,72,-57,52,79,5,36,-53,56,-18,23,68,-92,58,-21,-42,-1,
24,50,-3,-73,15,39,63,-97,84,68,-45,89,74,-32,88,-43,-23,-50,62,75,-1,
58,-98,98,94,81,-93,-58,-94,43,35,-83,11,-57,3,67,-79,-67,87,-24,44,1,
57,-99,94,95,80,-95,-58,-97,49,32,-82,11,-57,-3,70,-82,-67,90,-26,44,1,
57,-100,92,95,80,-97,-57,-95,49,34,-81,10,-58,-1,61,-79,-70,90,-29,43,1,
59,-99,93,96,84,-94,-60,-100,49,31,-81,7,-57,2,66,-77,-73,91,-32,47,1,
-41,-26,20,-83,-64,89,70,-67,97,-64,-25,-20,44,-81,-65,-78,17,33,-65,84,-1,
57,-92,93,92,77,-91,-64,-88,43,34,-80,9,-56,1,65,-75,-69,84,-20,48,1,
-41,-26,17,-75,-62,89,69,-63,95,-60,-21,-25,50,-78,-69,-75,19,39,-67,89,-1,
73,73,-87,-28,-64,70,-58,50,77,4,32,-54,52,-18,19,69,-89,55,-21,-40,-1,
-54,-26,28,-62,-28,25,-57,-36,-57,-37,28,-9,-62,-39,96,-88,-14,55,-90,97,-1,
-37,-30,20,-75,-63,91,71,-66,92,-61,-26,-24,51,-79,-68,-73,16,36,-63,90,-1,
-62,-30,27,-69,-32,25,-54,-38,-68,-34,29,-14,-67,-40,100,-91,-8,47,-85,91,-1,
76,77,-86,-24,-54,68,-56,56,78,15,32,-47,57,-18,26,73,-86,58,-15,-40,-1,
77,75,-83,-23,-57,74,-52,52,81,6,37,-49,56,-15,25,75,-92,60,-15,-39,-1,
56,-98,97,91,80,-90,-57,-96,43,40,-79,5,-56,-1,67,-78,-70,86,-25,43,1,
82,81,-84,-22,-59,74,-57,59,78,15,36,-51,55,-14,27,70,-90,56,-16,-35,-1,
62,-93,94,101,79,-89,-59,-95,49,33,-77,9,-49,-1,67,-78,-65,88,-22,47,1,
55,-97,96,95,77,-94,-60,-96,44,39,-84,14,-59,3,63,-73,-68,87,-24,45,1,
17,50,-9,-75,15,37,57,-97,84,61,-45,92,71,-38,92,-36,-32,-54,67,68,-1,
77,76,-81,-22,-57,72,-54,53,80,6,39,-51,58,-13,21,80,-88,60,-19,-39,-1,
-36,-38,24,-84,-66,92,73,-68,92,-63,-25,-29,51,-83,-65,-76,9,32,-64,86,-1,
-62,-30,25,-66,-32,29,-58,-34,-65,-38,24,-14,-67,-40,98,-92,-9,47,-86,88,-1,
54,-100,97,94,82,-93,-57,-100,40,37,-83,8,-62,0,67,-79,-71,88,-26,42,1,
55,-95,93,91,78,-89,-62,-94,44,31,-77,5,-60,3,66,-78,-71,91,-30,46,1,
-37,-32,22,-74,-61,94,74,-64,93,-65,-16,-26,53,-80,-62,-70,14,41,-67,94,-1,
-64,-27,26,-68,-23,28,-59,-35,-62,-39,25,-9,-63,-38,90,-93,-12,50,-86,95,-1,
-62,-26,20,-65,-29,25,-56,-39,-66,-38,27,-12,-60,-42,93,-86,-9,50,-90,95,-1,
-38,-33,16,-83,-64,93,71,-69,92,-73,-24,-22,48,-80,-66,-76,8,32,-65,83,-1,
27,52,0,-74,23,41,65,-92,89,62,-40,97,73,-36,93,-32,-23,-50,71,70,-1,
76,79,-87,-28,-53,71,-62,53,73,11,32,-49,56,-21,23,76,-95,59,-20,-44,-1,
-57,-24,24,-61,-34,32,-58,-31,-60,-32,27,-9,-58,-37,99,-91,-11,56,-91,100,-1,
23,55,-1,-71,21,39,69,-91,87,63,-40,92,77,-30,91,-30,-23,-45,62,81,-1,
26,54,-7,-71,18,40,65,-97,83,69,-49,96,71,-35,94,-34,-23,-51,70,75,-1,
-62,-25,22,-64,-34,31,-60,-35,-59,-40,28,-11,-64,-38,95,-92,-13,52,-87,95,-1,
-60,-19,28,-65,-27,29,-56,-35,-56,-40,27,-9,-60,-39,96,-89,-5,51,-81,100,-1,
62,-97,101,97,85,-89,-56,-96,49,37,-79,14,-57,5,68,-75,-65,92,-26,49,1,
52,-98,90,92,74,-93,-65,-99,39,31,-85,9,-64,0,61,-79,-71,86,-30,44,1,
-64,-30,24,-64,-34,23,-58,-41,-60,-43,22,-17,-64,-42,91,-94,-12,50,-91,94,-1,
-60,-27,29,-65,-28,33,-60,-32,-65,-33,29,-8,-61,-33,97,-84,-11,53,-89,98,-1,
57,-99,96,95,75,-91,-58,-100,43,35,-84,13,-63,-1,63,-77,-71,89,-28,46,1,
64,-97,94,97,87,-89,-59,-91,47,36,-78,11,-51,-1,66,-73,-69,92,-27,46,1,
76,80,-86,-21,-59,75,-58,59,71,12,38,-53,57,-18,29,73,-90,57,-17,-37,-1,
22,49,-8,-74,21,37,67,-94,84,59,-42,93,69,-35,97,-32,-25,-53,67,75,-1,
26,56,0,-73,20,40,64,-95,82,68,-44,94,73,-32,85,-34,-26,-49,67,71,-1,
72,75,-87,-28,-57,61,-58,47,75,8,30,-55,52,-22,25,66,-91,51,-19,-43,-1,
-38,-30,24,-80,-60,88,72,-62,94,-64,-18,-23,47,-85,-60,-73,18,41,-67,88,-1,
-40,-29,20,-77,-65,92,75,-66,96,-61,-25,-21,47,-83,-60,-75,13,36,-68,85,-1,
-56,-30,22,-62,-31,28,-54,-36,-60,-44,31,-14,-60,-44,95,-88,-9,53,-87,93,-1,
-38,-34,23,-80,-58,92,74,-63,91,-63,-17,-28,56,-73,-69,-71,16,38,-63,91,-1,
30,55,-4,-68,21,46,65,-93,88,67,-41,98,79,-32,97,-30,-25,-48,71,77,-1,
-38,-28,22,-80,-62,96,74,-64,95,-64,-23,-18,54,-84,-63,-74,18,34,-66,92,-1,
24,52,-5,-70,15,45,58,-91,87,67,-46,98,76,-35,97,-34,-26,-48,65,76,-1,
-39,-36,22,-80,-65,93,70,-67,89,-65,-24,-24,52,-82,-68,-71,10,33,-64,86,-1,
-43,-35,25,-80,-64,93,72,-64,90,-61,-26,-27,50,-84,-66,-78,19,34,-66,86,-1,
-43,-36,19,-86,-64,89,68,-68,89,-58,-31,-28,48,-83,-73,-77,10,35,-67,84,-1,
-65,-26,24,-66,-32,30,-59,-39,-60,-38,23,-11,-63,-42,93,-87,-13,48,-86,92,-1,
-47,-35,18,-82,-69,90,69,-67,90,-67,-23,-32,48,-79,-70,-77,8,33,-71,87,-1,
-43,-31,20,-86,-65,88,72,-65,88,-63,-21,-30,50,-88,-67,-83,9,33,-68,82,-1,
-39,-36,22,-86,-60,92,71,-70,97,-66,-23,-27,50,-86,-63,-73,14,34,-70,83,-1,
-36,-37,19,-78,-63,94,70,-67,92,-66,-26,-27,49,-83,-68,-71,9,35,-65,84,-1,
-39,-32,22,-84,-62,92,73,-66,97,-69,-23,-24,45,-81,-64,-77,13,34,-66,85,-1,
56,-88,100,98,83,-87,-59,-93,44,38,-79,13,-57,4,72,-77,-64,86,-18,48,1,
23,50,0,-72,25,40,65,-90,83,68,-43,97,74,-32,96,-33,-21,-49,66,81,-1,
-41,-30,17,-82,-63,92,69,-66,91,-64,-20,-28,52,-79,-69,-74,11,34,-65,82,-1,
21,49,-6,-73,15,37,64,-99,86,62,-51,95,71,-33,90,-34,-28,-49,61,75,-1,
-59,-24,27,-61,-26,26,-54,-35,-64,-36,28,-8,-63,-36,98,-82,-6,53,-84,96,-1,
-38,-33,19,-81,-65,93,70,-63,92,-65,-25,-23,45,-79,-68,-77,15,32,-64,87,-1,
84,81,-79,-25,-51,73,-55,60,82,15,37,-43,55,-9,28,74,-84,63,-17,-36,-1,
-60,-28,26,-62,-29,26,-60,-36,-59,-40,26,-9,-66,-38,97,-91,-8,48,-88,96,-1,
57,-95,97,93,82,-89,-58,-93,42,41,-79,8,-57,0,70,-77,-68,89,-24,47,1,
-36,-32,17,-79,-62,93,68,-64,92,-65,-23,-26,50,-78,-68,-72,13,36,-64,87,-1,
-57,-28,25,-63,-32,25,-58,-39,-63,-41,26,-17,-59,-38,95,-91,-8,51,-91,95,-1,
-59,-28,24,-64,-31,26,-56,-40,-62,-36,30,-16,-61,-39,95,-86,-15,54,-90,96,-1,
-65,-27,27,-63,-30,27,-57,-34,-65,-40,29,-12,-60,-43,94,-89,-7,49,-89,93,-1,
76,82,-85,-23,-58,68,-55,54,84,9,34,-46,61,-19,26,76,-90,60,-14,-36,-1,
53,-94,94,92,76,-93,-60,-98,45,37,-85,6,-60,0,65,-83,-67,81,-23,43,1,
21,48,-8,-71,12,44,58,-96,83,60,-49,90,73,-40,88,-33,-30,-53,60,80,-1,
-63,-25,24,-58,-29,26,-57,-39,-58,-42,28,-11,-61,-39,93,-88,-9,49,-91,98,-1,
-41,-34,12,-81,-66,84,67,-65,89,-67,-28,-26,42,-82,-72,-75,13,32,-70,86,-1,
80,81,-82,-23,-57,70,-53,55,85,9,40,-52,59,-15,31,74,-90,56,-15,-37,-1,
79,71,-87,-22,-60,70,-55,55,80,9,35,-53,58,-16,24,73,-89,57,-15,-35,-1,
-61,-25,27,-60,-27,26,-54,-34,-60,-36,27,-9,-61,-34,96,-90,-7,52,-85,92,-1,
50,-101,93,91,74,-96,-65,-98,43,30,-82,6,-55,-8,64,-83,-73,87,-31,39,1,
-39,-35,19,-83,-64,92,70,-66,87,-67,-29,-23,51,-82,-70,-76,8,34,-63,80,-1,
-61,-28,23,-63,-27,22,-57,-38,-57,-39,23,-13,-64,-43,94,-95,-9,48,-87,94,-1,
-62,-28,23,-65,-29,24,-53,-37,-64,-37,31,-12,-60,-44,102,-96,-6,48,-85,96,-1,
78,79,-83,-25,-52,68,-56,53,82,5,38,-45,58,-18,26,72,-84,63,-22,-38,-1,
21,57,-4,-74,24,39,66,-94,86,69,-41,96,74,-30,98,-33,-25,-53,71,78,-1,
-64,-35,21,-68,-34,19,-63,-40,-67,-44,22,-15,-66,-49,88,-95,-15,48,-96,90,-1,
-62,-33,27,-61,-32,21,-53,-41,-61,-37,30,-9,-62,-42,96,-91,-6,51,-90,94,-1,
22,48,-3,-71,18,41,61,-95,86,62,-45,94,74,-36,93,-33,-27,-53,60,77,-1,
78,73,-84,-22,-57,65,-54,55,78,8,27,-51,58,-18,27,66,-88,52,-18,-43,-1,
27,57,-2,-72,24,43,63,-92,90,65,-37,95,77,-32,92,-34,-26,-46,70,70,-1,
25,53,-4,-70,22,39,68,-97,85,64,-42,94,74,-33,92,-33,-23,-51,70,78,-1,
29,51,0,-72,22,43,67,-96,88,67,-40,97,75,-29,93,-35,-22,-49,72,78,-1,
-60,-26,27,-65,-27,26,-58,-40,-59,-35,25,-5,-63,-34,94,-85,-12,53,-86,101,-1,
76,75,-85,-27,-60,71,-63,55,81,10,34,-53,58,-18,25,68,-87,58,-16,-40,-1,
-42,-33,21,-79,-61,90,76,-63,96,-63,-26,-24,48,-82,-67,-75,18,35,-67,85,-1,
-42,-28,21,-77,-64,95,73,-69,99,-65,-21,-24,49,-80,-63,-73,11,41,-68,90,-1,
-41,-33,18,-82,-65,84,72,-71,95,-67,-22,-25,47,-82,-69,-76,8,35,-69,89,-1,
80,81,-78,-25,-48,77,-55,57,78,12,36,-50,61,-11,29,72,-87,59,-16,-42,-1,
73,75,-86,-21,-62,69,-51,50,80,10,31,-52,50,-15,22,71,-96,54,-25,-38,-1,
57,-97,98,99,84,-85,-61,-92,46,37,-73,14,-62,4,68,-74,-65,87,-24,43,1,
80,70,-83,-26,-60,77,-58,60,75,10,32,-47,53,-14,23,73,-93,60,-18,-38,-1,
-65,-22,19,-64,-28,25,-58,-37,-64,-37,25,-12,-62,-35,90,-86,-12,54,-86,92,-1,
-42,-36,20,-79,-67,96,71,-63,88,-66,-26,-30,50,-83,-71,-76,14,35,-68,82,-1,
51,-95,93,96,73,-92,-62,-101,42,37,-79,4,-56,-3,69,-78,-70,87,-22,46,1,
-59,-28,23,-62,-30,26,-54,-43,-61,-39,29,-4,-64,-40,98,-88,-11,51,-88,98,-1,
52,-92,97,97,78,-90,-57,-94,49,40,-79,11,-56,-3,69,-83,-64,88,-24,41,1,
75,77,-85,-26,-58,70,-61,54,77,11,29,-49,53,-14,22,72,-91,58,-22,-42,-1,
56,-89,94,95,88,-91,-55,-96,48,36,-77,5,-54,0,69,-76,-68,89,-28,50,1,
84,76,-82,-23,-56,71,-53,56,84,9,35,-46,56,-14,23,77,-91,62,-16,-40,-1,
-67,-32,24,-64,-32,29,-57,-35,-68,-38,26,-12,-67,-40,95,-88,-10,46,-88,90,-1,
-36,-32,23,-81,-63,94,74,-63,93,-63,-26,-21,49,-81,-62,-77,15,35,-62,86,-1,
-41,-28,21,-80,-61,92,72,-64,93,-64,-19,-25,51,-80,-69,-71,17,38,-69,90,-1,
-42,-29,19,-77,-61,91,72,-68,94,-62,-21,-24,52,-82,-67,-72,14,40,-66,89,-1,
80,82,-80,-21,-52,74,-53,57,80,14,39,-50,56,-14,31,75,-84,61,-21,-34,-1,
60,-96,94,98,81,-89,-60,-96,43,34,-80,9,-56,1,67,-79,-66,87,-26,44,1,
-45,-34,21,-82,-65,90,67,-68,87,-67,-25,-29,52,-83,-70,-75,13,29,-67,82,-1,
81,76,-84,-21,-58,71,-53,55,81,6,36,-53,57,-15,25,75,-88,56,-20,-38,-1,
24,52,-3,-72,17,39,64,-93,87,60,-42,92,77,-37,92,-35,-25,-49,65,74,-1,
58,-90,96,100,80,-86,-55,-95,48,34,-74,8,-49,-3,72,-82,-64,94,-28,45,1,
-62,-23,26,-61,-26,26,-57,-32,-60,-35,22,-9,-61,-37,96,-88,-7,55,-85,96,-1,
-38,-34,18,-75,-63,90,74,-65,92,-60,-30,-25,43,-78,-66,-75,13,38,-69,84,-1,
75,76,-88,-24,-59,67,-56,52,77,8,31,-50,53,-17,22,72,-93,55,-18,-39,-1,
-62,-33,25,-66,-31,21,-60,-37,-67,-38,25,-11,-63,-46,93,-91,-10,50,-92,89,-1,
58,-99,102,93,82,-90,-58,-95,49,38,-80,15,-58,2,66,-74,-68,92,-27,47,1,
24,51,-2,-71,19,41,63,-92,88,68,-40,95,76,-33,91,-34,-25,-43,69,75,-1,
-39,-28,26,-82,-58,88,76,-61,94,-62,-21,-23,50,-75,-69,-76,19,37,-59,86,-1,
-42,-33,18,-75,-64,92,72,-63,91,-64,-23,-24,52,-79,-66,-72,10,39,-63,88,-1,
24,50,-3,-70,16,34,69,-100,82,65,-51,95,72,-40,93,-32,-29,-50,67,73,-1,
57,-96,96,98,83,-89,-58,-93,47,40,-78,14,-60,1,67,-73,-69,93,-22,44,1,
-42,-33,17,-78,-60,84,75,-63,92,-67,-18,-22,49,-78,-64,-73,10,43,-69,91,-1,
60,-102,94,95,80,-91,-58,-99,45,41,-85,9,-60,0,65,-80,-71,83,-31,46,1,
77,80,-85,-27,-60,72,-58,47,77,9,39,-52,55,-22,29,75,-92,58,-19,-36,-1,
79,75,-86,-25,-59,65,-55,51,81,6,32,-54,49,-13,26,65,-89,50,-20,-39,-1,
-38,-26,19,-70,-65,93,72,-70,97,-61,-18,-24,51,-80,-61,-72,11,37,-61,87,-1,
-65,-31,28,-65,-31,25,-63,-36,-63,-43,24,-12,-67,-41,89,-95,-20,48,-94,92,-1,
77,79,-86,-25,-58,68,-55,51,77,8,35,-50,50,-15,25,72,-92,58,-23,-36,-1,
-63,-26,28,-60,-26,26,-51,-34,-62,-38,28,-9,-59,-44,101,-89,-8,50,-84,95,-1,
-36,-34,21,-75,-60,92,70,-67,91,-63,-25,-24,51,-83,-67,-73,14,41,-65,88,-1,
-42,-31,20,-77,-65,92,70,-65,93,-63,-23,-24,52,-86,-66,-76,13,36,-63,83,-1,
-64,-26,22,-62,-32,28,-59,-38,-63,-43,25,-11,-61,-36,93,-93,-12,52,-88,90,-1,
49,-94,94,91,74,-96,-62,-98,43,32,-90,11,-62,-1,62,-85,-71,85,-27,40,1,
62,-100,93,92,79,-93,-57,-97,44,31,-82,10,-61,5,64,-78,-68,88,-32,49,1,
52,-102,90,89,75,-96,-61,-101,44,28,-82,7,-65,-7,60,-83,-75,90,-34,38,1,
54,-96,97,95,80,-95,-58,-98,45,36,-85,12,-61,0,65,-78,-66,84,-18,43,1,
-57,-25,28,-61,-31,28,-55,-30,-66,-35,31,-8,-60,-38,102,-89,-5,54,-86,90,-1,
25,51,-3,-71,21,42,66,-96,88,66,-48,94,75,-36,88,-36,-24,-46,64,80,-1,
82,72,-90,-25,-60,67,-58,55,75,7,29,-54,51,-18,21,66,-91,51,-24,-39,-1,
-54,-22,30,-61,-25,29,-52,-35,-55,-31,33,-9,-62,-36,101,-88,-8,50,-85,100,-1,
-36,-35,23,-80,-64,94,69,-64,95,-64,-25,-23,51,-80,-62,-74,13,40,-65,86,-1,
-46,-38,20,-84,-66,86,67,-72,92,-64,-28,-29,46,-84,-71,-80,12,34,-67,82,-1,
-55,-24,24,-61,-26,32,-54,-29,-60,-34,29,-12,-54,-33,94,-86,-10,61,-88,98,-1,
84,80,-81,-20,-49,71,-54,58,85,15,36,-45,61,-13,31,74,-76,58,-16,-36,-1,
84,77,-76,-22,-54,76,-47,51,84,12,38,-47,59,-14,28,79,-87,59,-11,-35,-1,
80,78,-80,-17,-55,74,-54,63,83,14,34,-46,62,-14,29,77,-88,61,-14,-37,-1,
-42,-35,24,-84,-66,93,66,-65,90,-62,-25,-27,51,-81,-70,-75,14,34,-62,80,-1,
