-39,-32,22,-77,-64,90,74,-62,94,-64,-26,-27,51,-82,-68,-73,19,34,-64,88,-1,
78,76,-86,-25,-62,67,-57,54,79,5,36,-53,58,-20,27,71,-92,56,-16,-39,-1,
23,50,-3,-72,19,35,63,-95,79,65,-48,97,72,-37,91,-37,-25,-48,69,76,-1,
-40,-32,20,-80,-67,88,73,-65,90,-66,-26,-25,43,-84,-66,-73,9,36,-70,85,-1,
-42,-35,23,-77,-67,93,71,-62,88,-64,-25,-28,51,-86,-65,-75,12,39,-68,85,-1,
-39,-38,23,-82,-64,94,68,-68,88,-62,-25,-29,49,-84,-64,-75,10,40,-70,79,-1,
55,-98,94,96,77,-91,-58,-97,44,37,-83,11,-59,-3,66,-80,-71,90,-30,46,1,
58,-94,96,99,84,-93,-55,-99,50,39,-83,14,-58,-1,70,-77,-64,87,-21,45,1,
-64,-26,19,-59,-30,29,-54,-37,-62,-38,26,-11,-53,-43,95,-90,-7,52,-88,91,-1,
21,54,0,-73,19,38,64,-93,84,67,-44,98,70,-33,92,-36,-25,-47,72,68,-1,
-62,-29,24,-65,-30,25,-60,-37,-59,-39,29,-10,-61,-45,92,-90,-14,51,-90,93,-1,
-59,-26,23,-57,-30,25,-59,-33,-60,-40,23,-15,-56,-40,94,-89,-12,55,-95,99,-1,
54,-97,92,98,77,-88,-65,-95,43,28,-77,10,-64,-1,66,-78,-70,89,-24,44,1,
-37,-33,25,-79,-61,96,73,-66,95,-66,-22,-26,52,-79,-65,-73,16,37,-64,84,-1,
20,53,-6,-76,19,41,61,-92,84,64,-48,95,71,-37,92,-34,-25,-51,64,76,-1,
79,74,-81,-24,-57,74,-55,54,81,7,33,-53,58,-15,23,73,-93,58,-15,-47,-1,
77,70,-88,-21,-66,72,-57,49,74,6,34,-53,55,-24,18,73,-94,60,-25,-36,-1,
23,46,-4,-72,19,39,65,-98,88,63,-42,93,74,-35,90,-42,-23,-47,66,79,-1,
75,77,-84,-25,-61,66,-57,52,81,7,34,-53,53,-13,24,70,-93,53,-20,-42,-1,
-46,-26,18,-79,-66,87,71,-65,93,-63,-28,-22,47,-81,-71,-74,13,37,-68,87,-1,
23,56,-1,-71,21,43,65,-90,88,68,-44,96,81,-34,98,-34,-24,-46,65,75,-1,
-63,-25,26,-62,-33,23,-58,-36,-60,-37,26,-18,-63,-39,98,-93,-8,50,-87,90,-1,
-62,-28,24,-66,-34,21,-60,-38,-65,-43,24,-15,-66,-42,90,-87,-13,52,-92,96,-1,
56,-94,97,95,82,-90,-58,-95,49,33,-74,10,-61,0,67,-76,-68,90,-27,48,1,
24,50,-5,-69,15,42,63,-94,87,62,-45,94,73,-35,93,-37,-23,-49,64,78,-1,
-65,-27,24,-66,-31,23,-54,-36,-60,-36,20,-10,-60,-41,92,-90,-10,54,-86,98,-1,
26,53,0,-72,20,39,67,-93,84,69,-44,95,78,-31,92,-29,-23,-47,68,80,-1,
60,-100,95,101,80,-89,-60,-94,47,38,-76,11,-53,-1,71,-73,-73,92,-28,47,1,
24,55,3,-72,27,41,70,-91,90,66,-41,102,73,-28,95,-28,-22,-48,69,79,-1,
-56,-23,28,-68,-26,30,-60,-34,-58,-37,25,-11,-64,-32,94,-91,-12,54,-83,95,-1,
82,73,-80,-23,-56,73,-57,58,81,14,37,-49,57,-18,28,71,-86,61,-13,-35,-1,
-39,-33,24,-75,-65,94,76,-66,94,-61,-22,-27,49,-78,-69,-70,16,35,-67,83,-1,
-43,-35,16,-85,-69,92,67,-68,92,-66,-26,-29,45,-83,-69,-76,8,35,-70,80,-1,
80,81,-82,-27,-53,76,-57,55,83,12,41,-54,56,-10,25,81,-88,58,-15,-39,-1,
-41,-30,26,-82,-62,90,72,-65,86,-56,-24,-24,53,-87,-66,-75,12,38,-65,86,-1,
74,74,-90,-27,-62,69,-62,52,75,5,35,-59,50,-18,23,71,-95,55,-26,-41,-1,
59,-95,93,101,80,-90,-59,-92,50,37,-76,10,-57,2,69,-76,-68,91,-23,50,1,
77,75,-78,-19,-58,74,-56,53,77,16,32,-52,59,-17,30,76,-90,56,-13,-39,-1,
25,50,-2,-70,19,48,66,-97,95,64,-43,99,76,-32,92,-35,-24,-46,68,81,-1,
-35,-33,24,-76,-57,92,78,-64,94,-57,-23,-24,55,-82,-62,-74,20,39,-67,91,-1,
-38,-36,24,-79,-60,94,74,-66,94,-66,-21,-23,52,-79,-61,-73,15,38,-67,92,-1,
25,52,-1,-73,26,41,59,-91,87,65,-41,94,72,-36,91,-32,-24,-52,64,78,-1,
20,52,-5,-71,16,43,63,-89,83,63,-48,92,76,-37,95,-38,-28,-47,62,80,-1,
59,-99,100,98,75,-89,-56,-99,45,34,-78,12,-56,0,65,-77,-71,98,-28,43,1,
-64,-24,27,-66,-27,22,-57,-38,-60,-42,25,-12,-63,-37,91,-92,-11,51,-83,93,-1,
-62,-29,24,-66,-29,23,-58,-37,-59,-40,24,-11,-64,-42,92,-92,-12,48,-87,93,-1,
78,79,-86,-25,-55,72,-54,53,80,11,33,-50,50,-11,24,69,-87,53,-16,-39,-1,
29,52,-4,-71,23,37,66,-99,85,58,-43,94,72,-35,90,-34,-25,-52,70,74,-1,
-41,-34,16,-79,-66,93,67,-67,89,-67,-27,-28,44,-79,-72,-70,11,37,-71,81,-1,
-36,-34,21,-82,-63,91,70,-64,94,-64,-22,-23,49,-85,-64,-72,12,39,-67,90,-1,
-38,-32,23,-79,-61,94,73,-67,98,-64,-26,-20,50,-83,-63,-77,20,32,-62,87,-1,
-66,-31,20,-64,-33,25,-61,-34,-65,-38,26,-13,-67,-37,95,-88,-10,47,-85,86,-1,
-40,-39,17,-82,-67,86,69,-66,87,-66,-30,-27,42,-84,-70,-78,10,38,-72,83,-1,
-40,-34,16,-83,-72,90,64,-77,94,-70,-30,-30,45,-89,-69,-76,9,29,-71,82,-1,
-61,-26,24,-63,-31,25,-57,-37,-63,-39,28,-11,-61,-44,96,-88,-10,51,-90,96,-1,
-40,-28,19,-75,-67,93,69,-66,93,-63,-21,-29,50,-84,-66,-68,9,41,-70,86,-1,
54,-99,94,93,75,-92,-60,-101,43,32,-84,10,-61,-7,69,-83,-71,90,-31,44,1,
-60,-30,24,-62,-29,19,-57,-34,-60,-38,27,-18,-62,-40,96,-95,-7,51,-88,91,-1,
-37,-36,19,-78,-69,93,69,-66,94,-66,-27,-31,48,-85,-67,-77,11,39,-67,84,-1,
-46,-32,19,-79,-66,93,72,-66,89,-66,-29,-26,52,-80,-72,-77,12,35,-67,85,-1,
59,-91,90,93,78,-89,-61,-97,48,29,-80,7,-60,0,62,-80,-70,89,-27,45,1,
58,-99,94,97,75,-92,-56,-99,46,35,-79,8,-53,-1,64,-75,-67,97,-26,45,1,
57,-98,98,94,82,-88,-59,-98,45,38,-79,9,-58,0,73,-80,-68,85,-28,48,1,
58,-98,93,94,75,-90,-64,-100,42,31,-84,10,-60,-1,65,-80,-70,85,-30,47,1,
79,78,-86,-23,-55,71,-56,53,79,11,32,-54,51,-13,24,74,-91,54,-19,-43,-1,
58,-99,91,95,76,-90,-57,-94,40,38,-82,4,-59,2,63,-81,-68,88,-27,44,1,
26,48,-3,-71,15,41,62,-93,84,63,-40,94,72,-34,90,-32,-30,-47,68,74,-1,
-37,-36,23,-80,-65,87,72,-65,88,-67,-24,-25,50,-89,-64,-76,15,32,-65,87,-1,
56,-94,92,91,79,-93,-62,-91,44,32,-84,11,-61,-2,66,-82,-72,90,-26,42,1,
58,-94,95,96,78,-90,-61,-96,43,34,-82,13,-60,-1,63,-80,-67,80,-26,46,1,
-59,-23,25,-63,-26,27,-55,-37,-59,-38,30,-12,-59,-38,93,-82,-14,54,-88,99,-1,
-63,-31,25,-69,-30,23,-62,-40,-67,-44,25,-9,-67,-44,87,-89,-15,49,-94,94,-1,
-69,-31,19,-67,-32,22,-65,-34,-64,-38,21,-16,-67,-44,95,-92,-9,46,-84,86,-1,
55,-94,98,100,82,-86,-59,-93,48,40,-71,14,-56,0,70,-70,-63,92,-21,47,1,
61,-91,97,103,85,-87,-57,-92,55,38,-75,15,-52,2,67,-70,-70,95,-23,49,1,
54,-93,94,88,78,-93,-60,-95,48,34,-81,7,-59,-4,67,-82,-69,84,-26,44,1,
60,-96,94,95,78,-88,-62,-93,47,34,-76,9,-57,2,63,-75,-67,87,-25,47,1,
-37,-33,27,-82,-61,93,74,-62,94,-66,-21,-21,50,-81,-63,-72,20,33,-63,87,-1,
81,70,-84,-24,-52,69,-52,54,79,11,31,-51,55,-18,18,73,-85,56,-18,-40,-1,
-38,-30,23,-77,-60,94,71,-62,89,-63,-21,-26,53,-82,-64,-77,16,40,-62,90,-1,
-67,-31,25,-70,-33,22,-58,-39,-65,-39,21,-14,-66,-46,95,-97,-14,48,-89,93,-1,
56,-97,96,98,81,-91,-59,-96,47,31,-80,12,-61,0,70,-84,-66,87,-23,41,1,
-60,-31,24,-65,-31,24,-57,-37,-61,-40,27,-12,-64,-40,95,-88,-11,54,-85,92,-1,
56,-95,96,95,83,-91,-61,-91,48,32,-72,8,-57,0,71,-76,-68,88,-23,47,1,
56,-101,92,98,79,-93,-63,-102,45,35,-85,10,-58,-4,64,-77,-77,86,-27,41,1,
54,-97,94,94,74,-90,-62,-95,42,35,-78,7,-55,-1,68,-78,-66,87,-25,44,1,
71,76,-83,-26,-59,71,-58,50,80,8,32,-51,57,-16,19,73,-89,57,-18,-43,-1,
55,-93,90,91,78,-92,-63,-96,50,32,-81,7,-58,-1,63,-76,-73,90,-29,48,1,
-41,-26,23,-76,-61,96,76,-64,99,-58,-25,-21,50,-78,-66,-74,20,39,-64,89,-1,
56,-92,92,92,81,-95,-56,-98,44,33,-82,8,-61,-3,66,-79,-71,88,-25,44,1,
51,-97,91,89,75,-97,-60,-100,40,32,-84,5,-58,-8,63,-82,-72,85,-26,36,1,
60,-100,91,100,75,-89,-59,-95,42,41,-82,10,-56,-1,60,-78,-68,89,-26,42,1,
54,-99,101,91,79,-94,-58,-101,46,34,-79,7,-59,-2,69,-80,-69,83,-23,42,1,
77,83,-82,-18,-57,74,-52,58,87,14,34,-48,59,-7,24,76,-86,60,-21,-35,-1,
80,78,-87,-21,-57,73,-59,58,76,12,35,-49,51,-12,26,72,-90,59,-23,-35,-1,
61,-96,97,101,78,-88,-58,-95,47,35,-77,11,-56,5,71,-78,-66,88,-25,51,1,
78,78,-83,-25,-59,71,-57,52,78,8,36,-47,60,-23,27,75,-89,61,-21,-34,-1,
57,-99,96,93,80,-93,-60,-100,44,33,-83,9,-60,0,66,-77,-74,88,-31,48,1,
29,52,-1,-69,23,43,66,-90,88,68,-42,98,75,-30,96,-29,-26,-44,67,78,-1,
25,48,-6,-70,16,39,66,-96,88,63,-45,94,75,-38,96,-32,-22,-50,70,79,-1,
82,78,-79,-22,-55,77,-54,61,78,13,40,-52,58,-10,25,80,-93,57,-15,-36,-1,
78,80,-89,-23,-52,68,-56,57,77,12,37,-51,57,-19,26,74,-90,54,-19,-39,-1,
77,82,-83,-25,-54,69,-58,58,79,10,39,-53,60,-14,31,71,-86,56,-14,-37,-1,
-60,-29,29,-62,-32,29,-57,-31,-59,-39,25,-2,-62,-39,96,-85,-6,57,-83,93,-1,
18,51,-4,-75,21,35,58,-89,77,66,-51,91,74,-41,90,-36,-32,-47,58,70,-1,
79,75,-87,-23,-60,69,-55,55,79,8,35,-55,59,-19,27,71,-89,52,-15,-40,-1,
79,81,-87,-21,-54,67,-56,54,83,12,38,-47,58,-19,28,72,-86,59,-16,-35,-1,
79,79,-83,-25,-51,72,-57,59,77,6,39,-49,59,-15,26,75,-91,59,-17,-40,-1,
-39,-32,20,-83,-61,89,72,-62,92,-68,-20,-25,48,-82,-68,-70,13,35,-68,86,-1,
81,80,-79,-21,-51,73,-53,56,80,18,35,-43,55,-15,29,78,-84,60,-18,-35,-1,
-62,-27,25,-62,-28,26,-53,-36,-59,-37,28,-9,-63,-34,95,-86,-12,54,-83,94,-1,
20,55,-1,-79,20,40,59,-92,83,68,-43,92,74,-34,91,-35,-26,-54,64,68,-1,
55,-96,94,100,75,-89,-63,-98,46,34,-82,13,-58,0,67,-79,-71,92,-29,44,1,
20,53,-7,-75,21,40,59,-95,84,65,-43,94,71,-37,91,-33,-30,-54,72,74,-1,
24,47,-4,-75,22,39,63,-94,83,62,-43,91,73,-35,92,-35,-24,-52,64,78,-1,
-62,-30,24,-68,-29,26,-61,-39,-63,-36,28,-15,-68,-39,97,-92,-11,47,-87,93,-1,
79,74,-86,-24,-56,67,-58,53,77,7,32,-59,55,-16,26,70,-87,54,-23,-40,-1,
19,50,-4,-78,19,38,64,-97,87,63,-43,95,72,-31,91,-34,-27,-52,64,76,-1,
23,54,0,-74,25,37,67,-93,88,67,-43,94,77,-30,95,-35,-21,-48,65,77,-1,
84,76,-80,-21,-53,73,-52,59,79,13,41,-49,58,-16,28,71,-83,59,-16,-34,-1,
-64,-29,19,-66,-29,26,-58,-41,-65,-39,29,-10,-66,-36,91,-85,-11,49,-87,94,-1,
23,49,-1,-74,21,34,67,-94,78,63,-43,90,71,-34,86,-35,-26,-48,66,74,-1,
61,-92,93,99,84,-89,-57,-92,47,34,-77,13,-61,5,70,-75,-64,89,-25,52,1,
81,81,-82,-28,-52,67,-56,59,80,13,34,-44,55,-13,26,71,-86,56,-19,-38,-1,
22,56,-7,-74,25,39,62,-91,84,63,-44,96,72,-35,96,-34,-28,-51,67,72,-1,
-61,-36,20,-64,-35,22,-55,-41,-64,-45,24,-11,-65,-45,94,-91,-13,50,-88,88,-1,
57,-99,89,92,79,-93,-60,-98,40,29,-79,5,-60,0,64,-77,-69,87,-29,49,1,
25,54,-1,-71,21,38,64,-95,83,65,-39,93,77,-31,91,-34,-26,-51,70,75,-1,
-58,-25,26,-63,-30,28,-56,-38,-59,-39,28,-9,-58,-40,99,-83,-11,53,-84,96,-1,
76,72,-83,-21,-61,71,-58,54,80,12,36,-54,57,-18,25,76,-92,61,-18,-38,-1,
82,75,-82,-25,-58,71,-56,53,75,8,36,-52,54,-15,25,73,-93,57,-19,-38,-1,
78,80,-84,-16,-56,71,-48,55,84,12,34,-45,52,-9,29,75,-87,55,-16,-35,-1,
23,52,0,-70,15,42,63,-92,83,67,-50,95,76,-37,92,-34,-26,-49,66,75,-1,
56,-103,95,94,79,-94,-59,-99,43,36,-82,10,-61,-1,69,-78,-75,88,-29,44,1,
82,74,-81,-23,-62,68,-56,57,81,8,37,-48,57,-18,28,72,-86,58,-21,-35,-1,
27,52,-5,-72,22,41,67,-98,88,65,-42,98,72,-28,88,-32,-20,-47,70,78,-1,
25,48,0,-77,19,41,64,-93,84,67,-47,96,72,-38,95,-36,-23,-53,64,76,-1,
-70,-20,20,-59,-32,28,-59,-33,-62,-39,19,-9,-66,-37,91,-85,-14,51,-89,93,-1,
24,50,-2,-71,22,36,66,-96,89,62,-44,99,77,-31,93,-29,-24,-43,65,76,-1,
-63,-21,28,-65,-24,26,-58,-35,-64,-33,23,-7,-60,-39,97,-88,-12,49,-86,91,-1,
27,54,-4,-69,22,42,68,-94,87,65,-43,97,77,-36,97,-31,-23,-47,72,75,-1,
-64,-27,23,-65,-31,27,-60,-38,-64,-45,25,-14,-61,-44,94,-90,-12,46,-90,95,-1,
22,46,-3,-82,17,41,58,-92,80,66,-44,91,70,-39,89,-34,-28,-54,66,71,-1,
-41,-27,24,-79,-58,92,73,-62,94,-62,-19,-22,54,-80,-64,-78,17,42,-63,92,-1,
81,74,-84,-19,-58,71,-57,57,77,15,30,-48,57,-16,26,72,-86,59,-20,-34,-1,
58,-96,98,95,80,-88,-59,-95,46,34,-75,8,-57,2,68,-78,-66,89,-27,49,1,
-64,-31,20,-65,-30,24,-55,-39,-66,-38,25,-9,-65,-42,91,-89,-7,49,-87,86,-1,
27,52,-2,-70,22,45,68,-91,88,62,-40,95,73,-35,95,-34,-22,-50,70,80,-1,
-65,-28,25,-67,-27,28,-59,-38,-66,-39,30,-16,-61,-38,94,-89,-9,47,-88,93,-1,
78,75,-85,-24,-56,67,-59,53,81,10,35,-53,53,-16,28,72,-90,57,-19,-44,-1,
78,76,-86,-21,-56,72,-53,51,77,13,33,-47,47,-16,23,73,-89,55,-18,-38,-1,
-61,-24,27,-59,-33,26,-56,-37,-56,-32,22,-6,-66,-38,102,-90,-9,48,-83,93,-1,
-60,-28,25,-64,-31,28,-54,-39,-61,-36,26,-11,-63,-41,94,-89,-12,50,-88,93,-1,
53,-101,94,92,76,-92,-59,-97,43,35,-80,5,-60,-1,67,-81,-72,86,-33,47,1,
-62,-30,24,-64,-36,21,-54,-38,-63,-33,19,-17,-63,-43,98,-91,-9,50,-87,90,-1,
23,53,-2,-74,14,39,64,-91,78,64,-45,88,75,-35,91,-40,-23,-52,63,79,-1,
-42,-31,14,-83,-62,89,70,-71,93,-67,-28,-26,51,-84,-72,-80,11,33,-64,88,-1,
24,56,-1,-71,21,41,68,-89,83,69,-44,94,77,-36,96,-31,-22,-46,68,79,-1,
23,53,-3,-72,21,37,69,-96,84,63,-46,95,72,-36,92,-33,-26,-49,67,76,-1,
-64,-34,23,-67,-36,22,-62,-39,-64,-44,26,-16,-67,-47,90,-92,-19,49,-94,90,-1,
28,51,-2,-71,16,37,72,-98,87,63,-41,93,77,-33,97,-33,-23,-50,70,74,-1,
80,75,-82,-22,-58,72,-52,51,81,10,34,-51,58,-18,25,75,-90,55,-12,-39,-1,
23,47,-4,-73,20,39,61,-96,84,61,-45,93,69,-32,89,-38,-29,-50,62,77,-1,
83,72,-84,-25,-58,69,-52,51,79,9,30,-49,55,-21,25,70,-90,53,-12,-38,-1,
27,57,3,-74,24,47,67,-87,89,69,-38,98,80,-27,96,-33,-23,-46,70,81,-1,
55,-101,88,95,75,-92,-67,-97,42,31,-82,11,-62,-6,68,-81,-73,86,-31,45,1,
24,49,-1,-78,16,37,66,-97,84,62,-45,93,69,-34,88,-35,-26,-52,65,69,-1,
55,-95,89,98,80,-90,-67,-99,45,34,-84,13,-60,-4,62,-75,-74,88,-27,41,1,
-44,-33,15,-80,-62,82,69,-70,91,-67,-25,-27,44,-80,-72,-75,15,34,-70,85,-1,
25,55,-5,-70,19,40,63,-93,83,70,-45,96,75,-35,93,-34,-26,-48,70,77,-1,
-37,-37,25,-83,-60,89,75,-65,92,-64,-27,-18,46,-80,-64,-77,15,37,-63,85,-1,
54,-88,87,97,79,-89,-60,-95,45,35,-78,6,-59,-4,68,-80,-70,84,-27,47,1,
-57,-25,30,-60,-25,28,-55,-37,-61,-40,31,-10,-59,-39,97,-86,-12,52,-88,93,-1,
56,-100,98,95,80,-92,-58,-100,43,33,-80,12,-60,-6,74,-83,-70,88,-27,39,1,
77,76,-82,-19,-60,71,-53,55,82,9,37,-44,57,-15,25,76,-91,66,-23,-31,-1,
77,81,-85,-22,-56,78,-59,56,84,11,40,-50,59,-13,26,81,-91,64,-13,-43,-1,
26,55,2,-69,20,41,65,-89,85,70,-43,95,77,-32,97,-33,-25,-49,65,74,-1,
-60,-28,23,-65,-29,30,-57,-33,-63,-37,31,-15,-62,-38,97,-92,-12,49,-86,89,-1,
-67,-32,20,-61,-33,22,-58,-35,-67,-42,24,-14,-65,-39,92,-89,-10,50,-90,88,-1,
-43,-39,14,-79,-69,89,67,-64,88,-67,-28,-30,48,-82,-70,-77,10,30,-68,83,-1,
58,-93,96,101,81,-93,-59,-96,54,33,-82,15,-52,0,70,-77,-69,95,-27,47,1,
54,-95,93,91,79,-87,-62,-95,42,37,-79,4,-59,1,64,-79,-66,84,-29,45,1,
-41,-34,24,-81,-60,88,77,-65,93,-63,-28,-21,45,-85,-65,-76,19,36,-70,86,-1,
20,53,-3,-78,21,39,63,-87,80,67,-40,89,72,-34,90,-32,-25,-52,65,75,-1,
60,-97,98,96,80,-90,-56,-96,45,36,-79,11,-58,2,72,-78,-67,90,-25,49,1,
-57,-32,23,-62,-32,24,-57,-38,-54,-37,21,-12,-67,-38,96,-95,-11,48,-85,89,-1,
-64,-30,26,-65,-33,27,-58,-31,-65,-33,22,-12,-63,-44,95,-99,-11,50,-92,88,-1,
56,-100,95,93,79,-90,-61,-99,43,32,-78,6,-61,-2,67,-78,-71,87,-27,46,1,
23,53,-4,-78,16,39,66,-95,83,61,-43,89,76,-37,91,-34,-28,-52,62,72,-1,
-44,-35,23,-81,-61,92,73,-65,93,-59,-27,-25,49,-78,-67,-78,14,34,-62,83,-1,
53,-96,96,93,82,-92,-62,-91,44,38,-78,9,-55,-1,69,-76,-68,86,-24,44,1,
57,-99,94,94,81,-92,-60,-98,49,34,-78,9,-60,-3,72,-78,-75,89,-32,50,1,
83,79,-81,-17,-54,72,-48,55,85,11,35,-45,57,-12,30,73,-86,56,-11,-41,-1,
-62,-28,25,-63,-29,28,-55,-37,-67,-39,28,-15,-58,-37,98,-87,-7,49,-88,97,-1,
-43,-32,19,-80,-62,88,71,-70,93,-63,-25,-26,49,-81,-69,-74,11,35,-67,87,-1,
20,49,0,-76,18,37,64,-90,79,63,-44,93,73,-32,94,-36,-27,-51,63,76,-1,
-38,-33,24,-82,-64,89,70,-67,90,-65,-19,-27,47,-86,-58,-75,6,36,-65,82,-1,
79,76,-81,-26,-60,73,-55,53,81,8,34,-49,54,-12,19,75,-88,60,-25,-37,-1,
-37,-38,23,-80,-67,91,70,-65,91,-62,-28,-22,44,-77,-64,-72,9,35,-62,84,-1,
-41,-38,23,-81,-62,92,75,-70,88,-68,-24,-29,50,-84,-69,-75,10,31,-65,84,-1,
-41,-32,22,-89,-58,89,68,-67,94,-63,-23,-23,49,-83,-64,-79,12,38,-65,83,-1,
82,73,-81,-23,-57,73,-52,53,79,13,36,-49,55,-20,28,74,-90,61,-19,-31,-1,
51,-99,87,93,72,-98,-61,-99,40,31,-87,6,-61,-4,60,-85,-69,84,-28,37,1,
23,49,-3,-73,19,40,65,-93,86,62,-44,93,71,-37,94,-34,-23,-50,66,75,-1,
58,-95,96,98,79,-89,-59,-95,46,37,-77,12,-58,0,71,-77,-66,93,-21,44,1,
61,-101,92,92,84,-93,-58,-95,45,37,-82,6,-60,3,62,-73,-74,89,-30,48,1,
56,-101,90,88,79,-97,-59,-96,41,33,-84,7,-60,-5,62,-77,-73,84,-31,45,1,
25,51,-1,-76,18,38,68,-97,83,60,-43,92,72,-34,88,-35,-27,-50,66,71,-1,
-43,-31,18,-76,-67,93,67,-66,90,-64,-27,-25,44,-84,-68,-69,9,44,-73,82,-1,
76,78,-88,-18,-63,73,-60,57,77,13,30,-52,56,-14,27,73,-91,55,-20,-38,-1,
-64,-31,22,-66,-29,28,-63,-38,-65,-42,24,-13,-66,-38,95,-91,-13,49,-87,93,-1,
55,-94,91,90,82,-92,-58,-98,47,30,-81,6,-62,-3,66,-82,-74,90,-32,43,1,
78,75,-77,-20,-60,71,-51,47,81,7,30,-48,56,-18,26,70,-90,56,-20,-42,-1,
52,-89,86,95,80,-93,-63,-94,45,31,-82,4,-56,-2,62,-83,-71,83,-30,42,1,
80,80,-76,-24,-54,73,-51,52,87,13,36,-47,61,-15,30,79,-91,58,-9,-42,-1,
-61,-27,21,-66,-37,26,-60,-34,-64,-38,24,-12,-67,-40,91,-93,-10,53,-90,88,-1,
-36,-35,19,-83,-62,94,71,-61,89,-66,-23,-25,46,-83,-67,-75,13,35,-66,84,-1,
-59,-22,30,-59,-26,32,-55,-34,-56,-44,26,-11,-61,-37,91,-89,-10,52,-87,94,-1,
53,-100,91,96,76,-91,-61,-107,40,32,-82,3,-57,-6,67,-81,-71,86,-31,44,1,
-65,-25,24,-65,-25,23,-57,-36,-62,-37,24,-11,-64,-38,91,-89,-13,53,-87,93,-1,
55,-95,95,95,80,-92,-63,-96,51,33,-78,8,-53,-4,67,-78,-71,86,-24,43,1,
-37,-28,20,-74,-63,95,72,-65,93,-61,-22,-23,49,-79,-63,-71,13,39,-65,87,-1,
23,55,0,-79,21,46,63,-86,85,70,-40,95,74,-30,96,-34,-21,-50,69,77,-1,
28,49,-1,-74,20,41,66,-92,81,65,-37,90,77,-30,91,-33,-27,-48,66,79,-1,
57,-101,91,92,78,-94,-62,-99,38,27,-83,5,-60,-1,63,-81,-71,86,-29,44,1,
-62,-31,24,-63,-34,30,-57,-38,-64,-42,26,-15,-64,-39,94,-93,-12,46,-91,91,-1,
-61,-27,23,-62,-32,26,-63,-36,-58,-39,23,-11,-58,-39,100,-89,-8,52,-85,99,-1,
-60,-27,25,-65,-29,31,-56,-35,-61,-38,26,-7,-64,-39,92,-92,-14,52,-88,92,-1,
80,73,-82,-28,-57,67,-60,55,74,13,28,-47,54,-15,23,71,-84,49,-17,-42,-1,
75,74,-86,-20,-58,70,-50,51,78,11,32,-47,57,-18,24,70,-89,53,-9,-36,-1,
83,77,-83,-23,-59,71,-52,53,80,11,33,-50,53,-14,30,71,-90,53,-14,-38,-1,
-62,-25,26,-63,-28,27,-55,-36,-59,-37,26,-9,-63,-34,95,-86,-8,53,-81,93,-1,
54,-95,94,92,76,-92,-60,-96,45,31,-77,7,-57,-1,66,-75,-71,92,-26,47,1,
-41,-31,19,-77,-66,91,75,-67,95,-63,-26,-23,42,-81,-65,-76,12,36,-72,84,-1,
-43,-27,18,-73,-62,92,73,-63,94,-63,-18,-27,52,-80,-67,-75,15,40,-65,84,-1,
23,56,-4,-73,19,42,63,-94,85,68,-48,97,74,-38,96,-35,-27,-49,71,74,-1,
20,50,-7,-76,16,39,58,-96,82,62,-47,90,76,-40,85,-35,-28,-51,62,72,-1,
-39,-32,25,-79,-65,91,72,-63,95,-64,-19,-28,49,-82,-66,-79,19,34,-60,85,-1,
22,53,-5,-65,16,38,65,-99,92,69,-45,96,76,-28,93,-37,-23,-45,67,81,-1,
-36,-29,19,-78,-60,92,75,-66,94,-67,-21,-22,48,-82,-64,-73,17,35,-67,86,-1,
78,77,-78,-24,-56,70,-59,56,79,13,37,-51,56,-16,28,79,-94,57,-17,-40,-1,
57,-95,97,95,77,-92,-59,-96,48,32,-75,9,-54,-2,73,-80,-67,92,-24,45,1,
54,-103,91,95,74,-94,-62,-100,44,33,-82,8,-60,0,62,-76,-73,93,-29,41,1,
27,55,-1,-70,19,41,68,-91,84,64,-43,94,77,-34,100,-28,-24,-51,62,77,-1,
-66,-25,21,-62,-33,25,-59,-41,-63,-43,22,-14,-66,-39,91,-92,-12,47,-91,93,-1,
56,-100,95,94,81,-97,-59,-98,43,33,-87,8,-57,0,70,-83,-71,85,-29,44,1,
-60,-22,27,-58,-22,27,-47,-38,-56,-34,29,-5,-54,-40,99,-85,-1,51,-83,100,-1,
-43,-30,16,-78,-69,86,70,-67,96,-67,-23,-29,47,-82,-66,-74,12,36,-68,85,-1,
75,74,-87,-21,-58,72,-52,51,81,9,28,-51,53,-15,23,71,-93,53,-11,-43,-1,
22,52,-5,-76,19,38,67,-99,81,63,-46,95,68,-31,88,-37,-25,-54,71,76,-1,
83,80,-81,-23,-51,70,-52,58,83,15,38,-46,58,-14,29,75,-86,58,-13,-36,-1,
55,-96,91,98,72,-94,-61,-99,42,35,-86,10,-56,1,62,-80,-66,82,-25,43,1,
24,56,-5,-69,16,45,62,-90,83,69,-46,92,80,-35,93,-37,-24,-45,64,78,-1,
-40,-31,14,-75,-62,86,76,-64,94,-60,-27,-22,44,-78,-73,-74,13,40,-69,88,-1,
-38,-31,19,-83,-65,91,70,-67,93,-64,-30,-19,46,-80,-70,-75,15,33,-66,88,-1,
-40,-29,22,-78,-64,96,69,-58,99,-63,-19,-26,51,-77,-64,-75,16,43,-62,89,-1,
-63,-31,20,-66,-31,27,-58,-35,-67,-35,24,-7,-65,-42,93,-94,-10,50,-90,94,-1,
79,74,-81,-26,-56,70,-57,54,80,5,37,-50,53,-15,27,70,-91,61,-21,-40,-1,
75,70,-83,-24,-58,68,-54,54,79,6,34,-53,58,-22,24,74,-94,60,-19,-41,-1,
23,52,-4,-75,22,39,64,-94,86,64,-40,92,74,-33,93,-32,-25,-51,67,77,-1,
51,-95,94,92,77,-95,-63,-96,44,35,-85,10,-59,-3,68,-80,-72,86,-25,42,1,
28,54,3,-72,25,41,65,-90,85,73,-42,100,75,-28,95,-35,-20,-48,68,77,-1,
24,48,-2,-73,21,43,62,-86,81,67,-45,94,70,-38,96,-30,-30,-47,66,76,-1,
-59,-27,29,-60,-29,28,-58,-37,-53,-42,26,-10,-65,-39,91,-87,-10,47,-88,94,-1,
52,-101,93,94,74,-94,-61,-101,43,35,-81,5,-61,-1,64,-81,-71,89,-26,40,1,
-71,-35,22,-66,-35,22,-63,-37,-70,-40,19,-11,-69,-47,95,-91,-15,46,-92,86,-1,
84,75,-80,-23,-56,74,-57,57,78,7,35,-53,58,-12,27,70,-87,58,-20,-40,-1,
-67,-25,18,-69,-34,24,-64,-44,-66,-41,27,-20,-66,-38,88,-86,-17,47,-91,88,-1,
-58,-25,22,-64,-31,28,-60,-37,-60,-39,24,-8,-61,-41,91,-86,-11,56,-92,101,-1,
58,-96,94,99,82,-92,-56,-98,46,37,-80,8,-61,3,65,-76,-69,90,-24,49,1,
-42,-39,18,-81,-61,92,69,-68,90,-66,-29,-26,51,-87,-69,-82,17,33,-66,80,-1,
80,73,-84,-29,-60,73,-61,51,78,6,32,-56,51,-14,20,69,-93,56,-26,-44,-1,
24,50,-3,-70,17,44,66,-94,89,60,-43,94,76,-37,94,-34,-28,-48,64,75,-1,
56,-97,100,93,78,-91,-60,-94,47,34,-77,11,-57,-1,66,-77,-68,90,-26,49,1,
54,-96,93,95,79,-93,-59,-96,46,38,-80,9,-59,-2,69,-76,-73,90,-26,44,1,
-68,-29,22,-62,-33,35,-61,-38,-60,-44,30,-9,-62,-39,89,-85,-14,48,-89,95,-1,
-38,-28,19,-79,-63,94,68,-64,93,-64,-20,-23,57,-84,-65,-69,12,42,-66,93,-1,
-43,-35,19,-82,-64,90,71,-66,92,-65,-28,-24,45,-77,-65,-81,11,29,-63,79,-1,
81,75,-83,-23,-59,72,-57,59,76,10,36,-55,53,-13,25,72,-88,53,-21,-37,-1,
78,82,-88,-23,-58,70,-57,53,74,12,37,-56,56,-17,25,73,-87,53,-19,-33,-1,
80,74,-82,-22,-60,72,-51,52,82,8,35,-55,55,-13,23,72,-93,52,-15,-42,-1,
50,-93,95,90,81,-97,-57,-97,47,25,-81,9,-60,-3,69,-85,-69,91,-32,42,1,
-40,-33,18,-82,-67,91,69,-70,89,-66,-26,-25,50,-82,-68,-75,6,29,-63,84,-1,
-67,-26,25,-61,-26,19,-59,-38,-60,-42,26,-14,-64,-35,91,-91,-11,51,-89,95,-1,
25,47,2,-74,25,34,67,-93,80,64,-42,88,75,-37,89,-34,-24,-52,63,77,-1,
30,58,0,-68,25,48,68,-84,87,68,-35,98,77,-24,96,-28,-20,-42,71,83,-1,
-40,-30,25,-75,-60,93,72,-60,93,-61,-19,-26,54,-81,-64,-71,21,40,-67,93,-1,
55,-93,89,95,78,-94,-61,-97,50,30,-80,8,-54,-5,63,-80,-67,86,-28,44,1,
-59,-28,21,-64,-29,27,-57,-37,-63,-39,28,-12,-65,-40,95,-84,-9,49,-88,94,-1,
24,49,0,-72,24,41,67,-90,89,61,-43,95,72,-34,95,-32,-28,-46,65,77,-1,
-58,-24,28,-64,-30,26,-56,-37,-63,-41,29,-15,-60,-40,94,-86,-13,54,-89,94,-1,
22,49,-1,-69,15,42,68,-92,88,63,-44,97,74,-35,93,-33,-26,-41,68,79,-1,
80,76,-80,-24,-53,68,-58,54,78,12,30,-49,56,-19,29,67,-88,58,-19,-42,-1,
22,51,-3,-75,10,43,63,-93,82,64,-49,94,70,-35,93,-37,-26,-52,65,74,-1,
-38,-36,22,-80,-67,92,74,-71,86,-66,-28,-30,45,-86,-65,-80,5,32,-64,78,-1,
78,75,-84,-25,-59,69,-56,52,77,6,35,-51,52,-15,24,70,-91,56,-18,-40,-1,
79,73,-83,-25,-61,68,-57,52,78,11,32,-54,56,-19,24,73,-87,54,-20,-36,-1,
76,76,-85,-31,-54,65,-53,49,85,6,36,-50,53,-17,19,74,-92,55,-16,-44,-1,
73,80,-89,-21,-61,73,-57,53,81,11,38,-51,55,-17,23,76,-92,58,-22,-40,-1,
56,-91,100,97,85,-88,-57,-98,46,33,-75,12,-56,0,71,-75,-66,93,-29,51,1,
22,52,-1,-75,21,39,61,-88,83,67,-42,92,72,-37,91,-36,-23,-48,66,72,-1,
-40,-33,23,-79,-62,97,70,-67,92,-64,-24,-24,53,-85,-63,-74,12,40,-68,87,-1,
26,55,1,-72,20,42,62,-92,84,71,-42,95,80,-33,94,-40,-23,-50,67,73,-1,
78,83,-82,-19,-59,70,-51,54,81,11,39,-49,56,-13,29,76,-87,53,-18,-37,-1,
-60,-20,30,-61,-26,29,-53,-37,-57,-34,27,-7,-63,-37,97,-87,-8,52,-85,97,-1,
80,75,-86,-18,-58,74,-56,57,78,9,35,-51,54,-14,27,70,-96,61,-19,-41,-1,
-60,-29,26,-64,-31,20,-56,-39,-61,-34,27,-11,-60,-43,97,-91,-12,53,-90,93,-1,
19,52,-10,-73,13,43,58,-97,85,66,-48,95,75,-36,91,-31,-29,-51,65,75,-1,
79,72,-86,-27,-57,64,-53,52,78,6,30,-52,55,-18,24,67,-89,48,-11,-43,-1,
-57,-26,22,-58,-30,25,-56,-39,-60,-40,29,-9,-59,-41,96,-88,-11,51,-91,89,-1,
56,-102,98,93,79,-97,-56,-104,42,29,-80,10,-59,-5,72,-80,-67,88,-24,41,1,
25,57,0,-73,17,46,65,-88,83,69,-46,96,76,-30,95,-36,-25,-47,66,78,-1,
54,-95,94,93,81,-91,-58,-93,46,34,-78,10,-64,2,68,-79,-69,88,-30,47,1,
72,76,-83,-27,-57,69,-59,51,78,12,34,-52,55,-17,26,75,-90,56,-15,-43,-1,
81,77,-82,-25,-54,75,-56,56,78,15,35,-48,52,-12,28,70,-88,58,-12,-37,-1,
-39,-34,20,-78,-61,97,70,-60,93,-66,-25,-22,50,-77,-68,-70,18,36,-65,87,-1,
22,51,0,-73,21,41,63,-91,83,68,-41,89,79,-32,89,-33,-29,-48,63,81,-1,
59,-95,98,96,83,-89,-55,-91,43,37,-78,14,-59,4,67,-76,-60,90,-22,46,1,
21,53,-4,-73,18,39,64,-93,84,63,-49,98,73,-37,93,-35,-27,-46,67,75,-1,
-40,-32,24,-80,-64,89,73,-66,90,-63,-24,-27,47,-79,-68,-80,18,33,-65,86,-1,
-36,-28,23,-78,-60,94,77,-61,95,-61,-23,-17,46,-81,-59,-73,17,40,-66,88,-1,
25,50,0,-70,22,41,68,-94,92,66,-45,99,74,-33,92,-33,-21,-43,69,76,-1,
26,53,1,-74,22,41,69,-93,85,64,-41,99,74,-35,96,-32,-20,-53,74,77,-1,
83,78,-87,-22,-55,70,-51,57,83,10,36,-47,55,-14,22,71,-88,57,-15,-35,-1,
54,-92,96,93,82,-93,-56,-97,45,34,-80,10,-62,0,72,-81,-64,87,-21,44,1,
79,74,-81,-29,-56,69,-55,50,84,3,34,-51,59,-19,25,71,-88,59,-19,-42,-1,
-63,-32,24,-66,-36,25,-57,-42,-57,-40,26,-8,-66,-45,94,-89,-11,50,-84,93,-1,
-40,-30,20,-80,-61,90,74,-65,94,-59,-27,-18,43,-75,-66,-74,14,34,-62,85,-1,
21,52,0,-70,17,46,63,-88,88,65,-44,100,74,-32,97,-28,-27,-47,66,80,-1,
-39,-34,21,-80,-61,90,74,-66,94,-66,-21,-32,52,-83,-61,-77,14,35,-69,86,-1,
81,76,-79,-20,-57,72,-54,53,79,7,37,-49,59,-18,33,70,-88,63,-16,-37,-1,
81,78,-88,-23,-58,70,-54,49,83,9,32,-47,52,-17,24,71,-91,59,-19,-39,-1,
24,52,-4,-73,18,39,64,-92,81,64,-45,95,68,-32,94,-32,-26,-51,64,72,-1,
20,54,-1,-77,25,39,62,-93,84,65,-44,97,75,-39,95,-34,-24,-54,70,77,-1,
57,-97,94,93,79,-91,-61,-93,43,34,-78,13,-64,-1,67,-77,-69,87,-21,44,1,
61,-104,98,97,82,-92,-52,-94,45,43,-79,11,-55,0,71,-78,-67,92,-28,44,1,
83,73,-76,-20,-53,72,-52,53,81,12,29,-47,57,-17,27,72,-87,62,-19,-39,-1,
-40,-28,17,-75,-62,92,72,-69,94,-62,-23,-25,51,-81,-66,-75,13,36,-63,85,-1,
-70,-30,25,-66,-31,20,-54,-40,-65,-37,25,-10,-67,-42,92,-95,-12,49,-87,89,-1,
-43,-35,20,-79,-63,93,67,-64,95,-64,-22,-28,47,-78,-67,-76,16,38,-65,84,-1,
20,54,-4,-74,19,38,62,-92,84,69,-49,97,72,-34,93,-31,-26,-46,65,72,-1,
-58,-28,27,-63,-25,26,-54,-36,-56,-38,26,-10,-60,-41,97,-90,-12,53,-83,97,-1,
16,55,-5,-78,18,40,61,-98,91,67,-51,100,70,-30,92,-38,-29,-49,64,73,-1,
23,50,0,-75,22,41,63,-91,90,67,-42,99,74,-32,97,-32,-28,-47,65,75,-1,
27,51,-1,-74,20,44,64,-94,85,64,-45,97,71,-35,93,-37,-26,-53,70,75,-1,
51,-95,94,92,80,-97,-62,-97,43,33,-87,9,-61,1,63,-79,-70,82,-25,42,1,
55,-96,93,93,79,-94,-56,-97,45,38,-83,7,-60,0,61,-76,-70,90,-25,44,1,
58,-95,92,93,79,-93,-61,-92,48,34,-81,14,-61,2,64,-74,-70,88,-25,48,1,
54,-98,92,95,80,-95,-61,-95,46,33,-80,5,-57,0,65,-83,-63,80,-26,42,1,
23,49,-5,-77,23,42,59,-91,83,58,-43,94,67,-36,90,-32,-31,-53,64,72,-1,
26,54,-3,-73,25,43,59,-87,83,69,-38,90,74,-32,90,-36,-21,-51,66,80,-1,
77,76,-84,-16,-59,73,-55,57,79,10,33,-54,56,-15,31,69,-89,56,-17,-41,-1,
18,57,-9,-71,17,41,61,-92,83,65,-51,98,74,-34,94,-30,-32,-47,67,77,-1,
24,50,-2,-76,17,38,63,-96,84,62,-47,96,68,-34,91,-31,-32,-51,65,69,-1,
-42,-35,20,-82,-64,90,72,-65,88,-67,-26,-27,46,-85,-69,-80,12,35,-67,78,-1,
82,75,-83,-24,-56,74,-60,60,77,13,36,-51,57,-14,28,73,-86,58,-18,-39,-1,
22,50,-6,-68,17,35,64,-98,85,58,-48,94,74,-37,91,-32,-26,-50,65,74,-1,
-41,-27,23,-79,-61,92,73,-65,98,-59,-20,-22,53,-85,-61,-72,16,40,-69,90,-1,
53,-96,96,89,76,-94,-58,-100,44,33,-85,8,-57,-1,65,-80,-70,89,-27,39,1,
23,50,0,-76,20,46,61,-89,84,63,-44,96,70,-34,94,-36,-28,-53,65,74,-1,
-38,-28,19,-80,-60,91,74,-64,94,-68,-23,-20,51,-85,-65,-73,15,36,-67,89,-1,
-45,-34,20,-78,-64,91,71,-63,91,-64,-30,-24,44,-81,-66,-82,20,33,-66,81,-1,
83,77,-83,-26,-53,72,-53,58,75,7,40,-50,54,-14,28,67,-90,58,-21,-34,-1,
-59,-32,24,-62,-33,19,-59,-45,-62,-39,20,-12,-65,-40,92,-93,-14,54,-96,95,-1,
-66,-32,22,-67,-32,19,-60,-40,-66,-37,22,-15,-67,-38,94,-90,-11,48,-88,91,-1,
-40,-31,21,-79,-64,93,69,-67,95,-64,-25,-23,49,-80,-66,-74,15,34,-63,84,-1,
-36,-35,22,-81,-61,92,73,-66,96,-63,-27,-26,49,-80,-70,-76,19,32,-64,85,-1,
82,73,-83,-21,-58,67,-56,55,79,5,38,-51,55,-20,25,70,-92,59,-24,-38,-1,
57,-98,92,98,77,-91,-62,-99,46,31,-83,13,-64,0,66,-82,-71,87,-32,47,1,
-42,-35,21,-82,-60,90,72,-64,95,-62,-21,-28,53,-79,-68,-79,12,41,-65,89,-1,
-64,-24,22,-64,-33,30,-60,-35,-66,-39,24,-16,-64,-40,95,-87,-13,53,-88,90,-1,
79,75,-79,-25,-55,70,-56,56,82,14,34,-48,58,-13,23,75,-85,59,-20,-36,-1,
58,-98,95,92,82,-92,-58,-101,47,34,-81,11,-64,-2,66,-76,-71,88,-28,47,1,
62,-96,96,96,84,-90,-61,-94,49,30,-78,10,-56,0,67,-77,-72,90,-27,43,1,
24,57,-1,-67,20,42,67,-93,90,64,-42,95,79,-35,98,-33,-24,-50,67,75,-1,
-38,-31,15,-80,-62,88,72,-69,95,-63,-27,-22,46,-83,-67,-75,12,36,-69,88,-1,
75,80,-86,-21,-56,71,-57,56,80,13,31,-51,62,-15,24,78,-85,56,-17,-36,-1,
-44,-29,15,-76,-67,90,71,-69,91,-60,-31,-25,50,-83,-70,-79,14,36,-72,86,-1,
-37,-31,24,-77,-57,90,72,-64,93,-63,-19,-24,49,-74,-67,-71,20,37,-61,89,-1,
21,55,-6,-71,17,41,61,-93,85,65,-43,93,76,-31,90,-39,-26,-47,68,77,-1,
77,83,-86,-17,-54,70,-50,54,76,14,36,-50,55,-16,30,74,-88,55,-16,-34,-1,
55,-96,96,96,78,-90,-60,-100,46,32,-80,10,-63,0,65,-80,-68,87,-26,45,1,
85,78,-83,-21,-54,72,-52,56,77,11,39,-48,55,-16,29,73,-91,59,-21,-34,-1,
81,79,-85,-25,-58,72,-54,54,79,13,39,-48,57,-21,27,76,-90,59,-13,-33,-1,
51,-101,92,94,75,-97,-60,-102,46,34,-84,5,-58,-5,66,-83,-71,87,-29,41,1,
82,74,-81,-29,-56,72,-58,54,78,10,34,-50,58,-18,23,70,-88,55,-14,-41,-1,
83,74,-85,-17,-58,72,-52,58,81,13,34,-45,57,-15,24,79,-91,60,-18,-36,-1,
54,-95,93,94,78,-93,-57,-96,42,38,-82,10,-58,-2,66,-78,-66,88,-26,43,1,
80,81,-77,-19,-56,77,-49,55,85,12,39,-46,65,-16,31,74,-84,63,-12,-33,-1,
78,82,-91,-24,-58,69,-59,54,75,7,35,-48,52,-13,28,71,-92,57,-19,-36,-1,
-41,-31,18,-82,-63,91,69,-65,90,-64,-22,-27,53,-83,-67,-76,11,39,-68,88,-1,
23,55,0,-71,26,39,65,-97,89,67,-49,100,80,-38,95,-39,-21,-50,68,77,-1,
-62,-28,19,-63,-28,22,-53,-43,-63,-42,21,-9,-62,-42,90,-89,-9,51,-90,96,-1,
55,-92,93,97,81,-94,-58,-97,50,36,-78,7,-53,-3,67,-75,-71,85,-22,43,1,
78,72,-91,-24,-68,70,-59,53,77,5,36,-57,51,-15,21,70,-95,55,-22,-36,-1,
80,79,-81,-25,-54,71,-53,51,79,14,34,-54,63,-18,31,73,-84,51,-10,-37,-1,
56,-102,97,97,79,-92,-61,-95,47,38,-83,15,-58,0,67,-78,-67,84,-28,45,1,
-62,-29,24,-64,-31,22,-55,-38,-60,-38,25,-14,-65,-38,97,-88,-6,45,-82,90,-1,
-63,-30,20,-64,-30,26,-58,-36,-65,-33,25,-10,-65,-41,93,-86,-12,48,-90,92,-1,
-58,-29,31,-61,-24,24,-53,-34,-61,-29,22,-4,-62,-37,105,-91,-7,51,-83,95,-1,
52,-92,84,93,79,-95,-67,-96,45,29,-84,6,-56,-2,60,-78,-70,82,-27,41,1,
21,49,-5,-78,22,43,64,-97,86,62,-45,97,70,-29,95,-36,-29,-58,66,80,-1,
-40,-33,24,-77,-60,95,77,-67,95,-62,-24,-23,51,-78,-66,-78,17,35,-62,88,-1,
22,54,-2,-73,22,44,61,-92,88,65,-40,95,75,-30,90,-28,-27,-50,65,79,-1,
-46,-32,19,-79,-64,89,72,-70,94,-66,-26,-24,45,-82,-67,-80,14,36,-70,83,-1,
57,-97,92,94,80,-93,-64,-101,42,31,-87,8,-62,-1,64,-79,-78,85,-26,43,1,
25,53,-6,-71,15,41,65,-97,82,67,-47,94,73,-35,93,-37,-26,-52,67,78,-1,
80,77,-82,-23,-60,74,-56,53,76,10,33,-52,57,-15,26,71,-89,56,-13,-37,-1,
80,79,-83,-19,-57,70,-59,58,76,15,35,-52,56,-17,28,76,-87,56,-24,-37,-1,
75,79,-88,-27,-60,70,-54,54,83,3,41,-54,49,-10,18,75,-93,55,-19,-40,-1,
-39,-38,21,-78,-63,94,72,-64,92,-65,-25,-22,52,-80,-64,-75,14,36,-63,85,-1,
-64,-24,25,-63,-28,29,-59,-39,-62,-35,30,-8,-60,-40,96,-83,-13,50,-88,95,-1,
-42,-34,21,-82,-61,89,73,-70,96,-65,-24,-26,50,-77,-66,-78,14,35,-66,86,-1,
77,81,-83,-27,-54,69,-55,53,81,9,36,-50,53,-11,25,74,-82,55,-20,-39,-1,
-44,-33,14,-81,-65,89,67,-64,90,-64,-30,-23,50,-85,-70,-76,13,35,-69,86,-1,
29,46,-2,-72,17,39,65,-98,85,62,-47,97,70,-34,92,-35,-25,-52,70,73,-1,
29,52,1,-71,18,43,65,-88,78,70,-46,93,74,-34,94,-30,-28,-48,67,77,-1,
20,51,-2,-74,19,41,63,-94,87,65,-46,96,75,-33,93,-29,-31,-48,62,79,-1,
-67,-27,22,-63,-28,25,-58,-38,-65,-41,20,-12,-63,-41,90,-88,-9,49,-88,88,-1,
-65,-27,23,-70,-35,26,-65,-37,-65,-42,24,-13,-67,-42,91,-90,-13,45,-87,86,-1,
-46,-30,18,-82,-66,91,70,-71,93,-65,-25,-28,46,-84,-69,-74,10,33,-69,78,-1,
-37,-32,23,-77,-60,92,76,-66,93,-61,-23,-25,48,-84,-65,-75,16,36,-65,85,-1,
-36,-27,19,-82,-66,90,69,-67,92,-69,-19,-25,42,-86,-64,-74,12,35,-69,83,-1,
-43,-31,20,-76,-66,88,69,-72,92,-68,-19,-24,46,-79,-62,-74,6,34,-66,88,-1,
71,74,-83,-27,-56,69,-62,51,82,8,31,-54,55,-14,24,70,-89,59,-16,-46,-1,
81,78,-82,-26,-54,73,-54,51,80,9,34,-48,52,-10,22,76,-87,56,-18,-41,-1,
-62,-29,20,-65,-34,27,-62,-41,-65,-39,25,-13,-64,-37,92,-89,-19,52,-93,88,-1,
82,80,-81,-27,-49,72,-54,55,85,10,37,-51,60,-11,22,73,-84,60,-16,-38,-1,
75,74,-84,-27,-57,73,-57,55,77,10,33,-54,54,-16,23,69,-91,55,-15,-40,-1,
73,73,-90,-25,-61,66,-56,46,75,3,32,-53,51,-21,23,69,-93,55,-16,-40,-1,
-64,-26,26,-70,-36,23,-60,-35,-64,-36,22,-13,-69,-40,91,-90,-13,54,-87,95,-1,
22,51,0,-75,16,38,66,-95,83,67,-45,96,70,-32,89,-32,-27,-47,69,71,-1,
-58,-27,22,-67,-27,28,-58,-35,-67,-43,32,-14,-58,-39,91,-85,-9,51,-89,94,-1,
23,50,0,-72,22,39,64,-88,82,63,-40,95,76,-35,95,-29,-29,-45,65,77,-1,
-65,-29,23,-68,-30,25,-65,-39,-63,-44,26,-15,-68,-40,88,-90,-13,45,-91,93,-1,
-64,-30,27,-68,-31,20,-60,-36,-71,-37,24,-13,-63,-43,96,-91,-11,52,-91,89,-1,
75,80,-85,-22,-57,69,-57,54,79,8,37,-55,60,-16,29,75,-88,54,-21,-38,-1,
60,-92,94,96,82,-88,-61,-93,46,36,-82,14,-60,6,68,-74,-66,88,-24,48,1,
78,74,-87,-24,-60,72,-58,53,81,9,35,-56,56,-17,24,71,-87,56,-18,-39,-1,
25,53,-3,-74,23,40,68,-92,80,66,-45,92,72,-31,90,-33,-23,-51,67,82,-1,
79,81,-83,-22,-53,73,-56,55,81,12,37,-49,60,-16,31,71,-88,61,-13,-38,-1,
-59,-30,25,-67,-29,21,-57,-39,-65,-40,25,-16,-62,-39,88,-88,-12,54,-91,91,-1,
-66,-33,22,-67,-27,20,-59,-39,-64,-35,25,-13,-65,-40,91,-91,-13,48,-89,89,-1,
79,77,-79,-27,-56,72,-59,57,77,9,36,-47,54,-12,23,74,-86,58,-18,-40,-1,
-41,-34,18,-80,-61,90,72,-73,95,-62,-27,-28,50,-85,-63,-82,12,36,-69,84,-1,
61,-95,97,93,85,-91,-58,-95,46,29,-81,11,-59,3,70,-79,-72,91,-28,45,1,
56,-93,96,97,85,-87,-62,-93,43,38,-78,12,-57,0,69,-72,-68,85,-22,46,1,
78,79,-85,-27,-53,75,-53,50,77,6,42,-57,60,-17,22,74,-88,57,-14,-40,-1,
-63,-27,20,-60,-34,31,-57,-38,-65,-37,25,-8,-60,-42,94,-85,-15,53,-93,92,-1,
54,-103,91,91,72,-96,-61,-101,37,32,-84,8,-61,-4,66,-82,-71,88,-27,38,1,
55,-103,90,94,77,-94,-64,-98,40,33,-85,3,-58,0,60,-80,-75,85,-31,40,1,
21,47,-7,-74,12,38,58,-96,79,66,-52,95,71,-41,89,-31,-32,-48,66,72,-1,
84,79,-79,-24,-58,82,-55,59,86,15,40,-47,62,-13,26,81,-87,65,-15,-36,-1,
81,75,-81,-19,-57,72,-54,57,81,14,36,-49,57,-16,27,78,-89,60,-18,-35,-1,
-36,-34,28,-82,-59,92,73,-65,100,-56,-22,-22,52,-80,-60,-72,17,41,-64,91,-1,
26,49,0,-75,21,37,68,-95,84,66,-41,92,68,-31,92,-37,-26,-49,66,68,-1,
-36,-29,15,-79,-60,90,73,-63,96,-67,-22,-19,46,-87,-61,-73,14,35,-65,86,-1,
-38,-34,22,-82,-64,95,68,-69,96,-68,-22,-25,50,-83,-64,-74,12,34,-63,87,-1,
24,52,0,-72,21,46,66,-92,86,62,-43,97,73,-31,94,-30,-25,-53,67,83,-1,
23,54,-1,-68,18,43,68,-92,85,62,-42,97,77,-31,94,-29,-24,-45,71,78,-1,
23,56,-1,-74,23,42,62,-91,88,66,-39,93,76,-34,92,-31,-27,-51,71,72,-1,
84,83,-83,-26,-51,70,-53,57,81,12,41,-46,53,-15,25,78,-88,59,-19,-35,-1,
54,-96,94,88,79,-92,-63,-95,43,32,-82,9,-64,-4,68,-84,-66,80,-26,45,1,
78,79,-80,-24,-51,70,-52,54,82,9,39,-49,53,-11,26,72,-86,60,-21,-38,-1,
-42,-33,19,-81,-61,93,71,-59,92,-61,-19,-25,54,-81,-70,-69,14,39,-68,91,-1,
25,51,-3,-75,18,41,63,-91,81,63,-41,91,70,-36,91,-33,-26,-52,71,72,-1,
-61,-27,22,-56,-33,26,-53,-39,-56,-34,23,-6,-62,-32,96,-86,-9,57,-86,97,-1,
24,58,-3,-70,20,44,62,-88,85,73,-39,93,78,-31,94,-35,-23,-46,72,77,-1,
20,55,-13,-74,15,37,59,-101,88,60,-49,93,73,-37,87,-33,-29,-52,66,69,-1,
-42,-37,17,-80,-63,88,68,-64,88,-66,-23,-26,51,-78,-68,-70,11,36,-68,89,-1,
57,-95,99,95,75,-88,-56,-97,43,37,-79,12,-56,-3,71,-80,-66,93,-24,43,1,
25,47,-2,-76,21,37,64,-91,80,62,-44,94,67,-33,91,-33,-31,-47,65,73,-1,
-61,-29,26,-64,-34,23,-61,-37,-65,-37,21,-12,-67,-39,95,-92,-11,50,-92,91,-1,
30,53,0,-72,21,42,65,-91,86,71,-40,94,76,-29,89,-30,-25,-44,69,73,-1,
55,-96,92,91,77,-92,-63,-98,38,34,-85,9,-64,0,64,-78,-71,82,-24,44,1,
54,-93,93,96,79,-92,-61,-94,47,34,-79,7,-52,-2,72,-80,-69,89,-25,45,1,
23,52,-3,-75,19,44,62,-94,87,67,-43,97,71,-33,93,-33,-25,-52,69,74,-1,
21,53,-8,-75,12,46,56,-91,84,69,-50,95,70,-39,91,-35,-26,-49,65,70,-1,
58,-103,94,93,80,-91,-63,-97,44,32,-82,8,-61,-1,65,-80,-72,87,-27,45,1,
24,49,-2,-70,23,36,69,-96,89,60,-46,97,73,-35,95,-33,-25,-46,65,77,-1,
-59,-26,16,-62,-34,28,-56,-44,-61,-45,30,-14,-59,-39,92,-93,-14,51,-91,89,-1,
-38,-36,20,-82,-63,89,70,-59,92,-66,-25,-19,50,-81,-67,-73,16,34,-63,92,-1,
54,-98,91,94,74,-88,-65,-95,42,34,-80,7,-59,-3,70,-82,-69,87,-26,43,1,
-67,-30,24,-66,-32,26,-62,-41,-62,-38,27,-10,-67,-41,90,-87,-19,51,-94,97,-1,
59,-100,93,99,79,-87,-62,-97,42,28,-74,7,-60,0,67,-81,-67,86,-28,44,1,
25,51,0,-69,19,41,65,-94,90,64,-41,96,76,-33,89,-38,-17,-42,69,76,-1,
78,80,-84,-29,-53,72,-58,53,79,10,36,-53,58,-15,22,75,-84,56,-15,-41,-1,
56,-95,92,94,78,-95,-58,-96,46,34,-84,14,-62,-3,62,-77,-71,89,-23,41,1,
-59,-29,25,-60,-31,29,-56,-32,-60,-32,23,-10,-65,-35,99,-90,-11,54,-88,94,-1,
19,50,-2,-77,18,42,60,-93,92,62,-38,96,72,-31,90,-35,-24,-49,66,73,-1,
-66,-27,20,-67,-33,26,-60,-41,-69,-40,20,-12,-66,-40,89,-90,-13,47,-92,90,-1,
-62,-32,26,-63,-32,24,-57,-39,-65,-40,24,-12,-60,-39,95,-85,-9,52,-89,96,-1,
79,76,-83,-25,-57,66,-54,51,76,7,37,-49,56,-23,32,64,-87,52,-13,-39,-1,
57,-104,89,91,72,-89,-65,-97,41,35,-81,3,-63,-3,58,-79,-77,87,-28,42,1,
72,76,-90,-20,-63,64,-56,48,79,6,29,-54,56,-19,22,70,-93,54,-22,-40,-1,
-62,-28,23,-63,-29,24,-59,-37,-65,-38,32,-13,-63,-38,97,-90,-10,48,-88,91,-1,
53,-101,95,90,78,-94,-60,-99,42,39,-85,5,-57,-5,66,-80,-76,89,-29,41,1,
29,53,-2,-68,20,42,67,-87,78,67,-45,90,73,-37,93,-24,-29,-46,64,80,-1,
-60,-31,21,-64,-33,24,-61,-38,-64,-43,27,-15,-69,-38,91,-95,-15,50,-94,95,-1,
-40,-39,18,-83,-66,82,70,-68,91,-68,-27,-27,41,-81,-71,-76,11,33,-67,86,-1,
-38,-32,16,-78,-64,92,73,-66,95,-63,-26,-21,49,-81,-68,-74,12,36,-66,89,-1,
-44,-31,22,-81,-64,93,76,-72,95,-57,-29,-26,48,-85,-67,-78,9,39,-69,83,-1,
-43,-36,17,-80,-69,90,65,-69,88,-67,-27,-31,47,-83,-69,-73,8,35,-70,82,-1,
80,76,-88,-19,-60,67,-54,53,76,9,30,-49,56,-20,28,72,-93,52,-17,-39,-1,
-42,-37,21,-83,-65,90,69,-67,88,-67,-22,-26,45,-80,-69,-74,9,34,-67,85,-1,
48,-94,89,92,82,-93,-64,-93,39,35,-82,7,-59,-3,64,-77,-71,85,-27,42,1,
-41,-36,26,-86,-62,91,74,-67,88,-62,-24,-25,52,-87,-66,-78,16,33,-70,86,-1,
21,54,-9,-77,17,41,58,-96,84,65,-49,90,75,-36,91,-42,-21,-56,64,75,-1,
81,75,-82,-21,-58,68,-54,54,75,8,32,-45,55,-19,30,65,-88,56,-18,-39,-1,
77,81,-86,-26,-54,71,-55,52,84,13,40,-47,56,-16,24,80,-90,59,-14,-38,-1,
80,75,-83,-22,-57,74,-55,53,81,14,34,-48,59,-15,25,73,-87,58,-10,-37,-1,
78,81,-87,-23,-55,65,-52,51,85,7,36,-51,56,-16,27,73,-90,57,-17,-34,-1,
-33,-29,23,-76,-57,96,76,-64,97,-60,-22,-21,49,-79,-62,-71,18,38,-65,87,-1,
54,-95,96,91,81,-92,-60,-92,42,33,-81,8,-65,3,63,-79,-67,81,-22,44,1,
-65,-25,20,-65,-37,23,-58,-37,-67,-39,22,-13,-61,-47,96,-93,-9,49,-90,87,-1,
-66,-29,25,-67,-32,24,-60,-38,-62,-38,24,-7,-67,-37,89,-88,-18,54,-88,89,-1,
55,-95,94,96,80,-89,-63,-91,44,30,-77,11,-62,6,65,-80,-61,84,-26,47,1,
78,77,-82,-22,-57,72,-57,53,77,10,34,-52,58,-14,23,72,-88,53,-19,-43,-1,
80,79,-83,-24,-56,71,-53,52,84,5,34,-48,55,-11,23,76,-87,58,-20,-41,-1,
86,70,-77,-21,-54,73,-52,56,76,12,33,-50,58,-14,29,75,-91,55,-11,-40,-1,
-40,-30,17,-78,-62,96,71,-64,95,-64,-24,-22,48,-82,-65,-75,14,36,-66,87,-1,
-40,-31,21,-84,-57,85,72,-70,94,-64,-15,-30,52,-77,-67,-73,15,35,-65,92,-1,
63,-96,97,99,78,-87,-59,-94,53,34,-73,13,-53,-2,72,-75,-71,96,-30,53,1,
57,-97,91,92,80,-90,-63,-96,46,31,-79,8,-61,-3,67,-79,-72,89,-29,43,1,
28,55,0,-72,20,46,69,-92,90,66,-43,98,76,-32,95,-31,-19,-49,69,79,-1,
-42,-35,17,-83,-64,86,69,-70,92,-70,-26,-28,47,-85,-71,-78,13,34,-68,84,-1,
22,55,-7,-68,19,41,66,-93,90,60,-47,96,73,-38,97,-29,-26,-49,64,75,-1,
76,79,-81,-24,-56,78,-56,54,77,11,42,-54,58,-16,29,72,-90,61,-19,-38,-1,
-63,-23,27,-63,-31,23,-54,-38,-64,-39,26,-13,-63,-40,97,-95,-8,50,-88,91,-1,
-60,-26,24,-61,-28,25,-51,-38,-60,-36,28,-8,-58,-44,100,-87,-8,53,-87,100,-1,
55,-105,88,89,78,-96,-64,-96,43,32,-83,5,-62,-2,59,-78,-73,84,-30,42,1,
78,80,-85,-26,-59,72,-55,52,78,10,34,-48,55,-12,24,74,-88,56,-17,-34,-1,
-39,-37,21,-78,-66,95,70,-64,89,-66,-24,-25,52,-80,-65,-72,9,35,-63,81,-1,
23,54,-4,-76,15,41,63,-98,85,69,-46,98,73,-32,95,-40,-25,-54,70,72,-1,
75,81,-85,-24,-58,67,-56,54,79,8,34,-47,58,-16,25,71,-90,57,-17,-36,-1,
25,50,-4,-72,19,43,67,-96,88,64,-46,92,74,-34,95,-37,-26,-51,65,75,-1,
59,-101,95,94,80,-91,-59,-97,42,36,-83,9,-58,-3,68,-82,-70,86,-26,41,1,
55,-98,98,96,80,-89,-60,-96,45,37,-76,10,-56,-2,72,-78,-68,92,-26,45,1,
-44,-30,21,-78,-61,96,73,-62,94,-64,-21,-27,58,-80,-68,-72,14,38,-66,86,-1,
26,55,7,-72,24,46,69,-89,93,69,-38,101,80,-26,92,-28,-20,-41,71,79,-1,
26,50,-3,-76,20,40,60,-94,83,65,-41,93,73,-36,93,-41,-24,-55,68,69,-1,
24,56,-4,-74,19,39,68,-96,82,67,-52,93,70,-34,89,-32,-22,-52,61,78,-1,
15,58,-5,-76,19,43,58,-88,86,64,-48,97,72,-34,92,-38,-25,-46,64,72,-1,
-41,-32,17,-78,-62,91,70,-65,91,-59,-24,-25,50,-81,-69,-73,13,38,-65,84,-1,
79,77,-82,-23,-55,68,-56,58,83,11,33,-50,59,-16,28,74,-88,58,-20,-37,-1,
-39,-26,20,-73,-62,94,74,-64,101,-61,-18,-25,56,-84,-56,-72,15,41,-66,91,-1,
-62,-28,22,-60,-31,22,-54,-45,-61,-38,27,-13,-63,-43,96,-94,-13,50,-92,88,-1,
23,50,-1,-73,21,41,64,-96,88,59,-42,97,70,-32,88,-36,-28,-48,69,75,-1,
58,-96,93,100,82,-93,-60,-94,50,35,-80,9,-51,0,68,-79,-65,86,-29,49,1,
76,79,-84,-28,-59,70,-60,58,78,11,41,-50,56,-18,28,76,-92,57,-17,-38,-1,
53,-99,95,92,81,-95,-59,-98,46,35,-85,11,-62,-1,63,-79,-73,89,-30,41,1,
75,72,-87,-27,-61,67,-58,51,72,6,27,-48,53,-22,22,67,-94,54,-18,-41,-1,
54,-98,93,93,77,-91,-63,-93,39,35,-81,4,-54,-2,64,-79,-72,85,-28,46,1,
79,69,-86,-30,-59,71,-57,47,76,7,33,-56,50,-18,18,69,-92,53,-19,-40,-1,
78,76,-79,-22,-49,71,-54,59,77,14,34,-46,58,-16,30,70,-83,57,-14,-40,-1,
-62,-27,24,-60,-32,27,-56,-34,-58,-39,33,-13,-63,-36,92,-93,-6,50,-87,94,-1,
83,77,-77,-19,-56,76,-53,49,82,10,35,-49,61,-17,30,72,-85,63,-15,-36,-1,
-57,-24,28,-64,-23,32,-53,-36,-61,-43,33,-10,-63,-35,93,-87,-10,49,-83,90,-1,
79,83,-85,-17,-54,70,-55,57,80,16,35,-46,57,-13,26,77,-89,59,-20,-35,-1,
58,-100,96,95,81,-92,-57,-91,47,37,-79,12,-62,3,66,-80,-66,93,-23,41,1,
-61,-30,23,-63,-25,25,-52,-39,-58,-38,28,-12,-64,-43,94,-88,-12,49,-86,94,-1,
-60,-28,28,-61,-29,29,-51,-36,-57,-36,30,-9,-63,-34,95,-95,-8,50,-85,92,-1,
-39,-36,27,-84,-59,95,76,-67,96,-67,-19,-27,53,-88,-66,-74,14,36,-63,84,-1,
21,46,-4,-77,18,40,60,-93,83,63,-47,94,70,-34,93,-40,-28,-51,63,72,-1,
-64,-28,23,-68,-30,24,-57,-40,-63,-43,24,-14,-64,-45,93,-90,-15,50,-87,93,-1,
-40,-36,23,-87,-64,88,68,-64,87,-70,-23,-27,51,-82,-68,-76,15,34,-69,88,-1,
-62,-24,26,-60,-33,31,-57,-34,-55,-35,27,-11,-62,-39,98,-93,-12,53,-86,95,-1,
-64,-23,22,-63,-28,30,-58,-36,-60,-39,21,-10,-58,-41,93,-84,-13,49,-86,96,-1,
78,76,-85,-26,-55,72,-56,56,76,12,30,-49,55,-15,22,71,-86,57,-18,-38,-1,
-63,-29,20,-66,-32,25,-62,-40,-64,-40,23,-9,-67,-42,91,-88,-10,47,-89,91,-1,
-62,-33,22,-68,-27,25,-60,-34,-67,-37,25,-18,-66,-35,94,-93,-9,50,-89,96,-1,
77,82,-87,-25,-57,73,-57,54,85,8,38,-54,61,-17,24,77,-86,61,-19,-39,-1,
24,51,-6,-70,21,44,65,-88,87,68,-38,95,73,-34,99,-31,-29,-45,74,76,-1,
78,78,-88,-19,-57,70,-56,56,76,9,33,-53,54,-17,28,68,-88,53,-18,-39,-1,
-46,-32,19,-81,-68,92,66,-71,91,-65,-27,-31,47,-87,-72,-79,15,36,-72,82,-1,
78,76,-85,-27,-56,72,-59,53,77,11,34,-51,54,-20,24,69,-91,57,-16,-41,-1,
-34,-32,18,-78,-67,96,68,-61,89,-64,-26,-21,46,-80,-68,-68,15,33,-66,86,-1,
-43,-37,23,-87,-61,87,72,-73,92,-66,-26,-29,47,-85,-67,-80,12,33,-67,81,-1,
-38,-35,17,-84,-69,92,67,-65,92,-67,-27,-25,45,-84,-65,-73,6,36,-70,86,-1,
23,48,-3,-71,18,38,67,-96,86,65,-46,92,70,-34,89,-36,-25,-47,64,79,-1,
-41,-37,22,-85,-61,89,75,-66,92,-68,-27,-23,48,-84,-67,-77,16,32,-67,83,-1,
58,-97,90,99,74,-89,-62,-93,48,32,-79,12,-61,0,68,-80,-72,93,-28,46,1,
62,-96,99,97,80,-91,-57,-94,45,33,-82,16,-56,3,67,-75,-67,93,-23,47,1,
-65,-30,26,-63,-33,22,-58,-40,-63,-39,16,-12,-64,-42,91,-96,-14,49,-93,93,-1,
25,49,0,-72,26,43,66,-87,89,62,-39,98,71,-33,93,-28,-24,-44,68,77,-1,
78,80,-83,-23,-55,76,-57,55,79,10,38,-49,60,-20,30,73,-89,63,-18,-39,-1,
-63,-26,21,-62,-30,25,-55,-41,-61,-40,26,-20,-62,-37,87,-89,-15,52,-91,88,-1,
81,77,-83,-16,-58,76,-57,58,81,18,35,-49,61,-17,29,78,-88,64,-14,-33,-1,
-37,-29,21,-77,-68,93,68,-62,93,-67,-21,-24,50,-81,-65,-70,15,38,-68,89,-1,
58,-99,97,89,81,-90,-63,-98,43,31,-80,9,-61,-1,64,-76,-72,85,-30,49,1,
21,51,-4,-74,17,40,64,-94,84,66,-46,94,78,-36,94,-36,-23,-48,63,78,-1,
-61,-26,20,-58,-24,28,-51,-37,-61,-38,25,-12,-58,-38,88,-86,-5,50,-90,91,-1,
21,51,-3,-78,21,42,60,-92,85,62,-47,94,71,-34,90,-39,-26,-52,62,71,-1,
21,51,-4,-72,19,41,62,-92,88,60,-41,97,75,-34,96,-34,-28,-47,69,75,-1,
-64,-29,20,-64,-33,26,-56,-37,-67,-39,27,-13,-61,-41,95,-90,-8,50,-90,94,-1,
81,74,-83,-26,-56,73,-56,54,79,9,32,-46,57,-19,28,71,-88,60,-15,-42,-1,
-40,-31,24,-80,-63,94,70,-66,94,-67,-19,-30,51,-83,-61,-77,15,36,-66,86,-1,
81,71,-81,-22,-56,68,-55,55,80,13,29,-49,58,-20,26,72,-90,55,-14,-41,-1,
29,51,2,-68,23,46,66,-88,91,68,-37,100,76,-29,98,-29,-25,-43,72,79,-1,
23,55,0,-74,21,40,65,-89,82,72,-45,90,78,-36,90,-32,-22,-46,63,74,-1,
-39,-34,23,-81,-62,91,72,-69,92,-61,-27,-24,48,-83,-64,-77,14,37,-70,86,-1,
-62,-31,22,-61,-31,25,-59,-40,-65,-39,21,-12,-63,-40,92,-96,-13,50,-95,88,-1,
25,50,-5,-72,20,40,68,-95,85,59,-43,95,74,-32,94,-30,-25,-51,69,79,-1,
27,57,-1,-72,26,45,67,-87,86,68,-39,97,75,-31,97,-30,-20,-49,73,78,-1,
79,77,-80,-23,-56,75,-53,53,80,12,34,-49,61,-18,27,75,-87,58,-9,-39,-1,
56,-95,95,93,79,-91,-58,-95,45,36,-79,6,-56,0,67,-78,-70,88,-28,46,1,
53,-100,92,90,73,-95,-63,-101,42,32,-84,6,-61,-3,64,-80,-73,83,-29,46,1,
-42,-31,25,-78,-61,98,70,-65,94,-65,-20,-23,55,-74,-64,-72,16,37,-59,83,-1,
-39,-33,17,-81,-68,88,67,-68,91,-68,-24,-27,50,-83,-67,-79,10,34,-65,86,-1,
-54,-31,26,-63,-27,23,-57,-34,-63,-37,26,-13,-60,-40,96,-89,-10,54,-91,97,-1,
26,52,0,-70,21,45,63,-93,90,68,-46,100,75,-34,94,-35,-25,-47,64,79,-1,
22,57,-3,-69,17,40,64,-94,85,63,-44,93,80,-35,95,-34,-24,-50,65,74,-1,
-70,-32,17,-66,-34,16,-61,-50,-66,-46,21,-13,-70,-40,88,-92,-12,42,-90,88,-1,
-63,-28,23,-64,-29,20,-52,-40,-65,-38,27,-16,-62,-41,91,-89,-9,53,-89,91,-1,
79,74,-80,-27,-59,73,-57,53,77,12,37,-52,59,-20,26,72,-89,54,-13,-39,-1,
53,-102,90,94,76,-96,-61,-104,40,27,-83,6,-62,-6,68,-86,-71,85,-32,40,1,
22,50,-5,-73,20,38,62,-95,89,60,-42,93,72,-33,91,-32,-27,-49,67,72,-1,
-63,-28,23,-65,-27,25,-52,-39,-62,-36,27,-9,-65,-41,98,-90,-10,49,-82,90,-1,
-67,-26,24,-63,-30,25,-60,-38,-65,-42,25,-11,-63,-40,91,-85,-9,49,-89,92,-1,
-39,-31,19,-78,-62,96,69,-63,91,-61,-26,-25,53,-83,-68,-77,13,37,-64,83,-1,
-39,-35,20,-77,-65,95,74,-64,90,-62,-22,-30,51,-80,-72,-73,12,34,-66,85,-1,
-31,-30,32,-84,-61,92,75,-62,86,-56,-24,-23,50,-82,-64,-74,19,32,-62,85,-1,
57,-94,90,98,82,-91,-55,-97,44,35,-79,6,-58,2,66,-76,-65,92,-28,49,1,
-60,-21,15,-66,-24,26,-57,-35,-67,-38,28,-16,-57,-41,92,-91,-12,52,-89,90,-1,
59,-100,90,99,81,-92,-59,-95,46,39,-79,9,-56,-3,71,-77,-71,89,-29,47,1,
25,49,1,-75,21,38,70,-93,82,65,-39,94,76,-28,92,-33,-26,-49,68,79,-1,
-47,-31,22,-84,-63,89,66,-68,91,-67,-19,-30,51,-86,-63,-83,15,37,-68,84,-1,
-63,-26,27,-61,-28,30,-57,-34,-60,-34,27,-12,-65,-35,92,-81,-9,53,-88,95,-1,
-39,-31,20,-81,-66,90,66,-64,96,-67,-20,-25,47,-81,-64,-70,10,40,-67,88,-1,
-40,-32,20,-77,-63,94,73,-68,97,-63,-21,-25,49,-81,-62,-73,8,37,-67,86,-1,
-41,-33,21,-83,-61,90,72,-63,93,-62,-24,-22,47,-79,-62,-76,12,38,-67,86,-1,
77,72,-84,-26,-55,74,-57,53,79,10,39,-55,51,-15,21,74,-87,56,-17,-42,-1,
26,50,0,-75,23,40,66,-94,89,68,-42,99,72,-30,97,-38,-26,-50,70,72,-1,
-49,-28,17,-82,-66,90,68,-70,93,-66,-24,-31,52,-85,-71,-78,10,35,-69,86,-1,
-60,-27,23,-58,-38,29,-56,-33,-62,-37,29,-14,-59,-38,93,-88,-10,58,-94,97,-1,
56,-98,92,91,78,-94,-57,-99,43,34,-83,5,-58,-4,61,-78,-75,89,-31,44,1,
51,-100,96,91,77,-97,-59,-102,44,33,-83,7,-60,-2,67,-80,-71,87,-28,44,1,
-60,-30,21,-64,-34,24,-59,-45,-61,-39,23,-7,-63,-41,93,-87,-17,53,-92,95,-1,
25,52,0,-73,19,39,63,-90,81,68,-44,97,70,-34,92,-31,-27,-47,71,72,-1,
82,82,-85,-23,-56,74,-55,58,77,12,40,-52,56,-9,26,78,-89,55,-15,-35,-1,
54,-97,94,89,81,-91,-62,-101,46,29,-77,4,-63,-5,67,-79,-75,86,-28,44,1,
28,52,-1,-68,20,45,68,-94,88,67,-41,94,78,-37,97,-35,-23,-50,72,82,-1,
76,76,-80,-23,-58,74,-59,52,75,10,35,-53,56,-14,29,69,-85,56,-16,-40,-1,
-40,-32,20,-81,-64,89,72,-66,96,-62,-29,-20,50,-82,-67,-75,17,39,-69,94,-1,
60,-96,94,102,75,-86,-59,-91,45,35,-78,14,-56,-1,70,-81,-65,91,-25,43,1,
25,55,-1,-72,24,41,64,-92,89,63,-40,96,81,-33,98,-37,-19,-52,67,78,-1,
19,54,-3,-74,17,35,64,-95,87,65,-44,94,75,-33,90,-33,-28,-44,65,73,-1,
-59,-30,22,-64,-26,25,-59,-32,-65,-38,30,-15,-64,-39,97,-88,-11,52,-89,94,-1,
60,-96,90,92,78,-88,-62,-96,41,32,-82,7,-61,-1,61,-79,-72,85,-31,46,1,
-45,-33,21,-80,-63,90,72,-69,93,-64,-20,-29,53,-83,-69,-76,10,37,-68,88,-1,
-38,-31,20,-79,-58,92,73,-65,90,-62,-24,-21,50,-82,-64,-71,11,36,-62,83,-1,
-63,-25,23,-67,-27,28,-59,-34,-63,-36,26,-10,-61,-41,92,-89,-11,53,-89,94,-1,
-64,-27,21,-64,-29,28,-58,-39,-59,-39,23,-13,-65,-41,90,-90,-12,46,-88,93,-1,
-39,-34,21,-85,-64,92,72,-67,95,-61,-28,-23,48,-87,-64,-82,14,36,-69,84,-1,
25,52,-2,-72,19,37,65,-92,80,65,-43,92,78,-37,92,-29,-23,-50,67,79,-1,
54,-102,96,93,72,-91,-64,-101,42,33,-81,12,-61,-5,68,-77,-71,86,-29,48,1,
27,56,-6,-69,24,40,69,-93,84,63,-42,93,76,-36,96,-23,-29,-47,69,76,-1,
56,-98,92,93,81,-93,-60,-96,44,32,-81,10,-65,0,65,-79,-69,86,-25,45,1,
55,-102,92,89,78,-95,-59,-95,41,31,-83,8,-63,-3,67,-84,-69,86,-31,43,1,
53,-96,93,94,80,-91,-63,-94,46,33,-78,8,-57,-5,71,-78,-74,88,-27,46,1,
-61,-35,24,-70,-31,26,-59,-41,-64,-42,24,-7,-64,-47,92,-88,-15,48,-88,92,-1,
-38,-35,24,-81,-58,97,75,-62,90,-61,-19,-25,56,-82,-66,-69,11,40,-64,88,-1,
-38,-31,23,-78,-62,92,72,-67,94,-67,-22,-23,53,-84,-60,-79,16,38,-65,88,-1,
25,48,-2,-72,20,38,68,-95,84,63,-43,96,73,-33,96,-37,-22,-51,69,79,-1,
27,50,-2,-70,18,33,73,-103,83,64,-46,93,78,-38,96,-33,-21,-54,66,77,-1,
-37,-31,20,-78,-64,90,72,-66,99,-65,-24,-23,45,-82,-64,-72,13,36,-66,87,-1,
77,78,-86,-22,-57,69,-58,57,79,11,33,-54,59,-17,28,71,-90,55,-19,-42,-1,
54,-96,97,88,79,-95,-57,-100,44,31,-86,10,-61,-3,68,-87,-64,86,-27,40,1,
53,-93,97,91,82,-94,-57,-94,46,34,-81,13,-59,-2,64,-77,-67,94,-25,41,1,
-62,-27,21,-66,-27,25,-59,-38,-68,-41,29,-17,-61,-38,93,-88,-15,50,-92,95,-1,
-42,-30,19,-82,-63,91,72,-70,95,-63,-24,-27,50,-89,-65,-78,7,38,-68,81,-1,
77,75,-89,-21,-56,69,-57,53,72,11,30,-50,54,-21,27,65,-86,55,-20,-38,-1,
-60,-31,23,-67,-32,27,-58,-38,-64,-36,28,-13,-65,-37,91,-91,-14,51,-90,95,-1,
56,-101,91,92,76,-93,-63,-97,44,26,-79,10,-65,-1,66,-83,-70,88,-31,42,1,
-60,-30,29,-66,-27,25,-59,-33,-64,-36,23,-6,-62,-44,97,-88,-7,49,-88,100,-1,
-67,-31,24,-69,-36,18,-62,-40,-66,-45,21,-12,-68,-45,85,-92,-10,44,-92,92,-1,
60,-94,91,96,78,-89,-63,-95,45,33,-83,12,-61,0,64,-76,-72,91,-27,47,1,
-57,-24,20,-59,-31,23,-57,-37,-57,-36,31,-15,-62,-36,95,-91,-11,53,-89,90,-1,
18,48,-7,-77,17,37,60,-94,81,61,-42,90,70,-38,91,-39,-31,-51,68,73,-1,
55,-89,101,97,84,-87,-55,-94,52,40,-74,10,-52,-1,72,-78,-64,94,-25,46,1,
20,47,-3,-73,17,36,63,-96,81,57,-46,88,75,-38,88,-38,-29,-51,65,76,-1,
26,51,0,-73,21,43,66,-96,90,69,-44,100,71,-30,90,-29,-26,-47,69,77,-1,
-41,-29,20,-78,-63,90,74,-64,100,-63,-21,-25,51,-78,-68,-71,16,39,-68,90,-1,
56,-97,89,95,79,-93,-61,-97,47,38,-83,8,-59,0,63,-76,-72,88,-29,46,1,
77,72,-85,-21,-58,74,-54,55,78,11,39,-60,58,-17,22,73,-90,55,-19,-38,-1,
82,86,-83,-14,-53,74,-48,53,82,12,33,-49,56,-6,30,75,-84,56,-17,-36,-1,
-60,-22,26,-63,-30,27,-60,-33,-54,-38,22,-7,-64,-36,96,-92,-9,55,-83,99,-1,
-43,-34,21,-77,-61,93,75,-71,99,-61,-29,-21,54,-77,-70,-77,17,36,-62,87,-1,
-58,-25,27,-60,-26,28,-57,-34,-59,-40,32,-12,-57,-38,96,-88,-8,54,-90,99,-1,
56,-96,91,94,80,-94,-59,-100,38,32,-83,7,-56,0,65,-77,-67,88,-28,42,1,
-46,-34,23,-83,-61,90,73,-65,90,-63,-25,-25,48,-82,-68,-77,14,37,-68,84,-1,
21,51,-4,-74,21,42,65,-92,87,63,-46,99,72,-34,97,-34,-22,-48,70,79,-1,
-59,-29,25,-62,-27,23,-54,-36,-59,-37,26,-6,-62,-41,95,-88,-8,52,-85,92,-1,
-65,-31,25,-67,-38,28,-61,-37,-63,-40,25,-14,-64,-40,92,-91,-14,51,-89,93,-1,
25,55,0,-71,22,42,65,-93,90,66,-40,99,78,-31,95,-33,-24,-44,68,75,-1,
-62,-26,24,-63,-33,24,-53,-39,-60,-36,25,-18,-62,-36,92,-87,-13,54,-87,88,-1,
-61,-27,27,-65,-32,32,-63,-36,-61,-41,27,-10,-63,-43,91,-88,-15,52,-95,99,-1,
60,-98,99,98,83,-87,-59,-95,45,32,-76,17,-61,0,66,-75,-68,91,-28,46,1,
-61,-24,22,-60,-33,27,-56,-34,-61,-33,27,-7,-55,-45,96,-87,-11,58,-90,92,-1,
78,80,-80,-22,-58,76,-57,55,73,14,33,-42,55,-13,27,72,-87,59,-16,-35,-1,
58,-96,94,97,77,-88,-61,-99,48,37,-78,9,-57,-1,65,-76,-70,94,-27,45,1,
-59,-33,25,-66,-30,23,-57,-41,-67,-41,24,-14,-66,-41,97,-89,-11,48,-89,92,-1,
58,-102,94,91,75,-92,-61,-98,42,36,-82,6,-58,-1,64,-78,-75,85,-28,41,1,
-57,-25,24,-63,-31,19,-57,-43,-54,-43,25,-10,-68,-36,90,-89,-9,53,-87,97,-1,
-61,-29,19,-70,-32,27,-55,-38,-67,-37,25,-14,-63,-43,90,-92,-9,47,-88,87,-1,
-66,-30,24,-62,-34,18,-56,-46,-61,-42,27,-17,-62,-40,90,-90,-12,50,-92,94,-1,
-46,-26,18,-86,-56,88,72,-69,98,-62,-21,-20,53,-84,-68,-76,16,38,-69,91,-1,
-63,-22,29,-57,-30,29,-59,-30,-56,-36,25,-10,-64,-32,97,-88,-9,56,-86,98,-1,
79,80,-83,-21,-57,73,-53,56,82,14,39,-49,58,-15,27,76,-88,56,-15,-39,-1,
23,54,-1,-77,25,40,66,-90,87,66,-39,94,75,-30,95,-34,-20,-49,68,74,-1,
55,-95,93,92,80,-94,-60,-100,44,35,-86,8,-59,-1,60,-76,-73,85,-29,46,1,
21,53,-3,-71,21,38,65,-92,88,62,-42,94,71,-35,91,-31,-24,-46,68,75,-1,
78,77,-87,-19,-61,75,-60,61,81,10,37,-53,60,-16,27,77,-89,61,-21,-36,-1,
21,56,0,-71,20,37,66,-93,80,67,-48,94,76,-36,95,-36,-29,-49,69,74,-1,
-56,-25,21,-59,-26,27,-53,-37,-58,-37,30,-10,-54,-37,96,-89,-10,56,-88,95,-1,
-62,-27,23,-62,-26,25,-55,-38,-62,-37,25,-11,-64,-35,92,-89,-10,48,-86,91,-1,
23,50,-2,-75,17,37,60,-92,79,68,-44,88,76,-38,87,-34,-25,-51,62,72,-1,
22,52,-8,-70,14,36,63,-98,86,65,-47,92,77,-36,96,-35,-25,-50,63,73,-1,
21,55,-4,-73,15,43,62,-90,83,68,-47,95,74,-30,95,-36,-26,-50,64,78,-1,
-37,-36,21,-81,-65,92,69,-64,90,-65,-28,-26,50,-85,-67,-76,14,40,-71,90,-1,
78,81,-85,-19,-52,73,-51,57,83,10,39,-51,58,-9,28,76,-84,54,-9,-41,-1,
58,-97,92,93,79,-91,-60,-95,43,36,-78,6,-56,0,64,-75,-69,87,-28,47,1,
55,-93,98,91,82,-90,-59,-98,50,33,-77,13,-61,-2,69,-72,-69,91,-25,47,1,
56,-101,94,93,74,-91,-63,-97,46,34,-77,9,-60,-1,69,-78,-70,88,-26,46,1,
21,48,-4,-78,16,38,62,-96,84,65,-50,97,67,-34,92,-37,-27,-49,64,70,-1,
27,53,-4,-68,19,40,67,-94,81,67,-42,84,82,-38,92,-36,-27,-50,65,78,-1,
53,-99,87,94,76,-97,-61,-101,41,35,-85,3,-59,-4,59,-78,-75,85,-26,39,1,
77,80,-86,-21,-58,75,-54,55,83,11,34,-52,55,-8,27,72,-88,52,-16,-42,-1,
-63,-27,27,-66,-35,28,-59,-36,-65,-34,22,-10,-66,-40,94,-91,-11,49,-90,88,-1,
-41,-32,19,-78,-65,92,71,-67,90,-61,-27,-24,52,-81,-67,-78,12,37,-67,89,-1,
81,78,-84,-19,-56,74,-53,58,78,11,39,-51,53,-11,25,75,-87,56,-20,-36,-1,
76,82,-85,-28,-55,68,-60,54,79,13,35,-49,57,-21,27,75,-91,58,-19,-40,-1,
76,76,-85,-26,-62,70,-57,47,77,8,32,-52,53,-19,23,70,-90,57,-23,-37,-1,
-37,-34,23,-78,-64,94,74,-70,93,-65,-28,-20,50,-82,-63,-77,10,37,-61,84,-1,
26,59,1,-68,24,44,68,-88,88,72,-45,100,74,-28,95,-31,-19,-46,70,78,-1,
77,74,-86,-26,-59,68,-57,53,78,11,35,-49,55,-20,26,70,-87,55,-14,-37,-1,
75,84,-82,-24,-54,71,-57,55,82,15,31,-48,59,-14,28,73,-87,55,-13,-41,-1,
-70,-32,19,-66,-34,32,-59,-40,-67,-41,26,-11,-66,-43,92,-87,-13,44,-88,88,-1,
-39,-33,13,-78,-65,91,69,-65,91,-66,-29,-23,49,-83,-69,-75,14,30,-67,86,-1,
80,78,-83,-25,-60,70,-56,54,80,7,35,-52,56,-13,22,71,-86,54,-18,-39,-1,
83,75,-80,-24,-58,71,-55,61,81,12,38,-50,58,-13,27,76,-89,59,-20,-34,-1,
-37,-32,25,-76,-59,92,77,-64,96,-57,-21,-28,49,-78,-68,-72,19,41,-65,90,-1,
16,52,-2,-75,21,41,59,-84,85,68,-44,98,68,-33,94,-36,-26,-44,67,72,-1,
62,-95,95,97,81,-85,-58,-95,47,35,-76,10,-62,1,69,-77,-69,93,-24,49,1,
-64,-29,21,-61,-35,24,-58,-39,-63,-39,27,-14,-64,-38,90,-88,-17,53,-94,92,-1,
-39,-30,25,-80,-62,91,74,-65,92,-66,-20,-26,52,-84,-60,-78,19,34,-67,90,-1,
28,48,0,-68,19,40,65,-93,86,68,-46,97,74,-37,95,-35,-28,-45,63,73,-1,
24,58,-1,-71,28,38,67,-92,89,68,-44,98,74,-32,96,-33,-21,-47,71,75,-1,
77,81,-81,-19,-54,75,-52,52,83,10,36,-47,56,-8,25,77,-87,63,-20,-37,-1,
78,78,-83,-23,-55,71,-55,53,82,11,36,-48,57,-17,27,72,-85,56,-18,-39,-1,
56,-99,96,95,80,-91,-60,-96,40,33,-83,10,-60,1,63,-81,-67,86,-29,43,1,
77,76,-80,-29,-54,74,-56,51,81,8,34,-48,54,-13,22,73,-89,60,-16,-43,-1,
59,-98,95,96,78,-92,-61,-98,45,36,-82,10,-59,0,64,-77,-73,85,-25,46,1,
77,75,-85,-24,-59,74,-57,56,80,7,36,-55,56,-13,25,73,-91,58,-17,-44,-1,
-38,-34,24,-84,-61,92,71,-66,90,-67,-21,-28,51,-80,-70,-73,16,34,-67,89,-1,
-43,-27,20,-79,-61,90,71,-63,99,-63,-22,-22,49,-80,-64,-74,20,39,-70,92,-1,
57,-97,93,91,79,-93,-62,-94,42,33,-78,9,-59,-3,69,-76,-70,83,-22,45,1,
78,74,-86,-23,-58,65,-55,47,79,4,33,-48,52,-22,24,70,-89,58,-25,-38,-1,
82,74,-85,-25,-61,71,-53,51,82,7,38,-53,58,-17,23,73,-89,57,-15,-33,-1,
57,-94,92,93,82,-93,-60,-98,45,31,-81,8,-59,1,68,-75,-69,87,-25,48,1,
21,54,-1,-75,20,38,62,-97,86,69,-47,100,79,-32,96,-39,-25,-50,65,74,-1,
-43,-28,20,-82,-65,91,71,-70,93,-66,-21,-29,49,-83,-71,-79,14,33,-66,82,-1,
59,-103,99,95,81,-91,-62,-94,44,31,-79,10,-59,2,67,-80,-68,84,-27,47,1,
81,78,-85,-25,-53,70,-55,54,82,9,37,-49,55,-15,27,73,-88,55,-13,-42,-1,
54,-93,95,99,77,-90,-56,-94,42,41,-78,5,-48,0,70,-78,-63,89,-26,47,1,
75,78,-89,-21,-59,73,-58,54,72,8,35,-55,53,-16,26,70,-91,54,-18,-39,-1,
80,78,-81,-22,-55,73,-56,58,80,13,32,-48,62,-14,28,73,-84,58,-12,-39,-1,
-60,-29,26,-66,-27,19,-59,-40,-63,-39,22,-12,-68,-35,92,-88,-16,53,-89,96,-1,
29,52,0,-69,20,46,65,-92,88,65,-42,94,78,-32,94,-35,-25,-49,67,80,-1,
21,54,-4,-74,22,35,66,-95,82,65,-45,93,73,-36,91,-34,-22,-52,68,75,-1,
-39,-34,18,-79,-66,88,71,-67,92,-66,-26,-27,45,-87,-68,-73,15,32,-70,85,-1,
59,-94,96,97,79,-88,-59,-95,46,34,-78,11,-60,0,69,-78,-71,89,-24,44,1,
29,52,1,-72,17,44,68,-91,84,70,-42,93,80,-34,89,-33,-19,-43,68,79,-1,
-40,-37,21,-81,-64,93,75,-64,90,-62,-30,-25,49,-82,-71,-78,16,32,-67,82,-1,
-71,-24,25,-63,-30,29,-55,-39,-63,-35,22,-9,-61,-40,90,-84,-14,51,-90,99,-1,
-42,-32,21,-84,-63,90,71,-67,91,-62,-25,-22,50,-82,-67,-75,6,37,-62,83,-1,
58,-95,98,97,79,-92,-57,-102,52,36,-82,12,-56,-1,64,-75,-75,95,-26,41,1,
-62,-31,21,-66,-27,26,-57,-40,-63,-37,23,-12,-65,-44,96,-89,-13,45,-87,91,-1,
-61,-31,26,-65,-32,26,-57,-41,-64,-43,25,-8,-64,-44,95,-90,-14,50,-90,94,-1,
57,-95,97,95,82,-87,-58,-98,42,39,-78,10,-57,-2,69,-74,-67,93,-29,47,1,
78,76,-80,-29,-55,68,-57,48,77,7,30,-54,51,-15,26,66,-86,50,-22,-45,-1,
81,76,-83,-23,-55,71,-55,55,80,11,32,-49,51,-13,25,71,-88,54,-22,-39,-1,
-42,-31,23,-79,-64,92,73,-64,95,-58,-24,-26,48,-76,-67,-72,14,38,-66,86,-1,
61,-99,95,96,80,-86,-62,-92,46,37,-79,11,-61,0,66,-78,-71,87,-26,48,1,
76,74,-83,-32,-55,63,-59,50,74,9,31,-49,50,-26,27,69,-95,54,-21,-44,-1,
22,49,-6,-75,16,43,59,-91,83,65,-47,94,70,-39,92,-36,-26,-47,67,77,-1,
60,-96,94,93,78,-88,-62,-93,48,34,-77,7,-58,1,64,-76,-70,86,-24,47,1,
54,-90,90,96,80,-89,-61,-94,45,34,-78,9,-57,-6,66,-77,-72,91,-25,42,1,
56,-96,96,94,78,-92,-60,-96,46,35,-81,10,-57,-3,64,-77,-75,92,-27,44,1,
-40,-34,16,-80,-61,90,70,-66,92,-64,-24,-25,49,-79,-72,-73,14,35,-66,91,-1,
-56,-31,25,-69,-31,25,-60,-34,-65,-36,30,-14,-59,-41,93,-93,-10,54,-91,90,-1,
-64,-24,20,-59,-34,21,-60,-40,-63,-43,27,-15,-62,-39,92,-93,-13,52,-94,88,-1,
79,77,-80,-26,-53,69,-55,53,80,8,36,-49,58,-17,27,74,-88,59,-20,-40,-1,
79,76,-82,-24,-51,67,-54,53,80,13,34,-49,57,-18,30,72,-86,56,-18,-40,-1,
77,75,-86,-29,-60,73,-61,56,79,9,37,-57,56,-14,23,74,-90,56,-16,-39,-1,
21,54,-5,-75,20,36,64,-94,78,65,-43,88,70,-34,85,-31,-28,-52,69,77,-1,
83,79,-82,-17,-54,76,-54,53,82,15,33,-49,56,-14,34,73,-89,63,-14,-36,-1,
25,51,0,-70,19,43,70,-96,89,63,-44,96,76,-30,95,-34,-22,-52,67,83,-1,
54,-94,93,91,74,-95,-63,-98,45,24,-82,10,-62,1,66,-78,-73,90,-25,44,1,
-65,-28,23,-63,-29,24,-54,-40,-69,-35,30,-9,-66,-39,94,-85,-16,50,-91,94,-1,
54,-99,84,93,74,-91,-65,-99,37,24,-80,2,-63,-4,59,-83,-71,85,-36,46,1,
-39,-26,19,-81,-61,93,72,-66,96,-66,-19,-23,54,-82,-68,-70,13,35,-64,90,-1,
-39,-31,21,-78,-61,91,73,-71,95,-66,-22,-25,53,-84,-63,-77,12,34,-63,86,-1,
75,82,-85,-24,-57,69,-53,54,82,7,37,-46,53,-15,28,75,-88,59,-19,-37,-1,
58,-93,98,94,85,-92,-55,-94,49,36,-78,11,-54,0,71,-75,-72,93,-26,44,1,
79,74,-79,-27,-56,69,-57,53,77,12,33,-51,55,-14,27,72,-89,53,-14,-42,-1,
-64,-26,22,-65,-34,24,-59,-43,-62,-44,27,-16,-65,-45,93,-95,-15,47,-91,90,-1,
27,50,-6,-69,18,37,62,-98,82,66,-43,93,74,-34,90,-36,-26,-49,69,75,-1,
75,77,-82,-19,-56,72,-55,56,81,13,37,-49,59,-19,28,75,-88,61,-16,-40,-1,
51,-97,97,91,76,-92,-60,-98,44,34,-80,5,-57,-3,69,-82,-70,85,-29,44,1,
56,-102,93,92,74,-94,-62,-96,45,36,-85,13,-57,-3,69,-79,-69,86,-27,45,1,
-43,-34,21,-79,-61,88,74,-73,93,-63,-24,-26,47,-84,-68,-76,10,39,-68,82,-1,
55,-93,88,97,78,-91,-61,-98,46,37,-82,5,-55,-5,61,-79,-69,85,-25,43,1,
55,-91,94,95,82,-94,-57,-92,46,37,-79,7,-56,3,69,-76,-69,89,-21,45,1,
57,-98,97,93,77,-88,-58,-101,45,37,-79,6,-55,-2,69,-80,-70,88,-36,52,1,
81,76,-82,-26,-59,72,-56,53,78,8,38,-53,51,-11,24,72,-86,56,-20,-35,-1,
-38,-37,19,-82,-67,94,67,-66,88,-65,-25,-28,51,-85,-72,-70,11,31,-66,84,-1,
-38,-35,21,-81,-62,89,72,-68,95,-71,-19,-27,55,-77,-65,-76,13,37,-65,89,-1,
78,78,-79,-25,-51,75,-54,53,78,14,36,-53,55,-13,25,75,-89,55,-16,-39,-1,
-39,-37,20,-77,-62,91,71,-64,89,-67,-27,-27,52,-80,-69,-73,15,37,-65,92,-1,
77,76,-85,-22,-59,72,-56,57,83,9,34,-48,56,-13,22,73,-85,59,-16,-38,-1,
-63,-25,23,-66,-27,25,-57,-40,-63,-39,27,-8,-63,-43,90,-85,-12,50,-91,97,-1,
19,52,-4,-75,18,37,59,-91,80,65,-46,91,75,-40,92,-36,-27,-48,62,72,-1,
-42,-32,14,-83,-57,86,66,-68,92,-69,-23,-30,46,-80,-73,-78,19,30,-69,86,-1,
79,77,-88,-26,-57,69,-62,57,74,17,33,-55,55,-18,24,70,-89,52,-21,-37,-1,
-63,-24,23,-65,-26,27,-58,-36,-64,-38,30,-15,-64,-35,92,-85,-12,53,-85,88,-1,
25,55,-1,-68,21,43,67,-93,89,71,-47,96,79,-34,98,-39,-18,-47,67,78,-1,
-64,-26,23,-67,-30,23,-58,-38,-65,-41,29,-14,-61,-44,97,-93,-7,49,-86,91,-1,
84,73,-81,-18,-55,70,-51,54,83,12,29,-43,56,-17,21,73,-87,62,-22,-35,-1,
23,47,-5,-79,18,41,62,-94,81,59,-47,94,68,-38,90,-32,-28,-54,62,73,-1,
76,81,-82,-22,-61,73,-55,52,79,9,36,-51,59,-10,26,75,-87,55,-13,-37,-1,
-65,-23,24,-62,-30,30,-59,-34,-65,-35,23,-12,-62,-38,95,-86,-8,49,-88,94,-1,
-44,-28,20,-82,-61,87,69,-69,91,-66,-26,-21,48,-88,-68,-78,16,39,-68,87,-1,
-39,-33,22,-83,-59,91,71,-66,93,-64,-23,-25,50,-82,-68,-75,15,37,-66,86,-1,
30,53,3,-70,21,50,66,-90,89,70,-41,103,75,-30,96,-33,-22,-47,78,80,-1,
79,74,-85,-21,-57,69,-53,53,82,5,38,-53,53,-18,29,72,-93,61,-24,-39,-1,
21,49,-6,-77,23,37,61,-97,84,63,-43,91,72,-35,93,-42,-25,-55,64,75,-1,
-63,-29,27,-67,-31,23,-51,-39,-64,-38,29,-12,-63,-46,96,-88,-8,46,-84,95,-1,
-55,-28,21,-64,-28,28,-57,-43,-60,-41,27,-10,-63,-42,89,-86,-13,50,-93,96,-1,
21,51,-2,-75,18,42,62,-90,84,64,-44,93,73,-36,94,-35,-28,-51,65,75,-1,
-63,-28,25,-65,-27,20,-59,-39,-64,-36,28,-14,-62,-43,96,-89,-15,53,-90,92,-1,
-38,-34,24,-81,-62,92,76,-70,91,-65,-21,-27,49,-83,-64,-78,12,36,-68,88,-1,
80,76,-81,-23,-55,67,-54,50,78,12,33,-46,53,-16,29,72,-84,56,-16,-36,-1,
-41,-24,20,-78,-63,94,70,-62,94,-62,-22,-25,52,-81,-65,-71,12,44,-67,89,-1,
-60,-26,20,-69,-39,28,-61,-39,-64,-40,24,-16,-64,-41,91,-94,-15,53,-93,92,-1,
24,49,-4,-66,18,41,63,-93,91,60,-41,92,77,-36,94,-34,-27,-44,66,75,-1,
75,74,-86,-25,-55,70,-60,56,77,9,32,-52,52,-17,25,73,-92,58,-18,-45,-1,
-72,-29,26,-60,-33,20,-58,-41,-61,-41,17,-9,-65,-40,90,-89,-15,51,-90,89,-1,
-42,-29,20,-77,-67,93,72,-66,94,-65,-21,-27,50,-81,-67,-75,11,34,-64,85,-1,
-62,-28,25,-61,-33,28,-57,-37,-58,-39,24,-12,-62,-40,90,-92,-10,53,-92,96,-1,
21,53,-3,-77,20,36,61,-92,81,67,-45,92,75,-38,94,-34,-29,-50,62,68,-1,
-56,-22,23,-61,-30,23,-53,-40,-60,-33,25,-15,-59,-41,96,-89,-10,54,-91,96,-1,
76,72,-90,-24,-59,66,-54,46,80,3,29,-51,45,-15,19,64,-90,54,-22,-42,-1,
-41,-30,20,-76,-62,97,74,-68,95,-64,-23,-24,51,-79,-64,-80,14,34,-62,84,-1,
84,76,-78,-23,-57,77,-55,56,79,10,41,-47,57,-15,31,71,-89,63,-18,-36,-1,
24,52,-2,-72,25,41,64,-92,90,68,-44,98,77,-35,97,-35,-21,-46,68,76,-1,
21,47,-3,-70,14,37,65,-97,82,61,-46,91,72,-37,94,-39,-30,-53,62,75,-1,
76,79,-85,-20,-55,74,-56,56,79,11,34,-54,57,-13,28,70,-90,55,-16,-42,-1,
-40,-34,21,-78,-63,94,71,-64,93,-63,-26,-26,53,-84,-65,-74,16,37,-67,84,-1,
-42,-30,17,-80,-61,89,70,-65,94,-62,-25,-22,49,-80,-70,-72,14,37,-64,88,-1,
-40,-34,24,-78,-62,90,72,-59,93,-66,-22,-20,51,-74,-67,-75,22,34,-61,91,-1,
52,-94,90,94,77,-92,-60,-97,42,38,-82,6,-59,-1,67,-79,-69,87,-27,46,1,
50,-102,90,92,76,-95,-61,-98,44,37,-79,4,-62,-3,66,-80,-73,88,-26,40,1,
77,78,-81,-20,-52,68,-51,54,87,13,37,-48,58,-16,28,72,-83,61,-18,-37,-1,
-64,-31,24,-68,-34,19,-53,-44,-61,-40,23,-13,-65,-49,99,-97,-11,45,-84,90,-1,
54,-96,92,89,78,-87,-66,-90,40,32,-77,9,-66,-1,65,-79,-69,87,-23,44,1,
77,76,-78,-19,-52,72,-53,55,78,12,36,-49,56,-14,30,73,-87,61,-19,-40,-1,
-68,-29,23,-65,-33,27,-59,-35,-69,-38,26,-16,-64,-41,92,-86,-13,48,-91,89,-1,
-41,-32,16,-77,-59,90,78,-67,97,-62,-25,-21,50,-81,-66,-76,14,37,-69,90,-1,
-37,-34,25,-84,-62,92,69,-62,91,-65,-24,-23,50,-78,-67,-74,15,35,-60,87,-1,
80,72,-82,-26,-56,74,-56,56,77,12,34,-58,58,-17,28,72,-88,54,-16,-39,-1,
55,-101,95,94,75,-94,-60,-108,44,33,-87,11,-65,-4,65,-85,-68,83,-27,40,1,
-46,-33,20,-82,-63,89,69,-63,93,-60,-26,-27,47,-83,-70,-77,17,37,-70,86,-1,
-43,-32,24,-83,-63,93,70,-65,95,-62,-19,-28,51,-83,-64,-77,15,37,-68,85,-1,
81,74,-81,-22,-60,72,-56,51,79,9,37,-55,58,-20,25,75,-88,58,-20,-37,-1,
-58,-27,26,-66,-30,26,-57,-34,-62,-34,22,-10,-62,-39,95,-86,-9,52,-87,93,-1,
-64,-28,25,-65,-31,26,-58,-35,-63,-40,27,-13,-63,-46,94,-89,-7,47,-89,91,-1,
57,-100,94,94,76,-93,-61,-97,47,33,-84,12,-61,-2,66,-81,-67,87,-24,44,1,
-36,-32,22,-81,-58,87,74,-65,89,-62,-21,-23,52,-83,-68,-71,17,37,-64,88,-1,
50,-96,91,89,82,-97,-61,-98,39,31,-82,8,-60,-7,64,-76,-70,85,-26,41,1,
80,80,-84,-20,-57,73,-52,56,82,13,39,-46,56,-17,30,77,-91,59,-15,-37,-1,
-37,-33,19,-83,-63,90,68,-60,95,-66,-23,-24,51,-85,-69,-77,18,33,-63,90,-1,
-36,-31,22,-75,-59,93,76,-67,97,-65,-21,-24,54,-81,-60,-76,17,41,-62,93,-1,
-38,-30,17,-80,-61,88,71,-65,94,-64,-23,-21,46,-77,-66,-75,15,32,-62,88,-1,
-60,-30,25,-68,-32,33,-64,-36,-62,-39,26,-11,-67,-36,97,-93,-11,44,-87,96,-1,
78,77,-90,-21,-59,74,-53,54,85,11,33,-48,55,-18,26,71,-92,60,-14,-39,-1,
-59,-28,24,-68,-34,31,-59,-37,-64,-40,29,-13,-59,-41,99,-92,-10,51,-87,96,-1,
57,-98,95,93,83,-92,-60,-93,48,33,-79,10,-59,-2,65,-79,-71,90,-25,43,1,
20,51,-7,-74,16,40,65,-99,88,63,-43,94,75,-35,93,-37,-25,-50,69,75,-1,
-61,-32,21,-68,-27,20,-59,-43,-63,-47,25,-17,-63,-41,91,-92,-12,46,-87,91,-1,
58,-95,96,92,81,-92,-60,-94,46,34,-82,11,-60,4,64,-77,-71,88,-26,46,1,
80,77,-79,-20,-53,72,-53,57,80,13,34,-48,59,-14,28,71,-85,57,-15,-41,-1,
-58,-28,26,-64,-28,25,-57,-40,-56,-38,28,-12,-61,-40,96,-90,-13,51,-88,101,-1,
-60,-27,28,-60,-28,23,-53,-40,-57,-37,28,-10,-61,-42,98,-87,-9,50,-85,95,-1,
19,53,-8,-74,18,39,64,-95,84,63,-46,94,73,-38,97,-32,-28,-54,70,74,-1,
21,51,-8,-78,16,38,60,-97,82,59,-44,91,68,-33,89,-38,-28,-55,68,69,-1,
-59,-26,24,-69,-32,27,-60,-36,-63,-37,25,-15,-61,-43,94,-92,-8,49,-88,92,-1,
-45,-31,17,-81,-65,88,68,-66,91,-65,-26,-29,49,-80,-71,-79,12,37,-67,86,-1,
22,51,-2,-75,21,40,65,-92,85,61,-38,92,74,-31,93,-34,-23,-52,67,75,-1,
57,-98,94,90,83,-93,-63,-100,45,27,-81,12,-65,-3,69,-80,-71,84,-30,46,1,
78,75,-86,-23,-58,71,-55,53,80,11,29,-46,57,-18,21,77,-92,59,-17,-41,-1,
-63,-28,19,-69,-36,28,-60,-42,-64,-40,21,-12,-62,-43,89,-91,-14,49,-91,91,-1,
-57,-24,23,-62,-26,24,-55,-37,-60,-36,29,-11,-59,-38,92,-89,-12,57,-90,98,-1,
-63,-26,23,-64,-33,30,-56,-36,-61,-35,21,-15,-65,-32,92,-93,-13,52,-88,92,-1,
-35,-31,20,-77,-62,91,73,-64,96,-60,-25,-25,48,-77,-62,-74,15,38,-65,87,-1,
23,52,-2,-76,20,43,65,-93,87,64,-47,98,73,-37,93,-36,-19,-48,67,73,-1,
25,52,-1,-69,20,41,66,-99,86,64,-46,97,72,-29,88,-35,-25,-52,70,75,-1,
-43,-30,19,-81,-64,90,70,-65,93,-61,-22,-27,47,-78,-70,-73,13,36,-68,85,-1,
22,52,-8,-74,21,37,66,-100,83,61,-45,94,70,-33,91,-34,-26,-54,65,76,-1,
-40,-31,24,-81,-58,93,79,-64,96,-60,-19,-23,50,-76,-66,-76,16,39,-67,93,-1,
77,71,-83,-27,-57,70,-55,48,76,6,30,-53,52,-18,19,67,-90,52,-15,-45,-1,
77,77,-85,-26,-57,69,-63,58,82,12,33,-49,54,-12,22,77,-88,58,-20,-44,-1,
55,-94,93,98,80,-90,-62,-97,45,34,-80,11,-58,-4,71,-82,-69,84,-27,44,1,
-45,-36,15,-80,-65,86,66,-67,86,-68,-27,-30,45,-84,-72,-77,15,36,-72,88,-1,
57,-101,99,93,78,-93,-58,-98,43,38,-86,12,-59,-1,68,-83,-66,84,-26,45,1,
-46,-34,22,-83,-60,92,68,-74,93,-67,-25,-27,51,-82,-66,-83,14,30,-62,79,-1,
71,76,-91,-26,-60,71,-58,50,79,5,34,-55,50,-17,25,69,-92,56,-20,-41,-1,
-63,-32,23,-61,-34,29,-59,-35,-60,-40,28,-18,-59,-40,93,-92,-13,50,-92,94,-1,
-57,-28,23,-63,-28,27,-57,-35,-61,-41,27,-17,-59,-40,95,-93,-10,51,-88,93,-1,
80,76,-82,-22,-57,74,-53,53,80,10,33,-52,56,-14,26,68,-89,55,-16,-41,-1,
60,-96,99,96,79,-89,-57,-97,48,37,-80,13,-56,-2,70,-80,-69,87,-29,46,1,
28,52,-5,-73,19,40,65,-96,86,67,-44,92,74,-36,93,-30,-29,-49,66,72,-1,
24,51,-1,-69,16,43,62,-86,82,66,-43,93,75,-34,95,-34,-26,-46,67,77,-1,
83,78,-80,-21,-56,72,-52,57,82,14,37,-48,57,-14,32,73,-85,60,-18,-32,-1,
82,85,-78,-18,-55,68,-53,53,87,12,39,-50,61,-15,36,76,-83,58,-18,-32,-1,
-37,-30,23,-73,-62,94,74,-62,96,-64,-26,-22,48,-78,-66,-68,23,37,-66,92,-1,
-40,-33,23,-81,-59,96,75,-64,87,-59,-26,-23,55,-77,-68,-76,11,36,-63,88,-1,
83,76,-81,-23,-56,74,-56,60,78,11,32,-51,55,-11,24,70,-91,58,-20,-40,-1,
-62,-27,25,-68,-25,28,-62,-37,-63,-40,29,-13,-67,-39,94,-88,-11,46,-86,92,-1,
56,-99,97,93,76,-94,-56,-103,44,37,-88,8,-59,1,61,-82,-68,85,-29,44,1,
-44,-31,23,-78,-65,91,72,-70,96,-62,-25,-25,47,-76,-65,-75,15,36,-67,86,-1,
56,-97,94,95,78,-92,-60,-95,38,31,-79,1,-52,1,64,-77,-75,86,-29,47,1,
51,-93,93,88,77,-84,-68,-95,42,31,-78,5,-59,-5,66,-82,-69,84,-32,45,1,
23,55,-3,-74,18,39,65,-93,84,65,-40,96,75,-33,92,-31,-24,-48,70,73,-1,
58,-99,94,94,80,-88,-62,-95,41,36,-82,8,-60,-3,69,-82,-68,83,-25,44,1,
19,56,-3,-74,23,35,59,-88,79,71,-43,92,73,-32,91,-28,-32,-47,65,72,-1,
-64,-27,19,-64,-33,25,-58,-42,-62,-39,29,-13,-59,-41,93,-89,-10,51,-89,92,-1,
-62,-30,21,-63,-34,25,-59,-41,-63,-39,19,-9,-65,-41,93,-88,-11,50,-90,89,-1,
-42,-32,21,-81,-70,92,66,-67,84,-61,-28,-27,49,-86,-70,-77,11,34,-69,81,-1,
-40,-33,18,-85,-65,86,67,-66,95,-62,-31,-23,43,-79,-65,-75,12,32,-63,81,-1,
26,48,0,-69,21,42,68,-95,96,63,-42,100,75,-34,97,-36,-19,-44,68,77,-1,
81,82,-84,-23,-52,73,-55,53,80,9,34,-48,53,-12,29,70,-87,57,-15,-44,-1,
76,74,-79,-25,-57,68,-55,54,79,15,35,-49,56,-18,25,76,-89,55,-17,-38,-1,
78,72,-86,-23,-66,72,-60,56,78,5,39,-54,58,-20,26,70,-91,62,-19,-35,-1,
78,81,-84,-24,-51,71,-53,53,82,12,38,-48,57,-18,27,73,-89,58,-18,-41,-1,
24,54,0,-72,23,40,64,-92,87,67,-44,101,72,-32,95,-33,-24,-48,71,72,-1,
21,48,-2,-76,24,41,67,-93,86,60,-45,92,72,-34,88,-36,-24,-48,65,78,-1,
-37,-30,22,-80,-68,91,70,-68,90,-65,-26,-24,45,-84,-66,-71,9,36,-67,85,-1,
-40,-34,17,-79,-62,87,75,-72,92,-65,-28,-25,50,-77,-72,-78,13,31,-64,87,-1,
77,79,-82,-22,-54,71,-53,53,82,10,38,-49,58,-14,31,75,-87,62,-13,-34,-1,
66,81,-86,-23,-59,70,-56,48,84,11,37,-56,56,-20,30,72,-90,59,-19,-39,-1,
53,-101,89,91,75,-97,-63,-98,46,34,-86,8,-61,-1,58,-78,-69,83,-27,40,1,
28,50,-2,-76,22,44,64,-93,87,66,-43,98,70,-29,95,-33,-24,-53,70,76,-1,
-62,-29,22,-68,-34,20,-56,-43,-65,-41,25,-16,-65,-43,91,-88,-14,51,-89,92,-1,
-65,-27,22,-64,-32,28,-56,-35,-66,-36,23,-17,-59,-37,94,-91,-11,53,-86,86,-1,
-69,-23,21,-67,-31,23,-63,-38,-65,-39,21,-12,-67,-34,86,-90,-18,56,-91,99,-1,
70,75,-83,-26,-60,69,-54,44,78,8,28,-52,50,-17,24,67,-90,53,-18,-45,-1,
-60,-28,24,-65,-30,20,-53,-39,-63,-34,22,-16,-65,-39,92,-91,-11,53,-89,92,-1,
26,56,-1,-69,21,47,62,-87,82,71,-43,98,78,-34,99,-33,-25,-50,70,80,-1,
17,53,0,-77,19,39,65,-94,86,68,-50,99,70,-32,92,-37,-26,-49,63,73,-1,
57,-95,94,94,79,-87,-64,-92,49,37,-76,7,-57,-1,61,-74,-70,91,-20,42,1,
84,74,-81,-22,-56,71,-56,58,80,11,36,-48,59,-18,27,71,-87,60,-18,-38,-1,
-38,-33,23,-74,-69,97,74,-68,95,-62,-26,-22,49,-82,-61,-76,10,35,-63,84,-1,
22,47,-1,-74,20,37,61,-91,86,61,-39,90,75,-37,93,-36,-28,-47,63,72,-1,
57,-95,95,95,79,-92,-60,-96,48,34,-77,9,-60,3,67,-71,-73,92,-22,46,1,
79,80,-84,-21,-59,75,-56,55,79,15,37,-54,61,-15,27,76,-88,54,-14,-36,-1,
55,-99,95,95,75,-95,-58,-94,40,36,-80,11,-59,-3,70,-80,-71,86,-22,43,1,
-42,-27,22,-81,-61,91,69,-68,98,-65,-18,-26,51,-83,-63,-73,18,36,-68,86,-1,
56,-98,98,98,82,-94,-52,-96,47,39,-78,12,-58,3,70,-78,-58,90,-23,47,1,
-40,-31,23,-81,-63,87,71,-63,93,-63,-24,-21,42,-76,-66,-74,19,34,-65,90,-1,
-69,-28,26,-63,-28,27,-57,-33,-66,-36,23,-10,-64,-37,95,-93,-10,50,-86,88,-1,
59,-101,95,97,79,-89,-59,-95,46,36,-77,8,-59,2,69,-78,-71,94,-26,46,1,
52,-95,92,91,78,-94,-61,-100,44,31,-81,5,-61,-6,65,-81,-71,86,-23,42,1,
23,53,-4,-77,23,37,62,-90,75,64,-37,91,73,-30,90,-40,-24,-51,71,75,-1,
-45,-35,24,-81,-64,93,73,-71,92,-61,-28,-28,50,-80,-73,-77,16,36,-68,85,-1,
58,-96,96,94,78,-89,-60,-92,45,37,-80,10,-57,3,64,-76,-68,87,-26,50,1,
27,59,2,-72,30,41,69,-89,89,72,-38,101,80,-26,99,-29,-21,-46,74,77,-1,
59,-95,94,95,84,-91,-59,-94,46,36,-79,10,-59,1,68,-75,-70,88,-22,44,1,
-58,-28,28,-63,-34,33,-54,-34,-61,-35,26,-5,-57,-43,99,-82,-7,53,-86,98,-1,
60,-103,94,90,79,-90,-60,-97,44,33,-77,6,-56,-4,66,-76,-72,94,-31,48,1,
27,53,-4,-71,23,44,64,-91,87,68,-40,95,72,-31,92,-28,-27,-47,73,75,-1,
27,54,-1,-74,19,45,61,-94,86,70,-46,97,73,-34,93,-36,-25,-53,69,71,-1,
-65,-23,27,-63,-27,28,-56,-38,-61,-37,27,-12,-61,-41,96,-87,-11,46,-86,92,-1,
52,-97,92,85,80,-96,-58,-100,39,35,-84,2,-61,-2,61,-77,-72,85,-30,44,1,
22,47,-2,-73,17,41,61,-92,86,64,-39,91,73,-30,90,-41,-27,-48,65,75,-1,
53,-99,98,99,78,-92,-60,-101,50,37,-78,10,-55,0,68,-74,-69,91,-27,45,1,
25,50,-7,-71,19,42,64,-99,83,59,-48,97,74,-40,95,-33,-27,-54,72,75,-1,
-43,-31,21,-80,-59,86,74,-67,96,-62,-20,-25,49,-79,-68,-77,19,37,-66,90,-1,
78,75,-84,-19,-59,72,-52,56,80,12,37,-45,55,-17,23,76,-93,60,-15,-36,-1,
53,-93,94,90,79,-90,-64,-98,43,34,-81,5,-59,-3,67,-78,-73,85,-24,45,1,
76,76,-89,-25,-62,72,-56,53,75,10,30,-52,54,-14,21,71,-90,50,-16,-38,-1,
-62,-32,22,-66,-32,27,-61,-38,-61,-43,34,-10,-67,-38,92,-87,-18,52,-88,89,-1,
-64,-19,19,-61,-27,30,-62,-34,-59,-41,23,-11,-59,-36,91,-87,-13,54,-88,95,-1,
-38,-34,27,-80,-63,93,72,-65,91,-60,-28,-24,46,-79,-66,-72,18,38,-67,84,-1,
-42,-32,21,-78,-63,90,73,-65,92,-60,-28,-21,46,-80,-65,-75,14,40,-67,85,-1,
-67,-33,25,-69,-28,23,-63,-39,-65,-46,25,-10,-66,-40,90,-93,-16,48,-89,96,-1,
-65,-30,19,-67,-38,26,-61,-34,-69,-38,23,-13,-62,-46,93,-91,-12,49,-92,91,-1,
-64,-31,23,-66,-31,26,-56,-38,-68,-36,23,-9,-63,-43,93,-90,-11,53,-92,94,-1,
60,-99,96,90,85,-95,-58,-97,45,35,-84,10,-61,-2,66,-77,-72,85,-24,46,1,
77,81,-84,-20,-59,72,-54,55,82,10,36,-47,55,-10,26,74,-90,57,-14,-39,-1,
