26,53,-4,-71,20,42,60,-91,84,67,-46,93,75,-39,97,-38,-23,-52,65,76,-1,
54,-93,96,93,82,-88,-58,-95,44,36,-77,5,-58,3,65,-77,-66,89,-27,48,1,
56,-95,93,91,80,-92,-57,-94,44,32,-77,8,-57,-5,70,-79,-70,91,-29,48,1,
23,51,-4,-74,15,42,60,-95,84,70,-49,95,75,-35,95,-37,-24,-53,64,77,-1,
22,54,-2,-72,24,44,61,-90,83,66,-45,99,71,-33,97,-34,-29,-52,69,78,-1,
54,-95,94,98,80,-87,-65,-97,47,37,-83,17,-64,1,66,-78,-65,87,-27,45,1,
51,-97,88,95,76,-91,-68,-100,40,32,-81,5,-57,-9,66,-81,-73,83,-29,42,1,
76,75,-88,-23,-61,68,-58,51,76,12,32,-55,51,-18,28,71,-93,57,-23,-37,-1,
54,-100,93,95,77,-91,-61,-99,39,35,-83,11,-60,-5,67,-80,-71,89,-28,40,1,
-63,-31,24,-68,-27,28,-58,-42,-63,-35,27,-13,-65,-35,93,-92,-16,49,-88,93,-1,
60,-92,92,97,78,-89,-59,-96,48,38,-79,10,-53,0,68,-76,-66,91,-24,47,1,
56,-100,100,95,79,-91,-62,-97,46,33,-77,13,-58,0,71,-77,-67,88,-20,40,1,
-60,-31,18,-63,-32,28,-59,-42,-63,-40,29,-17,-61,-40,93,-85,-11,50,-91,92,-1,
-39,-29,20,-81,-69,87,66,-66,92,-66,-23,-28,46,-85,-62,-78,13,36,-67,85,-1,
54,-96,94,89,77,-90,-60,-100,38,36,-79,1,-60,0,68,-79,-72,82,-28,47,1,
26,58,-1,-69,23,38,65,-93,82,74,-43,96,80,-30,95,-32,-22,-50,70,82,-1,
-63,-35,19,-65,-34,24,-62,-37,-65,-42,26,-15,-63,-40,93,-96,-13,52,-92,92,-1,
58,-95,89,94,79,-90,-57,-96,39,38,-84,8,-61,0,66,-78,-69,87,-29,50,1,
79,73,-85,-23,-61,71,-55,48,76,6,32,-52,56,-23,25,69,-91,52,-17,-41,-1,
25,53,-3,-71,24,39,67,-92,84,65,-42,92,77,-33,96,-33,-24,-50,64,77,-1,
-56,-26,23,-66,-29,24,-52,-39,-58,-39,32,-9,-60,-38,93,-88,-12,55,-85,96,-1,
23,50,-3,-70,19,40,63,-92,83,68,-46,92,76,-37,88,-28,-30,-43,63,79,-1,
55,-99,97,94,78,-92,-56,-102,46,34,-80,6,-59,0,67,-80,-69,91,-29,46,1,
50,-94,91,91,80,-91,-63,-93,44,35,-80,5,-58,-3,64,-81,-70,86,-30,42,1,
81,74,-82,-25,-58,69,-53,50,83,11,32,-45,53,-20,25,75,-93,57,-16,-43,-1,
80,75,-84,-21,-58,78,-57,55,73,18,28,-50,53,-15,26,74,-91,59,-16,-35,-1,
21,57,-4,-76,24,40,66,-91,89,64,-44,96,77,-34,99,-35,-24,-48,68,74,-1,
-37,-36,20,-81,-66,86,72,-63,90,-63,-29,-25,45,-80,-70,-71,12,35,-67,90,-1,
51,-97,93,96,71,-92,-62,-98,44,35,-83,10,-57,-5,65,-84,-70,86,-31,42,1,
58,-97,96,99,76,-90,-59,-94,50,40,-83,16,-59,1,64,-76,-68,93,-21,41,1,
60,-101,93,93,82,-91,-57,-95,45,36,-78,6,-56,0,66,-79,-69,88,-33,47,1,
-62,-27,22,-65,-32,26,-56,-37,-64,-39,22,-19,-58,-40,94,-89,-6,49,-87,93,-1,
25,52,-3,-73,20,43,63,-94,85,68,-47,98,72,-35,93,-35,-24,-50,67,75,-1,
-43,-31,18,-82,-61,87,72,-69,96,-63,-21,-25,50,-82,-66,-78,13,36,-68,88,-1,
23,53,-5,-73,18,39,61,-91,82,66,-43,95,77,-38,92,-27,-27,-48,69,74,-1,
-43,-31,18,-77,-62,91,70,-68,94,-66,-23,-22,52,-83,-63,-73,14,39,-68,89,-1,
80,81,-87,-12,-56,71,-51,59,81,14,32,-44,59,-15,27,74,-89,62,-18,-33,-1,
-65,-27,19,-65,-31,29,-60,-38,-65,-43,23,-12,-63,-41,90,-94,-12,52,-91,92,-1,
77,81,-81,-21,-54,69,-55,53,84,11,38,-50,60,-17,31,71,-88,61,-18,-39,-1,
-66,-30,21,-65,-37,26,-55,-42,-64,-38,22,-10,-66,-41,94,-94,-15,48,-89,92,-1,
53,-97,96,94,84,-92,-58,-99,46,36,-82,13,-61,-2,69,-78,-68,86,-29,42,1,
-43,-37,22,-83,-65,94,69,-70,89,-65,-27,-31,56,-85,-71,-79,14,31,-66,84,-1,
-62,-31,25,-61,-37,29,-54,-37,-66,-34,27,-8,-65,-44,97,-85,-16,53,-92,89,-1,
-59,-26,23,-65,-26,27,-59,-34,-64,-35,29,-13,-64,-37,95,-92,-10,51,-88,87,-1,
74,81,-89,-17,-57,71,-52,51,80,12,32,-50,58,-16,26,74,-84,55,-17,-37,-1,
80,84,-82,-21,-45,72,-51,59,83,14,37,-46,58,-13,36,69,-81,57,-13,-41,-1,
75,72,-90,-23,-63,68,-59,51,77,10,27,-52,45,-16,19,70,-91,53,-20,-43,-1,
81,74,-89,-18,-58,73,-55,57,77,10,33,-55,51,-15,24,71,-91,56,-25,-39,-1,
54,-97,94,96,74,-89,-61,-101,43,41,-79,7,-56,-6,69,-78,-70,85,-23,42,1,
-40,-34,17,-79,-66,92,69,-67,94,-67,-25,-26,49,-84,-65,-75,12,37,-69,88,-1,
26,50,-2,-70,17,44,63,-91,86,67,-41,89,80,-40,95,-31,-26,-48,67,76,-1,
21,52,0,-72,22,41,67,-91,87,65,-46,99,74,-32,96,-28,-26,-47,65,80,-1,
61,-98,97,96,84,-91,-56,-95,49,36,-74,11,-58,4,71,-73,-67,93,-26,49,1,
-61,-23,28,-62,-29,25,-57,-34,-61,-35,27,-11,-63,-40,94,-88,-9,52,-90,92,-1,
-59,-24,23,-58,-24,27,-55,-40,-58,-37,26,-10,-61,-35,97,-90,-6,49,-87,98,-1,
-64,-34,22,-70,-35,21,-63,-41,-68,-37,22,-15,-69,-44,90,-95,-17,47,-96,92,-1,
-42,-37,18,-75,-67,90,69,-66,87,-64,-30,-29,49,-83,-71,-76,12,33,-65,86,-1,
-40,-29,19,-80,-61,95,70,-60,92,-64,-22,-21,56,-84,-65,-73,15,39,-67,89,-1,
24,55,0,-71,23,44,67,-90,88,68,-46,101,75,-31,100,-32,-20,-48,69,82,-1,
57,-95,94,93,79,-89,-60,-96,45,39,-79,8,-61,-2,69,-76,-73,91,-22,46,1,
80,78,-80,-18,-52,74,-50,54,86,11,39,-45,58,-12,29,77,-83,66,-17,-37,-1,
56,-100,88,91,76,-97,-61,-99,46,28,-87,9,-65,-2,62,-84,-72,85,-35,45,1,
55,-97,96,95,75,-92,-62,-99,47,35,-80,10,-57,-2,69,-79,-70,89,-25,45,1,
21,56,-2,-73,16,37,62,-93,80,70,-50,95,72,-31,91,-34,-28,-50,63,72,-1,
-61,-28,30,-65,-28,30,-51,-33,-63,-33,26,-10,-58,-38,96,-84,-9,55,-86,98,-1,
59,-94,98,93,80,-91,-59,-96,46,41,-82,13,-59,2,67,-73,-67,89,-20,48,1,
77,76,-82,-25,-59,73,-58,56,80,14,31,-46,55,-20,27,74,-91,59,-17,-40,-1,
58,-93,98,96,78,-86,-58,-100,45,33,-80,9,-57,3,73,-84,-64,85,-31,51,1,
82,73,-75,-22,-54,71,-52,55,81,13,33,-48,61,-16,29,68,-85,58,-12,-40,-1,
-47,-28,16,-78,-66,91,71,-67,92,-63,-25,-22,46,-79,-71,-75,15,33,-68,84,-1,
79,77,-82,-23,-52,71,-53,53,83,9,31,-51,60,-16,25,68,-89,59,-15,-44,-1,
-41,-34,22,-82,-63,92,73,-65,89,-65,-25,-25,47,-84,-66,-74,11,34,-67,80,-1,
73,74,-85,-23,-61,71,-56,50,84,8,36,-52,55,-15,23,77,-94,63,-20,-38,-1,
53,-103,91,89,76,-99,-61,-101,40,31,-88,5,-60,-6,63,-84,-73,79,-29,41,1,
78,82,-84,-23,-50,66,-53,53,77,10,32,-51,55,-17,30,67,-86,53,-22,-40,-1,
23,54,-1,-72,20,39,66,-95,85,68,-43,94,76,-31,92,-31,-27,-50,68,76,-1,
-35,-35,23,-77,-65,92,71,-61,93,-60,-27,-26,47,-80,-67,-75,18,36,-64,88,-1,
-69,-24,27,-64,-29,28,-54,-41,-65,-36,22,-11,-64,-41,91,-87,-15,48,-91,96,-1,
-47,-37,17,-89,-68,88,66,-64,85,-69,-29,-26,46,-84,-72,-74,10,30,-71,82,-1,
-37,-26,22,-75,-62,89,76,-64,94,-59,-19,-28,49,-87,-65,-76,18,42,-70,88,-1,
-61,-29,25,-65,-31,28,-58,-34,-67,-39,29,-13,-64,-39,96,-87,-10,49,-87,91,-1,
22,51,-6,-74,21,36,64,-94,80,61,-44,91,72,-35,97,-37,-28,-54,71,75,-1,
83,74,-81,-26,-59,73,-59,56,77,11,34,-51,54,-13,23,74,-88,56,-19,-39,-1,
57,-94,93,94,78,-88,-59,-97,44,36,-81,8,-61,0,62,-76,-73,89,-29,47,1,
77,77,-88,-27,-58,71,-61,53,76,11,33,-54,50,-15,21,73,-92,57,-24,-39,-1,
-64,-27,21,-64,-31,29,-58,-38,-60,-40,28,-9,-62,-38,97,-93,-7,48,-84,95,-1,
-40,-31,18,-77,-64,96,68,-59,92,-65,-22,-22,52,-80,-71,-68,17,37,-64,89,-1,
-42,-34,21,-84,-58,91,72,-63,92,-65,-20,-24,53,-81,-66,-75,15,34,-63,85,-1,
53,-94,96,90,78,-92,-60,-98,46,33,-78,5,-56,0,67,-77,-71,89,-29,47,1,
-66,-30,18,-68,-31,20,-62,-43,-69,-41,26,-14,-65,-44,93,-91,-16,46,-93,90,-1,
54,-99,96,85,78,-95,-61,-97,43,31,-82,10,-63,-2,65,-78,-71,87,-29,46,1,
24,53,-2,-73,17,38,61,-90,82,70,-45,92,75,-35,93,-34,-24,-47,63,71,-1,
-61,-24,23,-62,-33,26,-57,-35,-60,-40,28,-17,-61,-38,88,-87,-14,53,-92,97,-1,
20,49,2,-77,19,39,68,-90,82,59,-43,98,70,-36,92,-35,-23,-49,64,74,-1,
22,51,-6,-75,17,38,67,-96,82,58,-45,91,74,-36,96,-35,-24,-58,64,74,-1,
27,52,2,-71,19,44,71,-89,90,68,-41,102,74,-29,95,-32,-18,-38,75,77,-1,
18,52,0,-79,22,36,61,-93,85,62,-41,96,68,-29,90,-37,-31,-51,65,66,-1,
-42,-32,22,-84,-59,87,71,-68,96,-61,-25,-23,48,-82,-67,-76,15,38,-67,85,-1,
-40,-32,23,-80,-62,91,72,-67,89,-63,-19,-29,54,-84,-63,-74,9,39,-66,87,-1,
-65,-34,22,-65,-37,21,-55,-43,-61,-37,21,-14,-67,-44,94,-95,-11,49,-89,89,-1,
-64,-28,23,-62,-31,23,-57,-43,-65,-43,25,-9,-61,-41,96,-94,-10,48,-90,92,-1,
26,50,-1,-78,19,46,65,-93,82,68,-46,93,75,-36,89,-35,-25,-51,68,80,-1,
83,73,-84,-20,-59,73,-55,54,76,9,36,-55,55,-16,29,69,-90,55,-19,-36,-1,
57,-95,97,98,79,-90,-56,-93,43,39,-80,9,-58,4,69,-77,-67,89,-20,47,1,
-40,-31,19,-77,-60,87,79,-67,96,-63,-24,-20,47,-83,-61,-76,14,36,-69,88,-1,
-56,-25,28,-63,-29,27,-58,-37,-55,-41,29,-7,-64,-39,96,-91,-11,55,-85,92,-1,
82,78,-85,-20,-55,74,-53,56,83,13,38,-52,57,-20,29,72,-88,58,-21,-36,-1,
-59,-27,24,-64,-32,27,-62,-36,-61,-41,23,-13,-65,-36,90,-92,-11,50,-89,87,-1,
78,77,-80,-22,-54,64,-55,54,85,7,31,-46,58,-17,27,68,-85,60,-26,-44,-1,
59,-98,95,92,87,-92,-61,-92,44,41,-80,10,-57,3,68,-70,-68,85,-24,49,1,
-67,-33,20,-68,-31,23,-63,-39,-68,-42,23,-22,-66,-40,89,-94,-13,48,-93,92,-1,
-65,-33,20,-68,-33,20,-60,-40,-72,-43,26,-12,-71,-40,90,-93,-13,46,-92,87,-1,
74,81,-87,-24,-57,68,-57,53,81,14,31,-51,58,-17,25,79,-93,55,-14,-39,-1,
80,74,-80,-21,-58,73,-54,53,78,8,32,-50,59,-15,27,70,-86,58,-20,-36,-1,
56,-97,92,93,79,-90,-62,-97,45,34,-80,7,-56,-10,72,-83,-72,88,-27,41,1,
77,71,-85,-29,-59,69,-56,50,80,9,37,-54,51,-16,20,77,-90,54,-15,-42,-1,
55,-100,93,95,77,-95,-59,-95,44,35,-84,13,-60,0,65,-82,-67,87,-28,42,1,
-41,-32,22,-80,-63,94,72,-66,100,-61,-26,-23,52,-79,-63,-75,13,37,-64,86,-1,
76,79,-86,-23,-53,71,-58,55,78,15,32,-50,53,-13,22,76,-88,60,-20,-38,-1,
75,74,-84,-24,-60,70,-55,48,81,8,30,-50,57,-19,25,69,-86,58,-20,-37,-1,
-69,-23,21,-62,-32,24,-54,-41,-64,-38,26,-18,-62,-40,91,-94,-6,47,-89,92,-1,
28,52,-3,-72,20,44,65,-87,86,68,-39,95,75,-34,100,-32,-21,-48,71,79,-1,
-36,-31,22,-76,-65,95,72,-65,93,-63,-23,-20,51,-78,-64,-71,13,36,-60,90,-1,
80,79,-77,-24,-54,73,-58,59,82,9,40,-54,61,-13,28,73,-84,62,-18,-35,-1,
59,-96,94,98,82,-87,-54,-99,46,36,-74,4,-57,0,74,-81,-67,89,-32,52,1,
61,-98,100,93,85,-97,-58,-98,50,33,-85,10,-54,0,68,-76,-78,88,-25,43,1,
74,82,-88,-27,-52,70,-56,56,80,12,39,-52,62,-22,31,73,-87,55,-12,-40,-1,
-43,-31,20,-83,-59,87,75,-69,97,-63,-22,-28,49,-87,-65,-80,15,36,-71,86,-1,
26,50,-4,-73,13,41,59,-92,82,65,-41,90,73,-33,88,-36,-30,-45,63,70,-1,
57,-99,91,94,77,-94,-61,-98,41,32,-85,8,-62,3,63,-78,-70,87,-29,46,1,
83,77,-82,-24,-54,68,-57,50,75,11,29,-53,53,-13,26,71,-89,51,-17,-45,-1,
25,53,0,-70,22,41,69,-92,88,63,-41,97,80,-32,95,-38,-20,-44,69,83,-1,
-60,-26,27,-62,-30,32,-57,-35,-61,-37,26,-10,-63,-34,97,-88,-11,53,-88,98,-1,
24,61,-6,-69,23,43,63,-90,82,69,-45,96,79,-33,94,-32,-23,-49,71,81,-1,
77,79,-86,-23,-55,70,-60,58,73,11,34,-47,54,-15,26,69,-89,56,-23,-40,-1,
25,49,0,-73,24,45,66,-88,89,64,-44,96,73,-34,95,-30,-23,-46,65,80,-1,
53,-99,97,98,78,-88,-59,-97,44,45,-78,4,-51,1,66,-75,-71,88,-27,46,1,
57,-93,98,95,84,-89,-57,-97,45,41,-79,10,-57,1,68,-74,-67,87,-22,47,1,
58,-97,93,95,78,-88,-64,-92,46,27,-74,8,-59,0,68,-83,-65,85,-28,45,1,
76,78,-84,-21,-57,75,-56,52,85,14,36,-46,57,-17,27,82,-87,63,-15,-36,-1,
53,-97,93,88,76,-91,-62,-96,41,32,-81,6,-62,-4,62,-81,-66,83,-23,41,1,
84,80,-81,-24,-52,74,-52,56,82,11,40,-48,54,-11,24,79,-85,58,-20,-36,-1,
26,52,0,-68,17,42,69,-93,84,67,-45,96,75,-38,97,-37,-22,-50,68,77,-1,
-41,-34,17,-76,-69,94,70,-68,92,-62,-32,-23,44,-80,-69,-72,14,29,-65,84,-1,
-56,-21,26,-59,-24,30,-54,-36,-59,-38,31,-13,-57,-35,103,-84,-9,52,-83,97,-1,
55,-92,101,94,83,-90,-54,-95,48,44,-78,9,-53,1,69,-72,-66,91,-19,45,1,
57,-101,93,92,77,-92,-58,-95,42,33,-81,11,-63,0,67,-80,-71,91,-31,47,1,
-42,-31,18,-77,-61,89,72,-70,92,-64,-23,-28,49,-82,-67,-75,11,41,-71,89,-1,
78,70,-88,-27,-61,71,-58,52,73,6,30,-53,47,-19,21,71,-97,54,-20,-42,-1,
-56,-31,21,-67,-30,25,-59,-40,-64,-47,28,-16,-61,-42,90,-91,-16,53,-92,95,-1,
53,-97,96,91,78,-90,-61,-92,46,37,-79,7,-57,-3,63,-81,-66,87,-26,45,1,
-37,-34,23,-82,-62,93,72,-58,93,-60,-25,-22,50,-76,-65,-73,15,37,-60,89,-1,
-44,-31,23,-81,-62,92,70,-69,98,-64,-20,-27,52,-82,-65,-77,13,38,-65,85,-1,
24,51,-3,-73,19,42,64,-94,87,66,-42,92,75,-34,91,-33,-25,-51,69,75,-1,
53,-94,93,88,81,-90,-64,-93,42,34,-79,5,-58,-1,66,-76,-69,83,-25,48,1,
23,55,-2,-75,18,43,60,-90,87,67,-42,97,75,-34,93,-35,-23,-47,70,75,-1,
-67,-27,24,-64,-31,28,-59,-43,-66,-42,23,-14,-65,-40,87,-88,-17,48,-95,92,-1,
24,51,-5,-76,20,41,63,-95,82,65,-42,92,73,-34,91,-34,-25,-54,70,74,-1,
53,-101,94,88,77,-92,-66,-98,45,33,-83,7,-60,-4,62,-80,-77,85,-34,43,1,
56,-101,95,89,77,-90,-58,-96,41,35,-81,7,-63,-2,67,-84,-70,90,-30,43,1,
-48,-28,19,-81,-60,90,72,-65,87,-63,-20,-26,50,-85,-70,-72,11,39,-72,85,-1,
72,76,-85,-24,-65,73,-58,47,79,9,35,-55,57,-19,28,75,-90,56,-13,-38,-1,
-36,-32,21,-78,-60,94,76,-64,96,-58,-26,-23,50,-78,-66,-75,15,38,-63,90,-1,
-65,-27,22,-71,-32,24,-62,-37,-66,-34,24,-15,-61,-43,93,-92,-12,49,-90,93,-1,
78,77,-75,-20,-59,78,-56,54,80,15,38,-50,59,-15,31,77,-88,62,-17,-37,-1,
23,53,-5,-70,20,35,64,-95,85,64,-46,94,76,-35,93,-36,-25,-44,66,74,-1,
-54,-25,29,-62,-25,27,-57,-35,-60,-38,31,-12,-58,-35,96,-86,-9,53,-88,95,-1,
53,-99,93,95,76,-92,-65,-97,41,29,-79,10,-62,-3,63,-76,-73,90,-25,41,1,
78,74,-88,-26,-63,69,-61,56,72,7,33,-53,56,-22,23,69,-93,54,-21,-40,-1,
56,-97,97,95,76,-93,-59,-98,45,37,-83,11,-58,2,70,-80,-67,88,-24,44,1,
-39,-29,23,-78,-59,92,69,-62,94,-59,-19,-25,55,-78,-63,-70,12,43,-62,89,-1,
-65,-32,20,-67,-31,21,-61,-39,-63,-39,24,-18,-67,-40,88,-91,-12,48,-92,93,-1,
55,-94,96,100,84,-89,-61,-94,45,37,-85,17,-56,-2,72,-82,-66,86,-28,45,1,
52,-93,94,96,81,-91,-62,-95,50,35,-77,7,-55,0,67,-77,-68,89,-28,46,1,
25,49,1,-74,25,37,64,-95,82,71,-47,96,71,-33,91,-32,-31,-50,65,74,-1,
59,-94,96,96,83,-89,-57,-97,46,37,-78,10,-55,0,68,-73,-69,93,-27,48,1,
-40,-33,20,-81,-64,96,70,-65,87,-60,-23,-25,50,-84,-65,-73,8,36,-66,81,-1,
-64,-32,22,-61,-39,27,-59,-37,-61,-43,26,-12,-59,-37,92,-88,-16,58,-90,93,-1,
26,57,-4,-69,20,41,64,-86,82,68,-40,92,76,-32,95,-30,-22,-45,69,77,-1,
20,47,-6,-74,19,38,61,-94,80,56,-45,90,73,-36,88,-35,-32,-53,63,76,-1,
-40,-31,23,-81,-59,93,73,-69,99,-64,-20,-22,54,-81,-64,-74,14,38,-62,88,-1,
62,-98,99,95,81,-92,-55,-96,50,35,-80,13,-57,1,70,-78,-69,90,-25,44,1,
-43,-33,20,-79,-64,87,70,-63,89,-62,-30,-25,46,-76,-69,-80,15,35,-63,85,-1,
-62,-34,25,-68,-32,27,-61,-37,-69,-39,25,-8,-62,-44,92,-88,-10,48,-94,97,-1,
81,75,-86,-28,-59,72,-59,54,77,11,39,-52,53,-18,24,76,-92,57,-16,-36,-1,
53,-98,87,92,75,-92,-65,-92,41,32,-79,3,-58,0,61,-78,-74,88,-30,45,1,
56,-94,93,92,80,-95,-59,-94,45,27,-80,10,-59,1,62,-77,-69,92,-29,46,1,
-40,-34,22,-78,-67,94,72,-71,96,-68,-26,-26,51,-82,-70,-74,10,35,-62,84,-1,
56,-95,100,92,82,-88,-60,-93,47,36,-73,13,-59,-2,71,-71,-71,94,-23,48,1,
21,52,-3,-72,18,43,62,-89,86,63,-42,95,74,-33,94,-35,-22,-48,69,81,-1,
52,-101,92,92,77,-97,-62,-102,45,32,-83,9,-64,0,63,-78,-70,83,-28,45,1,
-63,-31,19,-65,-30,23,-63,-37,-60,-42,27,-10,-68,-41,91,-90,-13,47,-88,93,-1,
-62,-28,26,-64,-29,26,-58,-39,-66,-43,27,-16,-62,-42,92,-87,-12,51,-91,91,-1,
-35,-34,22,-81,-60,91,76,-62,98,-65,-20,-19,53,-80,-62,-74,17,41,-63,93,-1,
-67,-28,24,-64,-38,25,-63,-37,-66,-38,21,-14,-61,-43,97,-95,-10,51,-92,91,-1,
-45,-30,23,-74,-60,94,74,-70,95,-61,-19,-25,51,-73,-67,-70,13,41,-63,87,-1,
21,50,-4,-72,16,38,60,-100,89,63,-49,100,72,-35,94,-38,-24,-53,67,72,-1,
78,76,-82,-19,-57,72,-52,51,78,9,34,-50,54,-14,28,70,-87,58,-25,-32,-1,
31,53,-1,-72,21,45,66,-92,87,70,-39,94,74,-31,91,-31,-21,-47,69,80,-1,
56,-101,89,92,76,-89,-61,-98,43,35,-82,2,-60,-1,61,-80,-71,90,-33,46,1,
-39,-26,17,-75,-60,94,74,-67,96,-62,-23,-18,54,-78,-64,-71,14,39,-64,91,-1,
-60,-30,23,-65,-35,20,-56,-43,-61,-36,27,-12,-65,-46,96,-90,-14,52,-90,96,-1,
-36,-34,22,-76,-59,96,74,-59,96,-62,-21,-22,55,-77,-61,-74,19,38,-63,93,-1,
85,80,-82,-27,-56,74,-58,59,81,12,36,-52,61,-14,28,71,-85,54,-17,-39,-1,
-57,-22,29,-61,-31,32,-51,-38,-55,-34,30,1,-61,-41,101,-84,-8,56,-83,103,-1,
75,78,-84,-26,-57,68,-59,54,81,11,34,-53,58,-18,30,69,-87,57,-17,-40,-1,
-33,-32,26,-81,-60,93,75,-61,93,-63,-19,-25,53,-81,-61,-72,17,36,-64,91,-1,
22,47,-1,-71,20,43,62,-89,85,63,-45,94,73,-38,96,-37,-29,-46,65,73,-1,
79,81,-82,-24,-52,71,-56,58,78,16,39,-52,58,-12,32,72,-87,56,-16,-37,-1,
76,76,-82,-27,-53,72,-57,56,78,13,35,-51,52,-12,26,71,-86,53,-14,-41,-1,
-67,-22,22,-68,-30,30,-62,-35,-64,-37,19,-11,-66,-40,91,-92,-15,46,-88,92,-1,
-38,-32,18,-80,-65,95,69,-68,92,-70,-23,-25,52,-82,-62,-74,6,36,-65,86,-1,
-41,-31,18,-78,-63,95,68,-68,93,-66,-23,-23,55,-83,-65,-73,13,38,-65,88,-1,
-64,-23,24,-64,-27,24,-61,-37,-63,-37,28,-11,-61,-37,94,-88,-7,50,-86,93,-1,
24,52,-4,-66,16,44,64,-93,93,67,-40,97,81,-35,97,-32,-23,-40,70,78,-1,
52,-97,90,94,80,-93,-65,-97,41,34,-81,6,-62,0,65,-77,-71,81,-24,44,1,
21,54,-3,-73,26,39,67,-92,86,62,-44,96,72,-33,96,-31,-28,-49,68,77,-1,
20,51,-7,-77,23,43,62,-91,84,60,-44,99,63,-27,92,-34,-30,-52,67,73,-1,
30,50,1,-72,24,41,68,-88,81,67,-40,94,72,-34,93,-32,-27,-46,70,75,-1,
78,75,-84,-23,-58,72,-58,54,73,9,32,-50,55,-18,25,70,-94,58,-19,-40,-1,
80,78,-87,-23,-53,71,-53,52,78,10,32,-51,56,-18,26,73,-87,55,-17,-39,-1,
75,72,-85,-25,-60,70,-58,55,76,9,32,-49,50,-18,24,65,-94,58,-18,-42,-1,
-50,-27,30,-64,-24,28,-55,-37,-59,-35,27,-6,-63,-37,100,-91,-5,50,-85,100,-1,
56,-91,94,95,82,-89,-59,-91,50,35,-74,7,-52,1,67,-75,-68,91,-28,46,1,
-59,-28,23,-65,-27,25,-59,-40,-64,-42,30,-14,-66,-36,94,-88,-12,49,-88,94,-1,
-64,-29,27,-64,-28,26,-56,-38,-59,-40,21,-8,-66,-44,94,-91,-10,47,-86,95,-1,
-61,-23,27,-60,-30,28,-52,-35,-59,-32,21,-6,-62,-36,96,-87,-8,55,-85,92,-1,
-60,-30,23,-67,-33,26,-54,-41,-64,-41,25,-14,-66,-43,98,-90,-11,47,-86,94,-1,
20,54,-5,-76,18,42,60,-93,81,63,-50,95,72,-41,92,-33,-26,-55,65,72,-1,
-64,-33,21,-65,-39,25,-64,-44,-65,-40,27,-9,-67,-44,92,-96,-17,45,-96,91,-1,
-44,-31,18,-80,-62,89,73,-64,93,-67,-21,-24,47,-81,-64,-74,16,39,-74,86,-1,
-61,-24,24,-64,-26,25,-56,-41,-61,-40,25,-10,-61,-39,90,-88,-11,50,-89,94,-1,
18,51,-9,-74,14,41,60,-93,84,58,-42,92,75,-35,93,-38,-25,-51,68,76,-1,
-38,-29,20,-78,-63,91,72,-60,97,-62,-22,-23,52,-81,-66,-73,17,42,-65,92,-1,
55,-97,95,94,77,-91,-61,-100,42,35,-82,9,-60,-1,61,-75,-72,87,-25,43,1,
-52,-24,25,-60,-28,25,-52,-39,-61,-35,30,-16,-60,-30,95,-84,-12,58,-89,94,-1,
79,81,-84,-21,-57,71,-57,61,81,11,38,-54,60,-14,27,75,-90,58,-21,-34,-1,
20,53,-8,-75,13,37,61,-95,78,64,-51,88,74,-43,95,-42,-26,-58,59,72,-1,
-40,-35,19,-82,-65,87,71,-67,90,-68,-26,-25,48,-87,-65,-77,13,32,-68,87,-1,
24,52,-3,-73,21,43,68,-97,92,64,-44,96,76,-34,94,-37,-21,-48,71,80,-1,
79,71,-86,-22,-56,70,-56,56,78,11,30,-51,56,-20,25,69,-91,57,-17,-40,-1,
77,74,-85,-27,-58,71,-58,52,74,10,34,-54,54,-18,23,70,-91,55,-15,-39,-1,
-38,-32,21,-77,-60,95,76,-67,94,-63,-24,-21,52,-79,-66,-73,14,38,-65,89,-1,
20,53,-5,-71,16,42,65,-97,84,61,-50,94,77,-35,88,-30,-29,-48,66,81,-1,
-43,-30,19,-83,-63,91,72,-69,91,-64,-29,-22,52,-86,-70,-80,12,32,-67,84,-1,
29,51,-1,-74,18,45,64,-87,81,69,-38,93,75,-33,95,-38,-22,-49,72,78,-1,
-63,-25,24,-66,-31,26,-59,-38,-61,-38,22,-7,-62,-44,92,-91,-12,50,-90,97,-1,
57,-94,94,92,81,-93,-56,-95,41,35,-79,4,-56,-1,67,-79,-70,84,-26,48,1,
25,48,-7,-72,19,36,62,-98,84,60,-41,94,73,-36,90,-32,-27,-51,67,74,-1,
54,-94,94,95,79,-93,-58,-93,46,37,-83,9,-54,-1,66,-80,-69,87,-30,45,1,
-39,-31,25,-79,-57,93,74,-62,94,-59,-22,-21,50,-75,-66,-74,19,38,-63,89,-1,
23,50,-4,-71,18,39,63,-93,88,65,-43,94,70,-35,94,-34,-29,-46,63,73,-1,
22,51,-7,-74,17,41,61,-89,81,61,-43,92,71,-35,94,-38,-25,-53,65,75,-1,
-67,-29,23,-67,-28,25,-57,-41,-63,-37,22,-10,-65,-40,93,-91,-13,48,-87,94,-1,
62,-104,99,94,80,-90,-59,-95,44,38,-80,10,-60,1,68,-76,-74,91,-22,41,1,
-38,-36,21,-79,-63,89,75,-64,91,-60,-25,-26,45,-80,-65,-76,14,38,-70,89,-1,
76,78,-81,-26,-54,72,-53,53,77,10,38,-50,56,-17,30,70,-90,56,-10,-40,-1,
51,-96,88,95,77,-93,-61,-98,40,36,-81,4,-59,-6,64,-78,-73,88,-27,43,1,
-42,-30,18,-79,-64,89,72,-64,92,-63,-27,-23,44,-83,-67,-81,16,38,-69,85,-1,
78,79,-78,-22,-59,75,-55,56,78,9,42,-53,63,-16,29,78,-90,58,-20,-35,-1,
20,46,-7,-75,10,40,62,-95,88,61,-49,91,71,-41,90,-36,-27,-45,60,73,-1,
-63,-31,16,-59,-37,25,-58,-38,-57,-37,27,-14,-62,-44,91,-87,-17,54,-93,90,-1,
59,-91,89,97,80,-88,-58,-92,47,33,-76,8,-54,0,67,-77,-71,96,-33,46,1,
22,54,0,-75,18,41,64,-90,82,69,-45,98,73,-29,95,-40,-22,-49,72,78,-1,
-37,-33,21,-86,-60,90,73,-71,94,-70,-21,-27,49,-81,-62,-80,11,35,-66,83,-1,
-49,-35,24,-86,-62,86,74,-71,95,-62,-23,-23,47,-80,-66,-78,11,34,-71,90,-1,
55,-96,88,96,76,-92,-62,-93,43,33,-82,8,-55,-4,61,-81,-65,83,-27,43,1,
59,-98,97,92,83,-95,-50,-97,47,39,-79,9,-58,0,65,-74,-64,89,-23,46,1,
-38,-33,25,-83,-61,89,70,-69,89,-63,-24,-24,50,-84,-66,-75,12,33,-60,84,-1,
-66,-23,21,-63,-34,26,-60,-39,-63,-39,27,-15,-59,-39,90,-85,-15,53,-91,92,-1,
17,47,-5,-74,16,35,56,-98,81,64,-47,94,73,-36,90,-39,-32,-54,64,73,-1,
-65,-19,20,-65,-32,24,-60,-37,-61,-35,20,-16,-65,-31,84,-87,-17,55,-91,93,-1,
-64,-25,21,-65,-26,25,-59,-36,-68,-41,24,-15,-60,-40,90,-87,-10,51,-91,93,-1,
58,-99,97,91,78,-89,-59,-99,48,31,-78,10,-59,-4,65,-79,-69,89,-34,48,1,
-40,-30,21,-78,-61,90,72,-63,90,-66,-21,-24,44,-75,-70,-69,16,35,-65,86,-1,
24,53,-1,-71,19,43,67,-93,93,68,-44,100,75,-34,98,-31,-22,-43,72,74,-1,
83,76,-82,-20,-56,71,-54,57,80,8,35,-47,50,-15,28,71,-95,59,-20,-43,-1,
-59,-33,25,-65,-32,28,-59,-35,-58,-37,27,-10,-65,-40,98,-87,-11,51,-85,96,-1,
27,52,2,-69,21,43,65,-84,80,69,-39,99,76,-33,96,-34,-27,-41,71,78,-1,
82,74,-82,-26,-54,65,-55,49,77,9,25,-51,53,-17,24,68,-90,52,-18,-45,-1,
75,75,-85,-24,-55,68,-56,52,79,7,31,-50,53,-16,23,69,-88,57,-22,-41,-1,
-60,-31,25,-57,-32,20,-53,-39,-59,-37,28,-9,-58,-38,98,-89,-7,55,-88,94,-1,
56,-97,94,97,79,-88,-64,-97,46,37,-80,11,-59,0,65,-76,-71,85,-32,51,1,
79,76,-84,-19,-60,72,-59,57,79,12,34,-52,58,-16,26,75,-95,62,-18,-37,-1,
74,79,-82,-22,-57,74,-55,55,78,10,38,-50,58,-15,26,76,-85,56,-15,-36,-1,
-65,-31,23,-68,-35,26,-60,-39,-68,-36,25,-14,-67,-42,94,-92,-15,46,-92,89,-1,
-65,-22,22,-55,-31,22,-55,-39,-58,-36,25,-15,-59,-36,92,-87,-8,56,-92,100,-1,
73,75,-88,-21,-62,64,-57,53,81,8,30,-53,58,-21,26,73,-91,55,-21,-38,-1,
-69,-26,17,-62,-33,19,-59,-42,-63,-41,18,-17,-64,-39,89,-93,-11,47,-91,92,-1,
26,54,2,-69,22,39,68,-91,82,69,-43,91,80,-33,92,-35,-22,-47,62,79,-1,
-56,-27,27,-61,-26,26,-51,-32,-61,-34,30,-9,-57,-37,97,-83,-9,58,-85,98,-1,
-34,-33,19,-78,-65,88,72,-67,91,-63,-24,-25,47,-84,-65,-73,12,37,-68,90,-1,
-36,-28,20,-76,-61,90,74,-63,93,-60,-28,-20,52,-80,-65,-76,17,36,-60,88,-1,
78,78,-82,-19,-56,71,-54,55,80,12,35,-50,59,-18,34,71,-89,57,-12,-38,-1,
22,43,0,-76,21,40,63,-90,82,64,-45,93,72,-37,90,-34,-29,-47,62,74,-1,
78,81,-82,-25,-50,68,-52,52,81,13,32,-51,56,-15,24,76,-86,53,-16,-40,-1,
59,-98,94,96,78,-87,-59,-94,39,37,-81,10,-59,1,67,-78,-67,86,-26,47,1,
-41,-36,19,-80,-64,94,70,-64,85,-67,-27,-23,51,-81,-70,-73,13,34,-66,86,-1,
78,82,-83,-23,-54,72,-59,59,82,13,36,-52,57,-12,32,75,-89,58,-16,-42,-1,
-39,-32,25,-76,-62,92,73,-63,90,-62,-18,-28,55,-83,-61,-79,18,37,-65,89,-1,
-41,-30,16,-78,-66,88,70,-62,89,-63,-25,-27,48,-76,-72,-75,11,35,-64,84,-1,
55,-98,92,93,82,-95,-62,-100,44,33,-86,12,-61,-4,66,-79,-75,85,-33,45,1,
19,52,-9,-73,16,36,61,-95,78,61,-46,88,75,-38,90,-36,-32,-51,64,75,-1,
-61,-29,25,-67,-31,24,-60,-42,-61,-39,25,-10,-68,-38,93,-93,-20,52,-90,91,-1,
79,80,-85,-27,-59,73,-58,55,77,12,34,-51,55,-16,24,71,-89,57,-18,-39,-1,
55,-92,93,92,84,-94,-57,-91,46,35,-83,8,-58,0,68,-82,-68,87,-25,43,1,
-42,-26,21,-79,-60,90,72,-66,91,-59,-19,-27,51,-78,-67,-73,14,37,-65,90,-1,
-68,-31,24,-65,-33,24,-57,-38,-65,-36,16,-12,-64,-40,90,-92,-12,52,-90,90,-1,
-65,-27,25,-62,-28,24,-54,-37,-62,-39,26,-11,-65,-37,95,-93,-12,50,-87,96,-1,
25,51,-3,-73,16,42,65,-97,89,60,-46,99,72,-32,95,-34,-22,-53,69,74,-1,
81,80,-84,-21,-54,73,-53,58,81,15,35,-44,58,-14,25,77,-85,58,-11,-34,-1,
22,56,-5,-72,27,36,63,-94,84,65,-43,91,77,-37,94,-32,-25,-54,67,74,-1,
-39,-30,20,-75,-60,95,75,-65,95,-63,-21,-19,54,-83,-59,-72,18,39,-66,92,-1,
76,74,-89,-25,-60,69,-56,49,76,7,31,-48,49,-19,21,72,-91,57,-23,-38,-1,
-56,-26,25,-61,-30,22,-56,-42,-58,-38,24,-11,-61,-38,97,-93,-8,56,-88,93,-1,
-64,-31,26,-68,-29,23,-62,-36,-68,-39,28,-13,-64,-40,93,-89,-14,49,-91,93,-1,
-42,-33,19,-83,-61,92,71,-70,89,-64,-26,-25,49,-84,-72,-77,14,33,-67,82,-1,
-61,-28,22,-62,-28,23,-57,-42,-59,-41,24,-14,-66,-38,88,-87,-16,53,-91,94,-1,
55,-96,93,94,78,-90,-62,-93,42,37,-78,6,-53,0,62,-75,-69,89,-26,41,1,
-64,-20,24,-60,-30,25,-51,-42,-55,-33,24,-6,-61,-39,92,-90,-10,53,-87,93,-1,
23,54,-3,-71,23,42,67,-94,92,63,-40,99,75,-30,98,-32,-24,-49,73,80,-1,
-42,-32,20,-82,-64,87,69,-68,93,-65,-24,-24,47,-85,-66,-76,13,35,-66,85,-1,
79,81,-89,-20,-58,70,-56,55,82,13,36,-49,56,-13,22,82,-86,57,-21,-35,-1,
58,-95,94,94,74,-88,-63,-95,45,28,-80,9,-58,0,68,-85,-64,87,-25,42,1,
-42,-35,21,-80,-65,90,75,-68,92,-62,-27,-27,49,-84,-67,-80,13,36,-69,85,-1,
85,79,-79,-18,-54,75,-49,58,83,12,44,-48,59,-14,30,78,-91,63,-16,-33,-1,
57,-96,96,98,83,-91,-55,-98,45,42,-81,11,-57,0,71,-76,-67,92,-25,46,1,
-60,-30,28,-66,-28,26,-58,-39,-67,-36,23,-11,-63,-42,100,-89,-9,47,-89,95,-1,
24,48,-2,-74,21,43,66,-97,88,59,-43,97,72,-34,90,-33,-27,-49,66,77,-1,
81,73,-84,-23,-59,75,-58,57,80,13,34,-49,59,-16,26,70,-88,60,-13,-36,-1,
-42,-29,24,-78,-63,90,70,-64,89,-60,-22,-24,47,-78,-64,-78,16,34,-63,87,-1,
-39,-36,22,-81,-58,93,77,-65,89,-63,-23,-26,50,-83,-65,-76,17,35,-69,84,-1,
53,-93,91,95,75,-87,-66,-99,39,27,-83,9,-63,-3,70,-89,-68,83,-28,40,1,
51,-97,94,92,77,-91,-64,-99,43,33,-78,5,-57,-2,65,-76,-68,87,-29,46,1,
-63,-24,24,-64,-29,26,-56,-39,-64,-35,23,-9,-59,-41,94,-87,-11,52,-90,96,-1,
-57,-25,32,-64,-25,28,-54,-35,-62,-32,26,-11,-60,-37,103,-89,-8,52,-83,96,-1,
-39,-29,24,-78,-63,98,70,-64,93,-64,-24,-21,52,-81,-61,-73,15,39,-64,87,-1,
-66,-27,21,-67,-32,25,-60,-43,-66,-43,22,-19,-64,-46,89,-89,-15,47,-93,88,-1,
24,47,-4,-77,22,41,63,-93,82,59,-43,98,69,-36,91,-34,-29,-51,70,77,-1,
22,52,1,-72,22,39,67,-91,84,62,-41,92,74,-29,90,-32,-26,-49,63,77,-1,
-44,-33,19,-83,-66,89,71,-72,88,-65,-26,-30,46,-85,-69,-81,9,30,-70,80,-1,
79,78,-87,-28,-58,67,-57,52,78,8,33,-47,52,-18,25,72,-87,55,-17,-37,-1,
60,-101,94,97,76,-90,-59,-98,44,36,-81,9,-60,1,64,-77,-75,94,-27,44,1,
81,79,-82,-22,-56,68,-55,53,81,14,36,-51,58,-17,28,74,-87,57,-18,-36,-1,
-43,-32,24,-81,-65,92,69,-66,92,-62,-24,-27,52,-88,-66,-79,14,37,-65,85,-1,
73,71,-84,-19,-59,75,-57,54,79,9,36,-57,58,-17,26,71,-89,56,-14,-44,-1,
57,-100,95,94,77,-92,-59,-95,39,39,-86,9,-58,5,61,-78,-67,88,-27,47,1,
-41,-34,20,-80,-64,95,72,-69,92,-64,-28,-25,50,-81,-66,-82,14,33,-63,84,-1,
75,76,-79,-26,-60,72,-60,54,77,13,34,-50,57,-16,25,70,-89,60,-21,-40,-1,
82,74,-76,-20,-55,76,-52,57,81,18,38,-48,61,-17,31,79,-87,63,-14,-31,-1,
56,-102,94,95,80,-93,-59,-92,43,37,-84,10,-59,2,65,-83,-69,83,-28,40,1,
20,49,-4,-76,16,40,61,-94,88,61,-44,96,71,-36,93,-33,-27,-49,66,74,-1,
20,52,-4,-73,20,42,60,-92,90,63,-43,99,75,-33,94,-31,-27,-45,68,72,-1,
-37,-36,23,-80,-60,91,74,-63,93,-64,-23,-26,52,-82,-65,-74,17,38,-64,86,-1,
78,75,-87,-24,-60,67,-60,54,76,8,33,-55,54,-16,26,71,-87,52,-21,-39,-1,
-41,-35,21,-82,-59,88,73,-66,93,-65,-24,-23,48,-85,-66,-73,14,39,-69,89,-1,
-30,-32,21,-72,-61,97,76,-64,90,-64,-23,-19,51,-83,-60,-66,10,39,-64,88,-1,
-38,-27,23,-79,-61,94,73,-68,98,-62,-21,-23,53,-85,-61,-75,14,36,-63,87,-1,
26,56,-3,-76,18,40,68,-100,82,67,-45,94,76,-32,91,-32,-25,-57,71,75,-1,
-62,-24,21,-61,-32,25,-58,-41,-62,-42,26,-8,-62,-40,93,-88,-13,52,-92,99,-1,
77,77,-80,-19,-54,71,-51,57,84,10,40,-50,62,-15,27,77,-85,64,-19,-33,-1,
53,-95,92,93,83,-93,-60,-96,48,36,-73,4,-59,-3,70,-74,-69,85,-21,47,1,
78,75,-83,-23,-59,69,-56,53,81,5,34,-52,56,-17,25,69,-89,59,-24,-40,-1,
26,58,1,-71,26,40,71,-93,88,67,-39,101,76,-29,97,-32,-18,-48,75,76,-1,
56,-97,93,95,77,-92,-61,-99,44,34,-82,8,-56,-3,64,-78,-71,90,-28,46,1,
-70,-24,21,-61,-31,32,-59,-33,-65,-37,27,-13,-63,-35,91,-83,-14,52,-88,88,-1,
60,-91,94,99,83,-82,-59,-89,49,35,-73,11,-57,0,66,-75,-65,91,-25,52,1,
70,75,-89,-24,-60,70,-60,55,74,7,28,-54,53,-17,22,66,-92,53,-23,-45,-1,
-44,-29,16,-83,-63,90,68,-69,95,-67,-25,-23,49,-82,-67,-82,15,32,-64,85,-1,
80,76,-79,-22,-55,75,-56,56,70,13,32,-50,57,-16,26,69,-87,56,-16,-37,-1,
-39,-33,26,-81,-62,90,74,-71,98,-66,-26,-20,49,-80,-59,-77,16,33,-63,88,-1,
83,73,-79,-23,-57,67,-52,49,77,15,30,-49,56,-19,28,76,-92,55,-12,-32,-1,
-37,-36,15,-79,-68,90,70,-65,92,-65,-28,-27,48,-85,-68,-77,10,34,-68,88,-1,
57,-102,94,94,72,-91,-64,-102,48,33,-83,15,-64,-5,65,-79,-72,89,-30,44,1,
55,-99,93,97,72,-95,-60,-100,45,36,-85,9,-55,-3,65,-79,-76,91,-29,43,1,
22,55,-4,-72,21,43,67,-90,93,68,-41,100,75,-29,99,-31,-20,-44,70,74,-1,
57,-89,94,94,85,-90,-57,-94,49,39,-81,10,-56,0,65,-76,-67,91,-27,47,1,
-38,-30,19,-78,-67,94,70,-62,90,-58,-28,-22,49,-79,-67,-74,14,33,-62,87,-1,
81,86,-82,-20,-53,75,-52,57,85,13,40,-48,59,-9,28,76,-83,57,-15,-35,-1,
80,78,-82,-23,-61,78,-53,58,79,13,36,-51,57,-16,27,74,-92,58,-18,-34,-1,
-38,-31,26,-80,-56,92,76,-63,95,-60,-16,-22,54,-82,-60,-71,17,41,-66,91,-1,
20,57,-4,-72,19,39,63,-94,87,70,-46,97,76,-32,96,-32,-30,-48,64,75,-1,
56,-97,98,97,80,-87,-61,-96,50,42,-80,12,-58,2,64,-77,-67,88,-28,46,1,
-46,-31,18,-81,-61,87,72,-63,94,-65,-23,-24,51,-78,-69,-78,16,41,-71,92,-1,
83,76,-79,-19,-60,79,-60,60,80,14,38,-43,58,-15,29,76,-91,70,-22,-31,-1,
25,53,0,-75,20,42,65,-94,84,65,-44,92,75,-34,93,-37,-24,-55,65,75,-1,
-38,-31,24,-80,-63,95,75,-60,91,-60,-22,-21,51,-80,-69,-72,18,34,-63,85,-1,
17,57,-1,-74,21,37,67,-94,84,62,-45,93,75,-30,90,-30,-25,-51,62,79,-1,
24,54,-2,-71,18,43,65,-93,88,62,-43,96,73,-38,91,-31,-25,-48,69,74,-1,
27,55,0,-69,22,37,69,-97,90,70,-40,98,78,-30,96,-39,-19,-45,69,75,-1,
-35,-31,21,-77,-64,92,70,-59,92,-67,-23,-23,49,-80,-61,-72,17,38,-64,88,-1,
-41,-29,25,-78,-63,90,75,-63,93,-57,-25,-20,48,-77,-67,-76,18,40,-64,89,-1,
-58,-28,26,-58,-31,24,-54,-37,-56,-42,30,-16,-63,-36,100,-86,-10,48,-83,94,-1,
-59,-25,27,-62,-27,27,-56,-36,-61,-37,28,-8,-63,-36,97,-88,-10,52,-88,99,-1,
-62,-29,23,-63,-31,26,-53,-37,-64,-35,26,-12,-63,-39,96,-90,-8,53,-87,93,-1,
24,55,0,-69,27,37,71,-96,90,65,-42,99,80,-32,94,-32,-21,-42,67,78,-1,
20,53,0,-77,17,41,62,-91,83,64,-45,99,68,-30,92,-32,-29,-49,70,73,-1,
82,77,-81,-22,-55,76,-48,58,80,12,35,-47,56,-14,24,76,-90,55,-16,-38,-1,
-40,-34,19,-86,-56,88,72,-66,94,-66,-22,-19,48,-85,-66,-75,13,40,-65,85,-1,
23,52,-3,-70,20,40,66,-95,85,62,-44,99,74,-32,98,-33,-24,-52,71,79,-1,
55,-95,93,95,84,-91,-57,-92,46,38,-79,7,-59,3,67,-79,-65,87,-30,49,1,
-59,-26,26,-61,-28,22,-59,-38,-65,-39,24,-16,-64,-39,93,-89,-13,53,-94,89,-1,
80,78,-85,-24,-59,75,-59,55,78,11,36,-53,55,-16,26,75,-91,60,-18,-34,-1,
22,47,-2,-75,21,32,69,-102,85,59,-46,94,70,-33,88,-32,-26,-51,64,74,-1,
-34,-33,23,-77,-60,94,75,-65,94,-62,-20,-24,51,-71,-63,-72,13,36,-58,90,-1,
27,51,-2,-69,16,47,64,-88,82,69,-43,96,74,-31,90,-30,-28,-41,70,79,-1,
45,-103,89,90,68,-97,-68,-101,37,35,-90,6,-64,-7,61,-85,-73,77,-26,36,1,
58,-91,95,100,79,-90,-57,-96,41,40,-82,10,-55,1,65,-75,-72,92,-22,44,1,
-45,-37,15,-84,-67,88,68,-70,89,-64,-30,-29,50,-83,-71,-79,5,35,-70,83,-1,
29,56,-1,-69,22,45,69,-90,85,71,-43,95,75,-31,98,-30,-25,-50,67,81,-1,
80,78,-84,-21,-54,73,-53,58,81,11,37,-46,55,-16,27,73,-89,61,-20,-37,-1,
-60,-29,24,-69,-32,23,-56,-39,-64,-40,23,-14,-63,-43,90,-89,-13,53,-89,91,-1,
57,-97,94,93,79,-93,-58,-96,43,31,-84,12,-64,0,64,-81,-70,88,-28,42,1,
-41,-36,18,-81,-67,89,69,-64,91,-64,-30,-25,44,-85,-67,-76,13,33,-67,80,-1,
-65,-28,25,-65,-26,30,-56,-34,-70,-36,35,-8,-62,-43,97,-85,-10,46,-89,95,-1,
-62,-33,22,-62,-35,20,-55,-42,-62,-43,23,-13,-63,-44,94,-93,-11,52,-90,90,-1,
51,-96,93,92,76,-95,-56,-100,45,35,-82,5,-57,0,67,-81,-70,90,-32,45,1,
22,62,0,-69,22,46,68,-85,89,69,-43,100,82,-34,101,-29,-19,-43,68,81,-1,
-43,-34,21,-82,-62,87,71,-65,85,-68,-26,-24,45,-84,-67,-75,15,34,-67,81,-1,
-45,-32,17,-78,-65,90,70,-69,91,-65,-25,-30,46,-86,-63,-79,12,37,-73,82,-1,
56,-95,95,98,82,-89,-63,-95,50,37,-75,10,-56,0,65,-69,-73,91,-23,49,1,
-45,-27,18,-78,-61,90,75,-68,96,-63,-21,-25,51,-77,-68,-76,13,33,-66,90,-1,
-63,-25,24,-64,-33,21,-55,-40,-63,-37,26,-15,-69,-41,96,-93,-16,49,-88,89,-1,
-62,-29,24,-69,-28,26,-60,-40,-70,-40,28,-10,-62,-45,93,-89,-11,45,-93,95,-1,
-64,-30,26,-64,-31,26,-56,-33,-64,-36,24,-7,-65,-44,93,-94,-14,53,-89,85,-1,
75,77,-82,-21,-55,70,-52,51,82,10,38,-51,53,-15,30,73,-89,56,-14,-37,-1,
-64,-25,19,-58,-31,25,-57,-36,-61,-37,27,-11,-60,-38,94,-89,-2,51,-87,94,-1,
-41,-31,18,-74,-64,90,71,-62,91,-67,-20,-27,45,-76,-68,-72,13,38,-67,86,-1,
20,49,-7,-72,18,40,60,-92,87,61,-41,94,72,-36,93,-37,-24,-47,69,76,-1,
83,83,-80,-19,-52,72,-49,59,83,18,40,-44,59,-13,31,78,-82,56,-11,-33,-1,
82,78,-86,-16,-55,68,-55,58,77,15,29,-44,53,-15,30,69,-87,57,-16,-36,-1,
-63,-36,24,-62,-34,23,-59,-39,-71,-43,27,-17,-67,-43,91,-91,-14,47,-99,86,-1,
56,-92,93,96,83,-90,-62,-98,47,32,-82,9,-58,1,65,-77,-70,87,-27,46,1,
56,-98,96,93,77,-94,-58,-98,46,34,-81,5,-53,1,67,-80,-71,86,-30,46,1,
-39,-32,22,-80,-60,92,73,-63,92,-63,-19,-27,53,-81,-64,-75,15,40,-66,89,-1,
76,75,-85,-26,-55,68,-54,48,83,2,35,-55,56,-19,25,71,-86,57,-23,-40,-1,
85,77,-85,-20,-56,76,-56,59,83,14,39,-47,57,-12,29,78,-88,67,-16,-30,-1,
-54,-24,28,-64,-23,23,-51,-39,-59,-34,30,-10,-59,-37,98,-91,0,48,-83,100,-1,
-60,-26,25,-62,-32,29,-54,-35,-60,-35,31,-15,-65,-34,93,-91,-13,53,-90,95,-1,
79,82,-83,-25,-56,73,-55,52,79,11,38,-52,55,-11,32,70,-84,56,-16,-34,-1,
22,46,0,-78,19,43,62,-90,84,61,-42,98,70,-32,92,-29,-29,-48,66,76,-1,
24,50,0,-72,17,38,65,-91,84,67,-40,91,79,-35,92,-37,-23,-45,66,73,-1,
52,-93,87,93,79,-93,-62,-96,40,31,-81,4,-57,-8,62,-80,-71,86,-28,42,1,
25,51,-2,-73,22,40,62,-89,84,68,-45,92,75,-31,94,-31,-30,-46,59,77,-1,
56,-103,93,92,77,-92,-59,-100,44,41,-81,5,-61,-4,62,-77,-72,86,-26,43,1,
-35,-32,24,-79,-65,94,70,-65,90,-60,-25,-20,46,-85,-62,-75,15,34,-65,85,-1,
52,-93,89,92,80,-91,-62,-90,42,38,-80,5,-59,0,65,-77,-71,89,-26,45,1,
75,77,-91,-25,-62,71,-60,55,79,10,33,-54,57,-19,24,75,-94,57,-18,-38,-1,
18,52,-4,-69,18,35,64,-98,86,61,-47,95,73,-37,91,-36,-31,-49,64,73,-1,
83,82,-82,-21,-54,72,-54,54,81,13,40,-50,61,-18,31,77,-90,57,-17,-37,-1,
83,75,-82,-22,-61,76,-55,60,80,8,35,-46,53,-8,23,69,-85,57,-16,-37,-1,
72,79,-88,-29,-57,66,-60,49,77,5,36,-54,54,-19,22,71,-93,54,-21,-44,-1,
-42,-29,17,-73,-65,91,74,-66,92,-63,-25,-24,47,-77,-70,-70,15,36,-69,90,-1,
23,44,-4,-76,17,43,61,-93,88,58,-42,92,72,-40,91,-35,-26,-50,63,74,-1,
60,-94,101,96,80,-90,-51,-99,49,41,-80,7,-58,4,72,-79,-66,90,-19,47,1,
-53,-34,23,-65,-28,24,-59,-39,-64,-39,26,-10,-69,-36,93,-90,-10,50,-90,92,-1,
77,78,-89,-27,-62,70,-60,50,78,8,35,-57,51,-15,23,73,-89,52,-20,-39,-1,
23,51,-5,-76,19,45,63,-95,90,62,-45,99,71,-34,94,-34,-22,-53,71,78,-1,
75,80,-86,-22,-57,74,-56,58,80,9,36,-47,59,-15,28,73,-88,58,-12,-41,-1,
77,71,-77,-22,-61,72,-57,58,82,10,35,-51,62,-19,25,68,-91,65,-20,-38,-1,
76,75,-85,-19,-58,72,-50,52,79,8,35,-51,56,-19,28,71,-89,57,-14,-36,-1,
52,-97,94,90,78,-93,-60,-96,39,37,-85,7,-59,-3,65,-83,-70,83,-29,40,1,
-59,-22,28,-63,-26,28,-52,-40,-60,-37,26,-7,-62,-39,95,-85,-14,52,-86,97,-1,
20,56,0,-71,17,43,70,-92,87,61,-42,97,74,-31,98,-35,-20,-53,71,81,-1,
74,81,-78,-24,-53,70,-56,50,83,11,35,-47,56,-12,26,77,-83,60,-21,-39,-1,
79,76,-83,-19,-60,73,-54,55,79,11,35,-50,60,-18,26,74,-90,59,-19,-33,-1,
58,-95,93,97,76,-89,-57,-102,46,35,-79,5,-59,-2,63,-81,-69,87,-27,45,1,
57,-96,92,94,80,-92,-58,-97,46,36,-82,8,-60,0,66,-79,-67,89,-22,42,1,
-61,-26,26,-63,-27,26,-51,-36,-65,-34,23,-15,-61,-38,98,-88,-4,48,-84,95,-1,
60,-90,93,100,80,-85,-58,-91,50,38,-75,10,-51,0,66,-75,-66,96,-30,53,1,
-63,-30,25,-68,-28,28,-54,-40,-65,-41,29,-14,-61,-44,95,-87,-14,46,-85,92,-1,
57,-97,96,94,84,-90,-58,-95,47,38,-78,6,-59,2,66,-77,-69,86,-25,44,1,
58,-99,96,95,78,-86,-62,-93,43,41,-81,9,-57,-3,66,-80,-70,87,-23,42,1,
-40,-34,20,-78,-64,92,71,-68,90,-59,-28,-27,48,-83,-67,-75,10,35,-64,83,-1,
79,80,-87,-14,-58,74,-50,57,82,13,38,-52,55,-11,30,72,-86,54,-19,-34,-1,
-64,-22,24,-66,-29,29,-60,-39,-65,-38,22,-13,-62,-38,86,-88,-16,49,-94,93,-1,
55,-99,97,90,81,-90,-58,-93,43,38,-78,6,-57,-2,70,-80,-67,86,-24,43,1,
-39,-32,19,-78,-63,90,74,-63,99,-64,-23,-22,45,-79,-60,-73,14,38,-70,89,-1,
-61,-30,29,-62,-30,30,-54,-34,-63,-35,27,-9,-58,-39,97,-94,-5,49,-89,93,-1,
51,-98,89,93,74,-92,-64,-99,43,35,-82,3,-56,-5,63,-83,-72,83,-33,40,1,
-59,-28,22,-59,-33,27,-57,-34,-59,-41,31,-11,-59,-39,98,-85,-12,56,-87,95,-1,
22,51,-5,-73,20,41,61,-93,88,64,-44,95,75,-37,98,-38,-25,-54,64,75,-1,
78,75,-86,-23,-58,72,-55,55,78,9,35,-51,59,-17,26,74,-88,59,-16,-38,-1,
-58,-26,26,-61,-25,24,-55,-35,-56,-43,29,-11,-58,-41,97,-91,-6,50,-83,97,-1,
59,-95,94,99,78,-86,-59,-97,50,36,-76,12,-56,-4,70,-81,-63,91,-27,45,1,
-38,-33,24,-81,-61,91,74,-68,90,-62,-25,-24,49,-84,-63,-74,7,41,-64,81,-1,
74,74,-87,-23,-59,69,-56,51,73,8,31,-57,55,-17,25,69,-93,52,-17,-41,-1,
76,76,-82,-25,-57,69,-53,47,77,8,35,-51,52,-17,23,74,-93,52,-16,-45,-1,
27,53,-2,-74,21,45,66,-95,90,62,-42,100,73,-35,98,-37,-21,-53,72,75,-1,
-41,-33,20,-79,-63,88,70,-64,90,-63,-29,-22,44,-80,-68,-74,14,38,-67,87,-1,
80,74,-84,-24,-57,64,-55,54,82,7,34,-48,52,-16,25,71,-87,54,-19,-41,-1,
82,77,-85,-24,-59,73,-55,53,77,13,36,-52,55,-13,27,74,-87,53,-12,-34,-1,
82,73,-86,-28,-59,69,-61,59,80,8,36,-52,56,-17,20,72,-91,55,-16,-40,-1,
-36,-29,22,-81,-58,92,73,-65,98,-62,-21,-23,51,-77,-64,-76,14,41,-61,90,-1,
-35,-35,20,-79,-65,90,71,-64,94,-65,-26,-26,53,-87,-61,-77,13,38,-66,87,-1,
-39,-30,21,-78,-63,93,71,-67,92,-64,-22,-24,48,-81,-64,-71,12,36,-66,85,-1,
-37,-32,18,-80,-63,89,73,-62,89,-61,-26,-25,47,-82,-66,-74,15,34,-68,88,-1,
-42,-32,18,-75,-66,93,70,-72,90,-69,-20,-29,52,-84,-67,-75,8,35,-67,84,-1,
-64,-23,21,-64,-32,28,-59,-34,-66,-33,25,-15,-61,-38,95,-86,-11,53,-89,93,-1,
-68,-29,20,-61,-33,23,-51,-41,-64,-34,29,-10,-62,-39,99,-90,-7,50,-85,96,-1,
76,74,-83,-22,-58,70,-54,52,78,10,35,-53,54,-18,28,72,-89,57,-23,-37,-1,
80,75,-82,-18,-56,80,-54,61,81,12,41,-50,57,-10,26,79,-88,64,-19,-35,-1,
-65,-27,22,-61,-33,22,-58,-36,-61,-38,27,-9,-59,-43,97,-89,-11,52,-88,95,-1,
77,76,-86,-24,-61,72,-59,54,78,6,38,-60,56,-16,26,71,-91,55,-22,-40,-1,
83,79,-85,-21,-55,76,-56,62,78,14,37,-50,61,-17,32,72,-90,58,-12,-39,-1,
24,55,-3,-71,22,42,66,-88,85,68,-41,92,79,-34,95,-34,-20,-46,69,80,-1,
-62,-28,26,-65,-30,30,-59,-33,-62,-39,27,-16,-63,-41,91,-89,-14,50,-90,89,-1,
53,-93,93,95,78,-91,-62,-95,44,33,-80,10,-60,-1,72,-82,-68,87,-23,43,1,
-42,-30,20,-78,-63,92,68,-65,93,-66,-19,-28,47,-76,-65,-72,9,37,-66,83,-1,
52,-96,91,95,75,-90,-65,-98,46,33,-81,8,-59,-1,63,-79,-69,86,-28,44,1,
26,55,0,-69,21,45,67,-91,89,67,-42,102,76,-31,96,-30,-22,-46,73,81,-1,
53,-99,97,89,76,-91,-66,-99,39,34,-85,7,-62,0,64,-79,-72,84,-24,40,1,
-39,-34,21,-79,-65,93,74,-65,95,-66,-25,-22,49,-82,-61,-77,15,32,-65,86,-1,
-65,-27,24,-59,-34,28,-56,-41,-58,-40,25,-12,-60,-38,93,-88,-13,53,-91,99,-1,
-42,-31,19,-84,-63,90,69,-68,91,-63,-25,-21,46,-84,-69,-75,11,34,-66,81,-1,
20,52,-4,-73,20,40,61,-92,86,66,-44,93,79,-41,93,-37,-25,-45,66,74,-1,
-41,-36,20,-83,-60,87,71,-67,95,-68,-23,-26,52,-83,-70,-78,18,33,-63,86,-1,
-58,-26,29,-69,-31,27,-62,-33,-59,-37,25,-11,-67,-35,94,-91,-12,52,-84,94,-1,
-43,-32,26,-84,-63,90,71,-68,89,-60,-21,-29,50,-80,-65,-80,12,35,-67,86,-1,
-65,-29,22,-63,-24,25,-58,-33,-65,-37,25,-11,-63,-34,92,-91,-8,49,-86,91,-1,
-63,-24,26,-61,-29,28,-52,-37,-58,-39,27,-6,-58,-40,93,-84,-11,51,-84,93,-1,
62,-97,99,94,88,-92,-58,-96,54,34,-81,14,-57,2,69,-77,-69,91,-27,44,1,
-38,-31,20,-77,-62,90,74,-69,97,-66,-20,-26,49,-84,-63,-76,15,37,-65,88,-1,
-63,-28,26,-66,-26,20,-55,-36,-63,-36,24,-14,-63,-42,95,-89,-11,52,-85,91,-1,
54,-90,94,92,80,-90,-59,-95,48,31,-78,8,-59,-2,68,-82,-69,89,-27,45,1,
-39,-29,18,-77,-62,90,73,-64,93,-64,-24,-22,51,-81,-70,-72,17,34,-64,86,-1,
76,74,-86,-28,-60,66,-57,52,79,7,32,-56,57,-21,24,69,-87,53,-19,-39,-1,
-67,-26,26,-63,-31,29,-57,-33,-62,-34,27,-7,-61,-39,96,-88,-11,49,-85,94,-1,
-34,-32,22,-78,-62,94,72,-67,91,-67,-19,-20,49,-83,-65,-69,11,38,-65,87,-1,
-38,-34,23,-81,-65,88,72,-65,94,-62,-27,-22,45,-81,-66,-80,20,33,-65,89,-1,
56,-94,93,90,82,-95,-58,-97,48,37,-85,11,-63,-2,72,-81,-71,87,-24,45,1,
50,-98,93,91,75,-96,-60,-99,41,30,-85,8,-66,-3,62,-84,-72,85,-26,40,1,
60,-96,99,97,77,-89,-56,-96,41,37,-82,15,-60,5,69,-78,-61,87,-21,51,1,
74,76,-90,-24,-62,70,-56,52,80,8,29,-46,52,-20,23,74,-91,56,-20,-39,-1,
57,-96,97,92,78,-91,-61,-94,41,37,-80,9,-56,-1,68,-73,-74,87,-22,46,1,
-60,-32,26,-62,-32,20,-59,-39,-59,-38,21,-7,-68,-39,95,-91,-8,50,-85,86,-1,
-41,-32,20,-84,-63,84,72,-73,89,-64,-25,-24,45,-87,-67,-75,10,35,-71,83,-1,
-40,-31,14,-76,-65,95,68,-64,92,-60,-28,-23,51,-83,-69,-74,13,40,-68,83,-1,
-62,-28,18,-62,-34,26,-61,-37,-60,-42,25,-13,-63,-39,92,-87,-10,51,-86,89,-1,
76,77,-86,-20,-59,68,-55,49,79,9,30,-50,52,-14,22,73,-93,57,-21,-40,-1,
23,53,0,-74,22,42,68,-90,89,66,-39,94,76,-29,97,-33,-23,-48,66,81,-1,
-56,-28,25,-67,-29,21,-53,-40,-67,-36,28,-10,-60,-48,102,-90,-7,50,-87,94,-1,
-46,-35,18,-84,-63,87,73,-72,92,-67,-27,-25,45,-83,-66,-79,7,38,-73,81,-1,
-62,-31,23,-67,-34,21,-57,-41,-61,-39,30,-17,-62,-42,94,-94,-11,52,-88,93,-1,
22,58,-4,-73,20,39,64,-95,86,70,-45,96,74,-28,89,-30,-23,-49,68,75,-1,
-39,-31,23,-83,-60,92,73,-66,94,-63,-23,-26,55,-83,-69,-71,10,42,-65,90,-1,
59,-98,96,100,77,-90,-62,-94,47,36,-79,13,-57,1,65,-76,-66,85,-23,49,1,
76,78,-84,-18,-55,71,-50,51,81,8,37,-48,50,-13,26,74,-88,61,-22,-34,-1,
-59,-26,24,-65,-34,28,-54,-41,-62,-39,26,-8,-64,-40,92,-87,-17,55,-90,99,-1,
-39,-33,22,-83,-65,89,73,-65,92,-69,-30,-21,42,-80,-66,-77,15,34,-68,84,-1,
-66,-30,21,-69,-33,27,-56,-40,-64,-39,22,-7,-66,-47,94,-95,-11,46,-86,91,-1,
-67,-25,23,-66,-30,20,-63,-39,-65,-44,23,-17,-65,-42,89,-91,-12,47,-91,92,-1,
81,76,-83,-21,-54,68,-51,55,82,6,33,-51,57,-15,26,69,-87,56,-17,-39,-1,
-63,-29,20,-61,-29,28,-54,-38,-61,-32,24,-9,-62,-38,95,-89,-17,54,-89,94,-1,
54,-102,94,91,75,-91,-62,-98,42,33,-81,8,-63,0,67,-81,-69,91,-30,45,1,
21,53,-5,-75,17,37,57,-97,81,72,-50,97,72,-34,89,-33,-28,-51,66,72,-1,
23,47,-4,-72,19,44,59,-92,87,64,-39,94,76,-30,92,-33,-27,-49,67,85,-1,
82,83,-84,-22,-53,76,-52,56,82,15,37,-49,58,-10,29,79,-88,57,-13,-36,-1,
26,49,-5,-72,13,39,66,-98,84,61,-45,94,74,-34,91,-34,-26,-50,67,74,-1,
24,59,-3,-69,20,43,67,-91,85,66,-40,91,78,-29,94,-37,-23,-50,66,81,-1,
76,78,-85,-21,-58,77,-61,58,72,14,33,-54,56,-14,27,70,-90,57,-19,-40,-1,
77,77,-85,-24,-58,76,-57,51,83,10,34,-49,57,-15,23,78,-90,63,-20,-36,-1,
58,-102,93,94,79,-94,-60,-100,47,31,-82,11,-63,-1,66,-79,-71,88,-29,46,1,
-42,-33,21,-81,-64,93,69,-71,87,-61,-28,-26,49,-85,-72,-74,13,32,-69,83,-1,
57,-97,93,93,80,-93,-61,-93,46,30,-81,11,-59,0,66,-79,-71,88,-28,45,1,
76,71,-88,-29,-60,68,-60,55,77,6,33,-56,52,-17,17,70,-91,58,-25,-39,-1,
-35,-34,23,-81,-60,91,75,-65,96,-62,-25,-20,47,-78,-64,-75,17,38,-64,89,-1,
80,82,-82,-22,-54,71,-54,57,86,15,40,-49,57,-13,29,77,-89,60,-17,-34,-1,
-59,-30,26,-64,-31,25,-58,-37,-62,-37,27,-9,-65,-37,97,-94,-12,53,-90,97,-1,
56,-98,93,99,78,-91,-60,-96,47,35,-78,10,-54,-5,65,-78,-68,86,-29,45,1,
-67,-31,25,-70,-29,27,-61,-36,-69,-40,28,-12,-64,-43,94,-91,-11,43,-89,92,-1,
81,83,-81,-20,-54,73,-51,53,86,11,39,-47,61,-16,32,74,-86,60,-15,-37,-1,
28,55,1,-72,20,39,69,-93,82,70,-43,93,78,-31,94,-34,-24,-48,69,75,-1,
-57,-30,30,-59,-27,25,-61,-32,-63,-40,25,-10,-65,-36,91,-89,-11,49,-95,90,-1,
-41,-27,23,-78,-58,92,76,-72,94,-65,-18,-26,52,-80,-60,-77,12,37,-65,86,-1,
78,78,-81,-23,-58,80,-53,56,87,12,36,-49,61,-9,22,79,-83,61,-9,-38,-1,
82,81,-77,-21,-53,78,-53,59,87,15,37,-47,65,-12,28,77,-85,63,-11,-35,-1,
-45,-25,16,-76,-63,88,73,-71,95,-62,-20,-26,49,-82,-67,-73,10,37,-68,88,-1,
-40,-34,22,-82,-59,91,72,-62,96,-65,-21,-22,52,-82,-64,-72,20,38,-70,93,-1,
51,-97,89,91,79,-93,-64,-102,47,28,-77,2,-59,-7,63,-80,-73,89,-33,43,1,
-34,-27,24,-80,-58,93,74,-63,98,-60,-19,-19,50,-75,-62,-74,20,39,-64,91,-1,
-37,-33,20,-76,-64,90,76,-71,93,-60,-27,-26,50,-83,-67,-78,12,38,-65,88,-1,
79,73,-85,-20,-61,75,-56,55,75,10,34,-52,57,-18,30,69,-87,57,-12,-33,-1,
80,70,-84,-17,-64,75,-55,54,76,8,35,-52,53,-18,30,67,-92,60,-18,-36,-1,
29,53,2,-70,24,43,74,-92,87,66,-40,96,77,-30,96,-35,-18,-48,68,82,-1,
-40,-33,21,-78,-59,88,74,-66,98,-59,-23,-23,47,-80,-64,-77,19,40,-70,93,-1,
53,-96,93,94,80,-90,-63,-94,42,32,-79,8,-60,0,63,-77,-69,89,-27,45,1,
80,77,-84,-21,-58,74,-56,58,78,9,33,-47,55,-11,23,72,-86,58,-20,-37,-1,
77,76,-82,-17,-55,68,-56,56,78,9,33,-49,60,-17,29,70,-87,59,-17,-39,-1,
-58,-26,22,-66,-28,28,-56,-39,-62,-36,24,-15,-62,-41,92,-89,-10,50,-90,96,-1,
82,76,-82,-17,-56,70,-53,58,78,17,34,-49,57,-17,31,72,-87,57,-18,-35,-1,
24,49,-9,-70,16,39,62,-96,82,65,-44,91,71,-36,92,-35,-29,-52,73,76,-1,
26,48,1,-74,18,40,67,-93,83,64,-43,94,71,-36,92,-33,-25,-49,67,76,-1,
-44,-34,19,-83,-65,89,68,-70,87,-65,-25,-28,47,-81,-70,-76,11,32,-67,81,-1,
-70,-35,22,-69,-34,20,-62,-40,-65,-37,21,-12,-69,-45,88,-92,-17,47,-93,89,-1,
75,79,-87,-23,-63,72,-55,49,77,7,37,-52,53,-15,20,76,-89,53,-21,-38,-1,
80,76,-81,-20,-57,73,-54,58,81,12,40,-48,54,-11,30,69,-88,59,-13,-37,-1,
-40,-37,22,-87,-62,91,69,-64,90,-66,-26,-22,50,-83,-66,-76,12,35,-64,87,-1,
58,-98,94,93,78,-94,-58,-93,45,42,-84,9,-58,3,64,-78,-66,87,-24,48,1,
21,49,-3,-71,20,37,63,-93,86,66,-44,92,74,-38,93,-31,-28,-48,66,78,-1,
77,77,-84,-23,-56,68,-54,53,81,10,32,-51,58,-17,26,70,-86,56,-17,-40,-1,
27,50,-3,-69,21,44,66,-96,92,66,-40,94,75,-33,90,-31,-23,-47,67,80,-1,
-35,-30,25,-74,-62,97,73,-64,94,-65,-19,-24,49,-83,-56,-72,17,36,-65,84,-1,
-61,-25,26,-69,-28,28,-58,-39,-60,-41,27,-11,-64,-38,91,-89,-12,50,-85,94,-1,
55,-102,96,93,80,-95,-57,-103,50,32,-78,11,-64,-5,69,-78,-73,92,-28,42,1,
22,57,-3,-69,21,39,64,-93,88,62,-43,95,78,-31,93,-35,-21,-47,63,77,-1,
-57,-25,24,-56,-29,29,-47,-35,-60,-37,31,-7,-59,-39,96,-86,-10,55,-87,87,-1,
-37,-32,22,-81,-62,90,71,-66,94,-62,-23,-23,46,-81,-65,-72,13,38,-65,85,-1,
-68,-26,21,-63,-28,23,-57,-41,-63,-37,24,-8,-61,-43,94,-89,-14,49,-89,96,-1,
-65,-30,21,-65,-34,31,-60,-36,-68,-40,30,-12,-61,-47,92,-91,-15,48,-95,88,-1,
-37,-37,22,-79,-66,94,69,-66,88,-69,-23,-28,54,-84,-63,-76,10,35,-62,86,-1,
58,-97,94,94,76,-88,-59,-97,43,35,-80,8,-59,-1,62,-78,-69,88,-27,46,1,
-66,-32,26,-62,-38,21,-55,-43,-59,-40,21,-14,-65,-45,88,-91,-17,51,-94,93,-1,
52,-96,96,93,78,-94,-60,-100,47,29,-80,10,-60,-1,71,-82,-65,89,-27,47,1,
19,52,-6,-76,17,40,60,-91,78,58,-46,93,70,-39,88,-35,-28,-52,67,75,-1,
-63,-29,25,-62,-31,25,-54,-42,-62,-34,25,-9,-65,-39,97,-88,-10,52,-88,94,-1,
-45,-34,27,-87,-63,87,69,-70,89,-69,-23,-30,54,-88,-68,-81,17,29,-62,83,-1,
24,49,-6,-72,16,44,61,-92,88,62,-44,95,72,-39,93,-34,-30,-48,65,77,-1,
-37,-33,22,-78,-61,92,74,-67,94,-64,-27,-22,48,-86,-65,-74,16,39,-68,87,-1,
-40,-30,20,-78,-61,92,72,-64,93,-61,-23,-23,56,-81,-65,-73,15,38,-63,90,-1,
78,81,-81,-21,-53,74,-58,57,77,11,40,-49,58,-14,30,73,-88,59,-18,-41,-1,
-45,-36,17,-82,-65,90,70,-72,90,-70,-27,-29,51,-90,-67,-78,9,32,-70,82,-1,
-57,-27,24,-66,-33,27,-61,-41,-61,-42,31,-13,-59,-43,97,-88,-12,51,-90,98,-1,
-42,-30,16,-84,-58,86,72,-65,95,-65,-23,-23,50,-77,-68,-74,12,36,-65,87,-1,
56,-97,96,93,80,-91,-58,-96,49,34,-76,11,-62,-2,70,-77,-71,93,-26,45,1,
-37,-35,21,-84,-63,97,68,-66,88,-65,-26,-21,53,-76,-70,-71,12,32,-62,87,-1,
77,78,-84,-27,-57,72,-59,53,79,12,36,-55,53,-14,22,75,-90,55,-21,-40,-1,
21,55,-2,-75,17,38,65,-94,79,63,-46,94,73,-30,94,-37,-27,-55,64,79,-1,
57,-98,92,99,80,-88,-65,-94,45,35,-80,9,-58,1,65,-77,-69,85,-28,51,1,
-61,-32,24,-62,-32,30,-58,-36,-59,-38,25,-12,-65,-37,95,-92,-14,52,-89,95,-1,
76,79,-82,-20,-56,73,-50,51,84,12,31,-49,58,-14,25,78,-87,56,-16,-38,-1,
20,54,-3,-72,20,39,59,-93,89,66,-46,100,75,-34,94,-35,-26,-47,62,73,-1,
28,53,-2,-71,23,40,67,-96,90,67,-44,97,78,-35,96,-33,-20,-49,67,79,-1,
51,-95,96,95,85,-92,-59,-100,49,38,-80,11,-57,-4,73,-76,-73,93,-32,46,1,
-68,-26,26,-64,-35,26,-60,-35,-57,-36,19,-5,-67,-40,94,-93,-10,51,-83,92,-1,
25,47,0,-74,21,42,68,-95,83,61,-44,95,70,-33,94,-36,-26,-55,71,77,-1,
27,49,5,-74,24,43,68,-92,90,66,-41,98,75,-30,94,-30,-24,-47,65,75,-1,
78,79,-86,-24,-57,66,-58,55,81,18,33,-49,57,-19,31,77,-90,53,-16,-39,-1,
-62,-27,24,-58,-32,25,-55,-34,-59,-36,22,-13,-61,-34,96,-88,-8,52,-86,92,-1,
60,-99,93,92,81,-90,-61,-94,46,37,-80,7,-58,2,64,-74,-74,86,-32,52,1,
82,72,-81,-22,-56,70,-53,55,78,15,34,-48,54,-18,26,71,-86,55,-15,-37,-1,
-59,-26,20,-63,-30,23,-60,-39,-59,-40,28,-16,-62,-35,88,-88,-13,54,-90,93,-1,
83,76,-87,-20,-55,69,-53,55,86,10,30,-48,56,-17,25,71,-92,61,-21,-43,-1,
24,52,-5,-72,22,39,66,-96,85,65,-43,94,73,-32,92,-34,-23,-52,66,80,-1,
55,-100,95,98,78,-90,-60,-99,38,37,-84,7,-56,-3,60,-79,-71,87,-23,39,1,
-39,-29,20,-74,-66,93,72,-70,91,-67,-22,-26,48,-83,-65,-74,13,37,-70,85,-1,
-40,-37,19,-88,-64,87,65,-62,88,-65,-26,-27,47,-81,-74,-75,14,33,-65,82,-1,
80,75,-87,-24,-57,73,-61,56,73,13,34,-52,54,-18,29,69,-87,55,-18,-40,-1,
-68,-29,25,-67,-30,25,-60,-41,-62,-40,23,-12,-63,-40,93,-88,-14,48,-86,93,-1,
-64,-24,21,-65,-34,30,-57,-34,-63,-37,28,-8,-59,-39,90,-87,-10,55,-88,94,-1,
52,-98,96,92,74,-95,-59,-106,47,39,-90,8,-59,0,64,-84,-65,83,-31,45,1,
-62,-34,25,-68,-28,22,-61,-37,-63,-42,26,-13,-65,-45,95,-90,-13,47,-88,95,-1,
-65,-33,17,-62,-33,23,-54,-44,-61,-41,21,-13,-62,-44,90,-93,-14,50,-91,91,-1,
-41,-32,18,-78,-65,88,72,-65,89,-66,-27,-24,49,-85,-70,-75,14,34,-67,85,-1,
-46,-31,15,-79,-64,86,69,-67,90,-67,-23,-28,47,-83,-69,-77,12,37,-70,89,-1,
60,-97,96,99,78,-87,-61,-95,48,33,-79,14,-59,2,66,-77,-71,93,-30,49,1,
77,75,-84,-18,-60,75,-51,53,80,13,36,-50,52,-13,26,76,-92,58,-14,-38,-1,
-58,-23,20,-62,-26,25,-51,-38,-59,-40,28,-14,-55,-41,96,-87,-2,50,-82,93,-1,
25,49,-5,-73,19,44,63,-96,86,61,-44,96,74,-33,91,-30,-31,-49,68,80,-1,
22,51,-4,-75,20,38,64,-94,83,63,-48,92,72,-30,89,-31,-30,-48,59,77,-1,
22,52,-1,-74,21,40,69,-92,83,60,-40,91,74,-32,92,-35,-25,-49,66,77,-1,
-43,-32,17,-79,-65,89,73,-68,97,-70,-23,-24,50,-84,-63,-79,14,34,-67,87,-1,
-64,-27,22,-68,-27,24,-61,-39,-67,-41,26,-13,-63,-43,94,-89,-13,49,-88,91,-1,
57,-96,94,96,76,-94,-59,-98,47,32,-83,10,-60,2,65,-79,-69,86,-24,46,1,
19,46,-1,-74,19,39,62,-93,83,63,-46,94,72,-35,94,-33,-30,-51,65,75,-1,
-40,-33,19,-79,-64,93,68,-66,91,-65,-20,-27,54,-80,-68,-70,14,34,-68,89,-1,
75,73,-84,-21,-56,70,-58,56,74,14,35,-47,54,-19,27,72,-88,60,-19,-37,-1,
-47,-31,14,-80,-66,83,71,-66,95,-65,-22,-26,48,-81,-65,-83,14,39,-72,89,-1,
-35,-37,22,-79,-63,91,73,-65,93,-61,-28,-22,51,-79,-69,-75,17,32,-61,89,-1,
-59,-29,26,-65,-30,27,-56,-38,-64,-38,30,-15,-64,-38,98,-94,-11,50,-89,97,-1,
22,52,-2,-67,18,34,70,-99,84,62,-47,96,74,-30,94,-31,-28,-48,68,75,-1,
78,71,-84,-22,-60,70,-57,57,79,8,32,-47,53,-17,25,67,-85,57,-21,-41,-1,
24,51,-1,-73,21,42,63,-94,91,67,-40,96,77,-27,90,-32,-23,-48,66,80,-1,
-63,-26,23,-63,-32,27,-57,-38,-63,-36,24,-10,-59,-44,89,-85,-14,53,-94,96,-1,
54,-95,88,92,77,-95,-65,-97,46,29,-83,5,-54,-8,66,-80,-73,84,-27,45,1,
23,50,-6,-71,22,46,63,-93,87,58,-43,96,74,-33,94,-38,-24,-51,68,85,-1,
80,77,-84,-20,-53,70,-53,54,79,13,35,-52,52,-13,28,73,-88,56,-21,-36,-1,
76,75,-86,-20,-56,69,-51,50,79,9,30,-53,54,-19,27,68,-95,54,-18,-43,-1,
-63,-26,21,-68,-31,22,-58,-37,-64,-34,27,-12,-66,-41,93,-92,-16,52,-89,93,-1,
-55,-26,26,-61,-32,28,-57,-33,-55,-41,27,-9,-60,-41,95,-94,-7,52,-89,98,-1,
-64,-34,18,-62,-35,26,-61,-42,-64,-43,27,-13,-66,-41,91,-89,-17,49,-94,91,-1,
-59,-26,20,-61,-31,29,-59,-37,-64,-38,19,-11,-67,-37,91,-90,-12,53,-92,90,-1,
-65,-26,26,-67,-30,29,-59,-38,-62,-41,25,-14,-63,-36,92,-91,-10,46,-85,94,-1,
54,-91,91,92,82,-94,-57,-90,47,39,-78,6,-55,0,69,-77,-70,87,-27,49,1,
-40,-30,21,-78,-58,90,77,-67,97,-60,-23,-23,51,-82,-63,-72,15,43,-69,89,-1,
-40,-33,22,-83,-60,90,74,-70,91,-64,-26,-23,47,-83,-69,-78,14,33,-64,81,-1,
80,80,-82,-25,-55,73,-57,55,77,13,40,-48,56,-19,30,77,-92,59,-19,-37,-1,
27,51,-5,-69,17,43,60,-95,85,67,-44,94,75,-34,93,-38,-29,-50,67,80,-1,
79,82,-77,-21,-53,74,-56,59,80,15,35,-44,61,-12,29,75,-89,61,-16,-38,-1,
78,81,-83,-23,-55,72,-56,54,77,8,35,-51,54,-13,26,72,-89,56,-20,-41,-1,
-65,-35,21,-65,-35,22,-60,-44,-69,-42,28,-16,-67,-45,94,-92,-16,43,-96,91,-1,
-62,-30,24,-62,-32,25,-56,-37,-61,-38,30,-13,-58,-45,103,-89,-4,48,-84,94,-1,
-42,-33,19,-85,-58,86,76,-70,96,-69,-23,-25,48,-86,-64,-77,9,39,-68,81,-1,
-37,-31,24,-78,-59,92,75,-65,97,-62,-22,-23,48,-79,-65,-74,19,36,-62,86,-1,
56,-98,95,93,77,-89,-63,-96,40,37,-82,10,-59,2,66,-77,-66,86,-27,49,1,
55,-101,95,95,74,-92,-61,-94,41,33,-81,13,-62,-1,69,-81,-69,90,-28,43,1,
-70,-29,24,-65,-30,25,-64,-37,-63,-41,21,-13,-70,-33,89,-94,-14,51,-88,86,-1,
54,-95,95,90,78,-94,-58,-94,43,36,-81,8,-59,-3,68,-82,-70,86,-24,41,1,
-65,-30,17,-68,-32,25,-61,-38,-63,-41,24,-17,-67,-38,89,-102,-10,46,-88,87,-1,
56,-95,94,93,82,-96,-59,-98,46,33,-82,10,-61,2,63,-74,-72,88,-25,45,1,
-42,-38,21,-84,-63,89,70,-68,91,-66,-24,-30,50,-83,-72,-77,14,36,-68,83,-1,
82,76,-86,-21,-57,76,-53,55,80,10,37,-53,56,-16,30,71,-90,59,-13,-33,-1,
59,-99,97,90,83,-93,-57,-98,47,36,-84,8,-60,4,66,-79,-68,82,-27,45,1,
58,-94,97,99,83,-83,-62,-94,42,36,-77,11,-57,2,72,-77,-68,90,-27,46,1,
54,-91,94,97,80,-92,-57,-96,49,36,-81,11,-59,2,65,-78,-67,91,-27,46,1,
78,73,-90,-18,-62,72,-58,60,77,10,30,-48,50,-14,26,66,-90,58,-22,-40,-1,
77,75,-85,-24,-59,74,-59,53,75,9,32,-61,57,-13,22,69,-91,52,-20,-46,-1,
26,56,-5,-68,17,41,66,-92,84,67,-43,94,80,-35,95,-30,-25,-44,71,78,-1,
78,77,-85,-21,-57,71,-56,54,76,9,33,-51,56,-17,26,70,-88,57,-18,-39,-1,
-40,-33,24,-80,-64,89,70,-65,91,-66,-28,-22,47,-83,-63,-81,17,34,-64,84,-1,
-63,-27,24,-65,-29,26,-58,-38,-61,-38,30,-8,-67,-36,89,-83,-14,56,-89,97,-1,
26,48,-1,-74,22,43,62,-90,88,66,-44,95,71,-32,88,-30,-25,-46,62,78,-1,
24,54,-5,-73,17,42,65,-97,86,64,-51,93,77,-38,95,-38,-23,-53,62,77,-1,
-37,-33,21,-75,-65,92,70,-69,91,-67,-23,-28,50,-77,-66,-73,14,32,-63,84,-1,
53,-96,95,93,78,-92,-60,-102,48,39,-79,6,-53,-2,69,-76,-69,88,-30,48,1,
50,-96,90,89,70,-90,-62,-100,42,31,-80,2,-60,-7,65,-85,-72,89,-35,44,1,
26,57,-3,-62,17,47,66,-91,96,66,-40,98,86,-30,100,-32,-19,-42,70,82,-1,
-38,-33,22,-75,-66,92,75,-65,92,-61,-24,-27,50,-84,-65,-73,12,40,-68,88,-1,
23,54,0,-69,25,42,67,-88,88,70,-43,101,76,-28,99,-28,-24,-43,70,83,-1,
26,58,-5,-72,15,47,66,-90,87,69,-47,97,72,-31,93,-30,-23,-45,69,72,-1,
59,-102,100,97,79,-89,-56,-97,43,42,-81,11,-59,4,64,-77,-66,88,-24,43,1,
-39,-35,22,-76,-59,93,79,-65,91,-67,-23,-26,51,-80,-63,-72,13,40,-69,88,-1,
19,56,-6,-71,19,40,62,-92,86,71,-45,93,77,-33,93,-34,-27,-47,66,78,-1,
30,56,0,-70,22,44,70,-96,93,68,-39,101,75,-30,93,-25,-23,-45,75,75,-1,
-63,-29,26,-66,-25,22,-54,-37,-62,-37,22,-11,-68,-40,93,-90,-10,47,-84,91,-1,
-37,-30,24,-79,-62,91,74,-67,94,-62,-23,-23,44,-81,-60,-74,12,40,-67,84,-1,
-41,-32,21,-78,-59,91,74,-64,90,-64,-22,-26,51,-77,-70,-75,17,36,-67,90,-1,
56,-94,94,98,79,-90,-58,-93,47,34,-75,8,-52,-1,69,-78,-68,93,-27,46,1,
51,-96,94,95,76,-92,-60,-101,46,36,-82,7,-59,-4,64,-79,-71,88,-27,45,1,
-42,-32,18,-85,-65,86,68,-63,89,-66,-27,-26,49,-91,-68,-75,14,36,-71,83,-1,
-56,-23,27,-59,-25,30,-49,-40,-57,-36,28,-8,-64,-34,94,-87,-10,52,-87,96,-1,
24,54,0,-70,20,38,64,-92,82,68,-46,96,76,-33,94,-35,-29,-46,61,75,-1,
54,-92,98,96,83,-93,-57,-100,50,34,-80,11,-54,-6,72,-80,-68,90,-24,42,1,
-67,-32,22,-61,-32,26,-57,-33,-65,-39,29,-9,-66,-38,95,-92,-13,52,-88,88,-1,
-61,-23,24,-67,-31,26,-58,-37,-63,-42,26,-18,-62,-41,88,-96,-14,49,-92,88,-1,
-40,-35,18,-83,-65,87,69,-66,90,-68,-24,-28,47,-85,-71,-76,12,34,-68,84,-1,
55,-100,95,96,75,-90,-62,-98,42,35,-80,8,-56,0,67,-79,-70,87,-29,44,1,
-42,-33,18,-84,-64,88,69,-66,89,-65,-29,-23,44,-81,-71,-76,11,33,-66,84,-1,
-37,-28,21,-78,-58,96,72,-63,98,-63,-17,-22,53,-80,-59,-69,14,42,-65,92,-1,
-43,-35,20,-83,-66,91,68,-65,92,-66,-29,-23,51,-83,-69,-78,13,34,-62,83,-1,
54,-99,94,90,78,-94,-61,-103,39,35,-86,5,-55,-5,63,-79,-71,83,-30,43,1,
53,-95,93,95,78,-93,-61,-99,49,33,-86,11,-61,0,65,-81,-71,88,-27,40,1,
-42,-35,17,-79,-63,88,72,-68,92,-64,-26,-25,50,-84,-68,-78,15,34,-66,88,-1,
25,49,-1,-68,17,44,65,-88,84,66,-45,95,74,-30,99,-32,-28,-46,65,81,-1,
-58,-26,28,-60,-27,26,-58,-40,-60,-38,25,-12,-65,-31,93,-88,-8,52,-90,96,-1,
-39,-33,23,-80,-60,93,74,-64,96,-66,-20,-24,55,-85,-62,-78,19,36,-64,92,-1,
-62,-27,24,-65,-33,26,-55,-40,-60,-38,26,-11,-64,-43,95,-91,-13,51,-88,96,-1,
76,75,-87,-28,-61,69,-65,51,75,7,29,-50,51,-21,21,70,-94,60,-29,-42,-1,
80,75,-83,-17,-55,71,-51,57,81,12,33,-48,57,-19,32,70,-89,59,-16,-38,-1,
77,81,-84,-24,-58,71,-59,56,80,11,40,-50,57,-17,30,78,-90,59,-16,-36,-1,
80,72,-79,-23,-54,71,-60,58,78,14,36,-54,55,-15,28,71,-86,59,-18,-40,-1,
49,-99,92,93,74,-94,-65,-101,43,33,-82,8,-59,-6,69,-80,-73,88,-28,40,1,
-59,-26,26,-64,-33,23,-54,-38,-58,-36,26,-9,-57,-45,94,-87,-11,54,-88,97,-1,
59,-96,97,96,82,-89,-57,-96,50,39,-81,13,-60,5,69,-76,-67,90,-26,49,1,
83,78,-84,-23,-60,77,-57,58,79,10,36,-45,55,-11,25,71,-87,61,-18,-36,-1,
76,77,-92,-20,-61,72,-57,50,80,10,34,-55,55,-21,27,68,-89,57,-21,-39,-1,
59,-97,100,100,80,-90,-56,-95,45,32,-78,13,-54,3,68,-75,-67,94,-26,48,1,
73,74,-88,-21,-65,68,-54,48,76,3,31,-50,54,-20,23,70,-91,55,-22,-37,-1,
-36,-33,26,-78,-64,94,75,-64,94,-59,-23,-29,51,-82,-64,-73,16,37,-64,87,-1,
55,-89,96,95,83,-91,-54,-96,46,33,-81,9,-61,1,65,-80,-70,91,-24,41,1,
57,-102,93,91,80,-94,-60,-97,46,32,-77,8,-61,1,71,-76,-72,90,-30,48,1,
81,80,-85,-21,-57,69,-53,56,81,13,38,-50,58,-19,28,76,-92,58,-21,-34,-1,
-41,-33,21,-78,-65,91,73,-70,95,-65,-25,-20,46,-81,-66,-76,14,35,-67,85,-1,
-66,-26,22,-66,-31,26,-55,-38,-62,-41,28,-17,-66,-42,88,-92,-13,47,-89,94,-1,
60,-96,94,101,84,-87,-62,-89,43,37,-73,11,-54,0,69,-73,-66,87,-21,48,1,
48,-97,95,90,76,-95,-59,-103,41,31,-83,7,-61,-1,69,-83,-67,89,-30,41,1,
55,-102,92,93,77,-96,-62,-98,49,32,-84,13,-63,-2,73,-83,-69,86,-28,43,1,
-39,-39,19,-86,-68,89,65,-71,90,-72,-27,-30,44,-84,-70,-77,8,31,-66,80,-1,
19,47,-3,-76,19,35,63,-93,80,62,-46,91,73,-36,91,-33,-32,-46,64,75,-1,
-59,-24,25,-63,-33,33,-58,-33,-60,-37,27,-13,-65,-38,97,-92,-15,51,-88,90,-1,
-44,-31,21,-83,-60,88,68,-69,93,-67,-22,-25,50,-83,-70,-73,13,35,-65,87,-1,
-43,-29,18,-80,-60,89,72,-66,91,-65,-20,-30,50,-85,-66,-79,14,36,-69,82,-1,
84,77,-83,-19,-58,73,-54,50,78,10,33,-50,53,-14,29,71,-92,56,-13,-39,-1,
-57,-27,25,-68,-27,29,-58,-32,-63,-33,22,-14,-62,-41,98,-96,-14,49,-88,92,-1,
48,-95,89,91,74,-98,-61,-100,44,29,-83,5,-59,-3,65,-84,-72,85,-32,39,1,
22,52,0,-70,18,39,63,-91,81,65,-45,94,77,-36,96,-37,-30,-47,66,74,-1,
58,-95,103,96,82,-90,-60,-96,53,35,-79,14,-53,3,68,-74,-69,93,-26,48,1,
72,78,-83,-21,-59,74,-56,56,79,8,35,-53,61,-18,30,74,-88,57,-15,-41,-1,
55,-96,96,96,74,-93,-59,-101,41,32,-81,7,-52,-4,69,-81,-69,86,-27,44,1,
-39,-33,23,-83,-62,88,72,-63,91,-63,-24,-21,46,-82,-68,-71,15,34,-64,85,-1,
26,50,-3,-70,15,41,66,-95,83,59,-42,94,76,-31,94,-33,-26,-52,66,79,-1,
-62,-28,25,-64,-34,26,-56,-37,-64,-40,23,-9,-65,-39,95,-87,-12,52,-86,90,-1,
-38,-25,21,-77,-61,93,72,-66,96,-61,-24,-19,47,-84,-64,-72,15,39,-64,84,-1,
73,76,-88,-25,-63,69,-59,50,83,7,38,-57,55,-16,22,77,-92,58,-22,-42,-1,
53,-92,95,100,80,-88,-62,-93,40,37,-76,7,-55,2,69,-78,-64,81,-20,43,1,
21,52,-3,-73,20,43,66,-96,84,65,-47,98,73,-35,92,-38,-22,-50,70,80,-1,
-48,-35,15,-83,-68,91,64,-68,89,-65,-34,-26,46,-88,-71,-84,15,28,-69,78,-1,
78,67,-88,-24,-65,71,-54,47,72,5,29,-51,50,-21,23,68,-93,53,-19,-39,-1,
26,58,0,-67,25,45,69,-90,90,66,-39,101,74,-29,99,-30,-21,-52,78,79,-1,
75,78,-85,-26,-54,73,-60,54,80,13,37,-53,62,-20,28,73,-87,61,-16,-38,-1,
22,51,-3,-73,21,37,66,-93,83,61,-44,94,70,-38,88,-32,-26,-47,69,72,-1,
-68,-29,17,-63,-33,27,-61,-37,-68,-45,26,-12,-65,-43,89,-87,-13,45,-91,90,-1,
-59,-30,25,-63,-32,25,-57,-41,-59,-37,23,-10,-66,-36,98,-95,-11,51,-87,95,-1,
61,-91,96,99,79,-87,-55,-93,47,41,-79,13,-54,2,67,-74,-64,89,-22,48,1,
52,-101,93,95,73,-94,-60,-104,39,34,-81,6,-62,-1,66,-78,-71,85,-28,44,1,
-37,-32,26,-81,-61,95,73,-60,96,-58,-20,-24,50,-82,-65,-69,18,39,-65,87,-1,
75,75,-88,-28,-61,73,-59,53,77,4,37,-59,57,-17,21,70,-93,54,-21,-40,-1,
57,-96,98,94,80,-87,-57,-97,46,36,-78,8,-60,-1,69,-82,-66,85,-27,48,1,
55,-99,96,94,77,-92,-61,-94,43,36,-79,9,-55,-4,65,-77,-72,87,-24,42,1,
58,-96,101,98,83,-90,-57,-94,49,37,-77,15,-59,4,66,-73,-64,90,-19,45,1,
-58,-33,29,-65,-34,25,-63,-37,-63,-38,25,-11,-69,-40,94,-89,-13,49,-94,96,-1,
26,53,-3,-72,20,42,63,-90,84,71,-42,95,74,-29,93,-33,-23,-48,67,80,-1,
85,79,-84,-25,-58,77,-60,61,75,15,36,-53,55,-11,24,74,-90,56,-14,-36,-1,
-58,-32,35,-67,-28,27,-58,-36,-64,-41,23,-12,-64,-44,98,-97,-11,46,-90,90,-1,
-62,-26,27,-64,-30,24,-55,-36,-62,-35,22,-15,-60,-44,97,-86,-8,49,-85,94,-1,
22,54,-3,-73,19,39,60,-91,86,68,-40,93,76,-35,94,-36,-27,-48,70,72,-1,
76,78,-87,-21,-58,70,-51,50,80,10,29,-49,48,-11,23,73,-90,52,-20,-40,-1,
82,74,-84,-27,-59,69,-54,51,80,4,36,-50,55,-18,25,71,-93,57,-17,-42,-1,
-37,-36,22,-79,-62,90,75,-66,94,-64,-24,-24,48,-82,-65,-78,18,34,-64,89,-1,
-42,-33,19,-78,-64,94,68,-66,90,-63,-31,-18,48,-79,-67,-73,11,34,-63,86,-1,
-41,-35,24,-82,-59,88,74,-69,91,-63,-21,-27,52,-81,-66,-75,15,33,-68,88,-1,
-41,-33,22,-79,-63,92,74,-66,91,-63,-28,-25,49,-82,-69,-75,11,38,-64,85,-1,
-39,-39,22,-87,-63,84,71,-69,94,-66,-25,-25,44,-85,-63,-79,13,32,-63,81,-1,
80,77,-84,-27,-63,71,-60,49,81,7,33,-51,58,-17,19,71,-88,58,-22,-39,-1,
21,49,1,-76,23,37,65,-91,79,65,-44,96,71,-34,90,-35,-29,-47,67,74,-1,
-39,-32,16,-79,-64,91,69,-66,92,-68,-22,-26,49,-81,-70,-72,13,34,-68,91,-1,
-43,-36,19,-83,-65,85,68,-62,87,-61,-26,-31,46,-82,-72,-78,15,34,-65,84,-1,
-36,-33,25,-78,-59,98,74,-63,96,-57,-25,-25,55,-83,-66,-71,18,42,-64,89,-1,
-44,-29,19,-81,-59,91,74,-70,94,-61,-23,-22,49,-84,-67,-79,17,36,-70,85,-1,
-61,-30,25,-66,-33,25,-54,-38,-63,-39,30,-14,-62,-40,94,-82,-11,53,-84,90,-1,
-63,-23,28,-65,-28,27,-51,-36,-62,-32,23,-11,-64,-36,95,-90,-5,48,-82,96,-1,
78,78,-81,-24,-52,71,-52,52,82,11,34,-50,57,-16,26,70,-86,56,-14,-40,-1,
83,78,-79,-18,-55,78,-50,57,80,10,38,-49,59,-11,28,75,-89,60,-11,-38,-1,
-38,-35,27,-83,-58,97,75,-65,92,-63,-23,-23,57,-83,-62,-78,15,32,-58,82,-1,
80,80,-79,-28,-55,72,-56,52,80,7,36,-51,57,-15,27,74,-88,56,-18,-39,-1,
25,54,0,-69,25,45,67,-90,88,66,-40,96,79,-34,93,-29,-26,-45,69,82,-1,
83,79,-86,-22,-58,78,-57,57,79,8,40,-50,52,-11,30,69,-87,58,-18,-38,-1,
-61,-35,22,-62,-33,25,-55,-37,-63,-43,31,-11,-59,-44,92,-88,-9,54,-91,93,-1,
58,-92,100,98,85,-84,-56,-93,47,40,-78,13,-58,1,72,-78,-66,94,-24,47,1,
-63,-29,21,-64,-34,27,-60,-40,-63,-37,21,-11,-64,-46,93,-87,-18,53,-95,95,-1,
60,-95,95,94,82,-90,-57,-96,45,37,-82,10,-59,-1,67,-79,-69,87,-27,49,1,
-42,-34,19,-82,-71,90,71,-66,92,-69,-27,-27,50,-84,-68,-77,11,35,-69,87,-1,
-45,-36,19,-76,-68,88,74,-67,86,-62,-29,-30,46,-85,-72,-78,13,36,-72,83,-1,
-63,-27,28,-65,-32,31,-57,-33,-62,-38,28,-13,-61,-38,99,-88,-14,52,-85,96,-1,
23,52,-2,-74,23,42,64,-92,87,66,-45,97,74,-34,95,-36,-23,-49,71,74,-1,
18,51,-6,-76,18,36,58,-97,84,66,-50,97,72,-38,93,-38,-30,-52,66,68,-1,
81,74,-78,-19,-53,75,-50,57,80,11,37,-52,56,-10,26,74,-89,61,-13,-37,-1,
54,-94,93,94,78,-91,-57,-99,44,36,-81,7,-61,0,66,-80,-66,93,-25,44,1,
20,56,-1,-72,20,39,65,-93,87,67,-48,98,78,-36,99,-37,-22,-48,68,72,-1,
-67,-32,23,-64,-31,23,-54,-43,-59,-41,19,-8,-67,-40,91,-93,-15,48,-87,93,-1,
-46,-32,17,-85,-63,88,69,-70,92,-67,-25,-25,48,-83,-68,-85,12,34,-67,85,-1,
23,56,-4,-70,18,43,63,-90,89,71,-41,99,78,-35,96,-32,-22,-42,76,75,-1,
83,75,-79,-20,-56,71,-51,58,78,10,37,-48,56,-12,28,71,-89,57,-16,-39,-1,
-64,-28,26,-68,-27,29,-55,-34,-65,-38,31,-17,-59,-39,93,-90,-13,49,-88,95,-1,
75,73,-86,-21,-59,71,-56,49,80,8,32,-55,59,-23,28,67,-89,60,-19,-39,-1,
24,53,-3,-70,20,39,65,-93,84,65,-49,97,75,-36,96,-34,-27,-48,67,72,-1,
-42,-35,23,-82,-62,91,73,-66,91,-61,-22,-29,55,-84,-65,-74,14,39,-70,88,-1,
54,-101,100,93,79,-95,-57,-101,43,31,-84,9,-60,-3,67,-84,-71,88,-24,37,1,
-42,-33,21,-81,-61,96,74,-66,95,-62,-23,-29,55,-84,-67,-75,16,38,-72,88,-1,
-40,-31,24,-81,-60,91,78,-64,94,-58,-21,-25,47,-83,-64,-74,17,37,-68,85,-1,
-61,-30,16,-66,-29,22,-61,-39,-65,-42,22,-14,-65,-40,90,-92,-9,48,-90,92,-1,
-68,-30,21,-66,-36,25,-64,-38,-65,-42,20,-7,-68,-42,90,-95,-16,50,-92,91,-1,
-43,-32,21,-84,-61,89,71,-70,90,-62,-24,-26,48,-80,-71,-74,10,35,-66,82,-1,
-36,-38,18,-78,-66,93,68,-58,90,-63,-25,-23,53,-75,-66,-72,12,35,-63,92,-1,
-59,-28,22,-64,-28,26,-53,-40,-59,-36,32,-12,-63,-37,93,-85,-16,55,-86,96,-1,
-64,-28,26,-65,-37,28,-52,-40,-61,-36,27,-7,-63,-39,96,-89,-13,53,-85,92,-1,
23,53,-6,-73,15,41,61,-95,82,64,-46,93,70,-34,90,-36,-30,-50,65,72,-1,
-42,-32,22,-82,-60,90,72,-67,96,-63,-22,-24,51,-83,-65,-73,13,40,-67,86,-1,
57,-96,91,99,77,-89,-62,-97,45,35,-74,11,-60,0,72,-72,-68,91,-22,48,1,
58,-89,96,98,83,-89,-59,-94,51,37,-81,15,-56,-2,72,-80,-68,90,-25,46,1,
59,-96,96,91,82,-91,-59,-93,44,40,-84,13,-59,0,68,-75,-70,88,-23,46,1,
84,77,-85,-19,-57,71,-52,57,81,9,32,-45,57,-15,30,68,-88,56,-16,-38,-1,
74,79,-88,-24,-63,67,-58,53,78,9,35,-54,50,-13,24,71,-87,51,-24,-37,-1,
22,56,-4,-66,20,43,69,-93,88,60,-46,98,75,-32,98,-38,-21,-50,69,83,-1,
-63,-27,20,-62,-40,29,-58,-40,-57,-41,24,-6,-62,-46,93,-91,-10,49,-88,93,-1,
-35,-28,22,-83,-62,90,66,-68,98,-66,-22,-22,51,-83,-63,-71,17,35,-63,89,-1,
-40,-35,23,-83,-63,92,72,-66,95,-60,-27,-26,50,-88,-65,-76,15,39,-69,85,-1,
57,-94,92,92,79,-88,-61,-93,44,32,-80,10,-58,-4,62,-77,-71,93,-30,44,1,
27,58,0,-66,19,46,73,-90,86,67,-43,98,82,-31,99,-31,-26,-42,73,85,-1,
25,52,0,-71,23,36,64,-94,82,69,-46,94,74,-32,91,-33,-28,-47,64,74,-1,
58,-97,99,94,81,-86,-65,-92,50,36,-76,16,-61,2,68,-75,-64,89,-22,49,1,
51,-93,92,95,75,-91,-63,-103,44,32,-80,7,-56,-7,69,-80,-71,89,-27,39,1,
-37,-33,24,-82,-61,87,72,-64,90,-65,-21,-24,46,-81,-65,-73,15,36,-64,87,-1,
19,49,-9,-78,16,41,58,-97,85,58,-47,96,70,-39,91,-31,-28,-58,67,73,-1,
27,59,0,-68,22,39,72,-93,89,72,-40,96,77,-27,96,-34,-19,-44,73,75,-1,
60,-96,94,94,80,-90,-61,-95,46,35,-83,11,-60,0,65,-79,-70,85,-24,47,1,
-43,-38,17,-78,-65,88,73,-73,90,-67,-32,-27,41,-72,-77,-75,12,29,-68,85,-1,
-38,-32,19,-82,-62,90,69,-65,93,-66,-23,-24,50,-77,-67,-77,17,34,-63,89,-1,
25,52,-2,-73,23,47,64,-89,88,65,-44,103,71,-36,98,-30,-28,-48,73,78,-1,
-40,-36,21,-82,-61,87,74,-65,89,-65,-25,-24,44,-79,-69,-77,13,36,-66,86,-1,
22,55,-4,-77,18,42,60,-92,84,72,-44,97,74,-34,92,-31,-26,-48,69,73,-1,
81,76,-79,-20,-53,73,-48,55,81,12,35,-46,59,-16,26,71,-88,58,-11,-39,-1,
29,50,2,-69,26,44,66,-85,88,69,-38,101,74,-32,99,-26,-25,-43,72,80,-1,
-66,-33,16,-62,-33,20,-56,-40,-66,-40,26,-17,-62,-42,90,-87,-16,51,-92,88,-1,
-55,-29,31,-68,-29,23,-59,-38,-65,-40,26,-11,-64,-38,92,-90,-10,51,-90,93,-1,
25,53,0,-74,18,41,65,-91,84,67,-45,96,72,-33,93,-36,-24,-48,66,73,-1,
-35,-32,23,-76,-58,94,77,-66,97,-65,-18,-23,54,-79,-64,-70,16,36,-60,91,-1,
-41,-36,21,-76,-66,91,74,-70,91,-64,-25,-29,46,-79,-68,-80,14,33,-67,87,-1,
80,73,-83,-21,-61,69,-54,52,79,9,30,-54,52,-11,25,72,-90,53,-22,-38,-1,
80,79,-82,-22,-58,70,-55,54,81,14,36,-50,61,-19,26,76,-85,57,-20,-35,-1,
81,80,-82,-18,-55,72,-51,57,78,9,34,-46,60,-12,27,71,-88,57,-17,-36,-1,
-61,-29,24,-69,-32,26,-62,-38,-62,-40,29,-12,-60,-47,97,-94,-16,48,-89,95,-1,
-65,-23,22,-59,-26,22,-53,-38,-63,-39,25,-11,-55,-44,95,-85,-9,55,-90,99,-1,
80,77,-86,-22,-54,70,-55,55,83,9,35,-47,52,-13,23,76,-92,60,-19,-39,-1,
25,53,0,-73,19,49,62,-90,84,68,-46,100,73,-32,94,-34,-26,-50,70,76,-1,
-62,-27,21,-62,-31,23,-57,-43,-62,-43,31,-11,-60,-43,92,-91,-19,52,-93,93,-1,
-36,-32,27,-74,-62,97,77,-67,97,-60,-22,-23,56,-80,-57,-75,17,35,-62,88,-1,
-41,-30,20,-79,-63,92,73,-66,94,-67,-23,-22,50,-86,-64,-75,15,37,-66,86,-1,
81,76,-77,-20,-56,71,-53,58,81,12,32,-41,62,-13,34,76,-87,59,-8,-37,-1,
-61,-23,27,-67,-31,23,-57,-39,-61,-36,22,-9,-64,-45,92,-88,-16,54,-90,94,-1,
-48,-34,19,-85,-63,89,69,-73,91,-65,-27,-28,50,-86,-67,-80,6,35,-67,80,-1,
22,58,-1,-73,23,39,65,-96,83,69,-45,97,73,-30,91,-32,-28,-51,73,70,-1,
21,52,-5,-71,21,40,59,-87,82,62,-41,91,73,-36,92,-35,-29,-47,65,73,-1,
53,-96,97,89,79,-92,-59,-95,41,36,-83,7,-59,-1,66,-81,-69,86,-25,42,1,
76,78,-86,-25,-58,69,-56,52,78,10,32,-52,58,-16,20,72,-89,55,-22,-38,-1,
-44,-33,14,-84,-67,85,62,-68,86,-67,-27,-31,47,-87,-74,-78,13,33,-69,82,-1,
53,-98,96,90,75,-91,-64,-92,42,34,-82,9,-60,1,65,-79,-68,84,-24,42,1,
-41,-33,22,-83,-62,86,74,-65,90,-65,-26,-22,41,-79,-66,-82,16,35,-68,85,-1,
-69,-28,23,-64,-30,24,-56,-36,-66,-38,26,-14,-62,-41,89,-87,-13,51,-90,91,-1,
23,50,-3,-73,16,43,58,-96,89,71,-47,96,72,-33,89,-35,-28,-50,63,73,-1,
-39,-31,19,-76,-66,88,74,-60,90,-62,-29,-22,40,-81,-69,-74,19,34,-67,84,-1,
-43,-31,24,-85,-64,89,72,-64,89,-66,-23,-24,46,-84,-66,-81,14,36,-67,83,-1,
52,-97,93,97,81,-92,-59,-100,43,36,-80,4,-58,0,59,-75,-73,89,-26,41,1,
78,76,-81,-24,-62,70,-60,53,76,7,34,-50,55,-19,26,71,-95,59,-25,-40,-1,
-34,-26,21,-77,-57,90,79,-61,98,-61,-19,-20,49,-75,-66,-69,17,41,-63,91,-1,
-62,-27,26,-64,-31,25,-57,-37,-62,-42,24,-14,-63,-42,95,-92,-11,47,-88,93,-1,
26,53,-3,-72,18,38,66,-98,81,68,-48,95,77,-34,96,-38,-28,-55,66,75,-1,
79,81,-88,-19,-59,80,-55,56,78,15,36,-47,58,-20,31,74,-93,62,-18,-35,-1,
75,78,-92,-24,-56,63,-55,49,73,10,32,-49,50,-24,26,72,-92,51,-18,-41,-1,
-62,-29,28,-64,-29,24,-56,-43,-59,-43,28,-8,-66,-36,91,-88,-13,52,-87,98,-1,
80,75,-86,-17,-56,74,-55,59,77,16,34,-49,52,-15,30,67,-87,61,-21,-36,-1,
-64,-24,24,-61,-35,28,-57,-34,-61,-38,23,-11,-65,-36,89,-87,-15,56,-90,93,-1,
-59,-25,27,-67,-27,26,-61,-35,-66,-39,30,-18,-61,-40,91,-88,-16,53,-92,89,-1,
21,46,-4,-75,15,31,62,-99,79,58,-49,92,66,-38,85,-36,-30,-52,63,70,-1,
81,77,-85,-19,-59,72,-52,55,78,13,32,-52,58,-15,23,75,-92,53,-15,-37,-1,
52,-90,92,95,76,-86,-65,-92,40,33,-82,7,-58,1,63,-82,-65,84,-23,44,1,
22,52,-3,-74,16,41,63,-95,83,67,-48,95,75,-34,93,-39,-27,-52,64,76,-1,
21,56,-6,-73,18,42,65,-92,84,64,-44,95,75,-33,96,-34,-26,-52,69,78,-1,
24,55,0,-74,23,44,67,-91,88,66,-39,96,78,-28,92,-33,-23,-45,67,77,-1,
22,56,-6,-71,20,41,61,-92,85,69,-46,93,77,-41,95,-31,-25,-51,68,75,-1,
22,52,-7,-72,16,39,62,-96,81,63,-44,94,76,-34,93,-34,-28,-52,68,78,-1,
52,-100,89,99,71,-93,-61,-99,40,37,-84,10,-59,-5,65,-78,-70,90,-28,46,1,
51,-99,91,93,72,-93,-66,-97,42,33,-83,10,-59,-8,61,-78,-72,87,-25,40,1,
77,82,-85,-24,-58,71,-56,54,80,9,35,-54,59,-11,23,77,-87,53,-17,-38,-1,
22,51,0,-68,21,43,65,-93,86,63,-45,98,75,-37,93,-33,-32,-46,66,77,-1,
-64,-30,21,-65,-35,26,-59,-39,-62,-40,25,-13,-64,-44,94,-90,-13,50,-89,89,-1,
83,77,-86,-19,-57,74,-53,55,81,8,36,-47,57,-15,25,73,-91,60,-15,-37,-1,
20,50,-4,-74,19,40,64,-91,82,64,-45,90,74,-36,86,-32,-26,-46,65,77,-1,
72,80,-87,-22,-58,72,-60,58,72,12,33,-47,52,-17,30,69,-88,55,-21,-38,-1,
77,75,-88,-26,-57,65,-60,53,77,7,36,-52,49,-18,26,67,-93,55,-24,-42,-1,
24,54,-3,-70,22,43,62,-95,87,66,-45,95,78,-36,94,-36,-26,-49,65,77,-1,
76,76,-85,-24,-59,71,-55,54,81,9,36,-49,59,-20,28,73,-89,57,-13,-41,-1,
-42,-34,17,-82,-68,88,69,-67,90,-64,-29,-25,42,-83,-71,-79,13,32,-67,79,-1,
27,53,3,-72,27,41,71,-95,92,67,-37,100,77,-25,97,-29,-25,-47,74,78,-1,
55,-99,95,92,79,-94,-63,-100,45,34,-84,9,-56,-7,67,-77,-74,87,-26,41,1,
81,77,-80,-22,-58,69,-59,55,82,11,34,-44,57,-18,33,73,-88,57,-14,-37,-1,
22,54,-4,-69,17,42,61,-93,87,72,-46,97,78,-35,93,-33,-27,-45,70,75,-1,
75,77,-86,-21,-59,75,-55,55,78,11,34,-47,56,-16,24,75,-94,63,-17,-38,-1,
-59,-31,24,-65,-31,29,-58,-38,-62,-41,25,-5,-62,-44,94,-93,-9,49,-90,95,-1,
24,53,-5,-73,20,39,66,-92,80,62,-47,91,72,-35,90,-36,-26,-48,62,78,-1,
25,53,-2,-70,24,39,64,-91,87,62,-45,92,74,-38,96,-37,-24,-50,60,73,-1,
21,48,-6,-75,17,35,61,-94,79,58,-45,89,71,-41,93,-39,-27,-54,62,71,-1,
57,-97,96,95,81,-91,-64,-96,42,32,-81,13,-60,0,69,-76,-70,86,-25,46,1,
-58,-27,25,-62,-34,25,-61,-36,-64,-44,23,-9,-59,-44,94,-89,-10,58,-93,98,-1,
-39,-29,21,-78,-63,93,68,-61,92,-66,-18,-29,52,-88,-63,-74,19,37,-67,85,-1,
-35,-30,25,-77,-65,95,77,-66,94,-61,-23,-25,47,-81,-64,-73,15,38,-68,88,-1,
51,-96,90,92,71,-97,-62,-100,44,31,-84,5,-57,-3,60,-82,-72,86,-25,39,1,
-41,-33,20,-81,-64,89,70,-64,92,-65,-24,-23,48,-80,-67,-76,18,36,-66,87,-1,
77,76,-78,-26,-55,70,-54,56,81,10,35,-49,62,-16,28,72,-86,54,-10,-42,-1,
-42,-33,20,-81,-61,87,74,-67,91,-63,-23,-25,50,-82,-69,-75,11,39,-68,88,-1,
-40,-27,22,-73,-61,94,74,-66,93,-61,-23,-20,53,-81,-67,-71,15,41,-65,87,-1,
82,80,-85,-24,-50,75,-55,58,76,18,31,-48,54,-12,23,76,-89,54,-16,-38,-1,
62,-100,94,97,78,-89,-62,-93,44,40,-81,13,-60,1,64,-75,-72,87,-25,49,1,
-41,-32,23,-78,-59,94,74,-68,94,-64,-24,-18,51,-80,-64,-74,19,37,-68,87,-1,
-35,-29,21,-74,-62,97,74,-64,95,-58,-22,-27,47,-75,-68,-67,12,40,-62,86,-1,
22,56,-4,-69,16,38,67,-91,85,62,-46,93,76,-36,96,-33,-24,-45,68,72,-1,
-40,-31,22,-79,-66,91,74,-69,94,-63,-26,-24,47,-81,-64,-80,15,31,-64,88,-1,
58,-98,95,94,79,-87,-59,-96,44,37,-75,9,-57,-1,69,-75,-67,94,-28,48,1,
-40,-31,22,-79,-60,90,73,-65,94,-56,-25,-25,43,-77,-62,-80,12,39,-62,82,-1,
-40,-32,18,-80,-68,91,63,-61,92,-69,-22,-25,41,-77,-66,-75,14,34,-66,84,-1,
20,52,-7,-72,15,35,64,-96,82,64,-45,89,76,-37,92,-36,-26,-51,62,74,-1,
54,-96,91,95,77,-92,-61,-96,47,39,-80,8,-60,0,68,-78,-67,82,-25,48,1,
-39,-34,15,-81,-65,86,72,-66,92,-67,-23,-27,46,-83,-65,-77,12,36,-73,88,-1,
56,-93,94,96,80,-90,-62,-92,40,36,-80,11,-55,0,71,-77,-67,86,-23,44,1,
77,77,-83,-18,-59,74,-51,54,82,13,35,-45,57,-13,22,79,-91,61,-16,-36,-1,
77,77,-82,-22,-61,74,-53,54,82,11,35,-50,56,-11,23,79,-91,56,-17,-35,-1,
56,-93,91,92,85,-92,-60,-95,48,33,-76,4,-59,0,66,-75,-73,88,-25,44,1,
76,76,-87,-23,-57,69,-51,50,78,8,33,-48,53,-19,23,71,-90,54,-17,-39,-1,
25,56,-2,-71,22,47,63,-91,92,70,-46,102,77,-30,94,-29,-22,-45,67,79,-1,
-66,-31,23,-62,-32,31,-61,-34,-65,-40,26,-9,-62,-41,94,-87,-14,50,-91,89,-1,
78,76,-90,-27,-57,72,-60,56,81,11,36,-50,51,-17,22,76,-88,59,-20,-38,-1,
-60,-25,27,-60,-32,26,-57,-36,-61,-38,26,-10,-65,-42,96,-88,-14,52,-91,96,-1,
57,-96,95,94,77,-91,-58,-97,48,33,-74,8,-58,-4,67,-75,-69,91,-22,47,1,
-60,-31,23,-70,-31,26,-56,-40,-68,-38,30,-14,-63,-43,95,-93,-12,46,-88,90,-1,
-60,-30,23,-63,-30,22,-59,-42,-60,-41,26,-12,-63,-40,94,-89,-10,49,-88,92,-1,
-66,-33,22,-68,-29,19,-64,-41,-67,-42,23,-11,-68,-44,88,-88,-15,48,-93,91,-1,
79,74,-86,-23,-60,66,-59,52,77,10,30,-54,52,-19,25,71,-91,54,-25,-39,-1,
49,-98,97,94,78,-96,-56,-105,44,36,-85,9,-60,-6,66,-84,-72,86,-32,38,1,
-61,-27,25,-66,-29,26,-57,-34,-65,-36,29,-14,-62,-36,94,-90,-10,53,-87,88,-1,
56,-98,96,92,84,-91,-62,-93,46,38,-78,9,-57,-1,68,-75,-72,87,-26,47,1,
55,-99,96,94,81,-90,-64,-91,41,33,-79,12,-61,0,68,-75,-73,91,-23,41,1,
-39,-38,24,-81,-66,90,71,-64,91,-70,-24,-25,44,-82,-62,-74,16,32,-70,85,-1,
81,73,-83,-25,-55,70,-58,52,77,11,35,-54,47,-15,27,71,-91,55,-22,-41,-1,
21,48,-5,-78,16,34,64,-95,78,63,-47,91,68,-38,89,-36,-28,-50,68,72,-1,
-40,-31,20,-79,-70,95,70,-63,89,-67,-25,-27,53,-86,-63,-73,12,33,-69,88,-1,
54,-103,94,89,78,-92,-62,-97,42,33,-79,8,-64,-3,65,-80,-72,86,-29,42,1,
-33,-31,25,-77,-56,94,77,-62,96,-57,-24,-20,51,-79,-64,-73,18,42,-58,88,-1,
-64,-32,18,-70,-32,22,-62,-45,-65,-43,21,-11,-67,-47,91,-95,-15,46,-91,89,-1,
-36,-32,23,-82,-57,91,78,-62,94,-62,-22,-21,49,-81,-63,-76,17,39,-64,88,-1,
-58,-24,24,-62,-30,24,-55,-37,-60,-35,29,-11,-61,-36,95,-86,-12,57,-86,93,-1,
