1 122 5
1 185 5
1 231 5
1 292 5
1 316 5
1 329 5
1 355 5
1 356 5
1 362 5
1 364 5
1 594 5
1 616 5
2 110 5
2 151 3
2 260 5
2 376 3
2 539 3
2 590 5
2 648 2
2 719 3
2 733 3
2 736 3
3 110 4.5
3 151 4.5
3 213 5
3 590 3.5
3 1148 4
3 1246 4
3 1252 4
3 1276 3.5
3 1288 3
3 1408 3.5
3 5505 2
3 5527 4.5
3 5952 3.5
3 6287 3
3 6377 4
3 6539 5
3 7153 4
3 7155 3.5
3 8529 4
3 8533 4.5
3 8783 5
3 27821 4.5
3 33750 3.5
4 21 3
4 34 5
4 39 3
4 110 5
4 150 5
4 153 5
4 161 5
4 165 5
4 208 3
4 231 1
4 377 3
4 380 3
4 410 5
4 420 3
4 432 3
4 434 3
4 435 3
4 440 3
4 480 5
4 500 5
4 586 5
4 587 5
4 588 5
4 589 5
4 590 5
4 592 5
4 595 5
4 597 3
5 1 1
5 7 3
5 25 3
5 28 3
5 30 5
5 32 5
5 47 5
5 52 4
5 57 3
5 58 3
5 253 3
5 299 3
5 306 3
5 307 4
5 308 3
5 321 3
5 326 5
5 334 5
5 345 3
5 348 4
5 412 5
5 446 5
5 475 3
5 477 3
5 495 5
5 508 3
5 509 4
5 515 3
5 527 5
5 532 5
5 535 3
5 538 5
5 541 5
5 562 5
5 592 3
5 593 4
5 608 5
5 648 3
5 708 1
5 736 1
5 778 4
5 780 1
5 818 3
5 858 4
5 903 4
5 912 4
5 919 5
5 920 5
5 923 5
5 926 5
5 969 4
5 1041 4
5 1046 5
5 1073 4
5 1080 4
5 1094 4
5 1096 5
5 1097 3
5 1103 4
5 1104 5
5 1172 4
5 1183 5
5 1199 5
5 1206 4
5 1207 4
5 1219 5
5 1221 4
5 1225 5
5 1230 5
5 1235 5
5 1244 4
5 1247 4
5 1258 4
5 1280 4
5 1295 5
5 1300 4
5 1391 1
6 32 5
6 260 5
6 349 4
6 457 5
6 858 5
6 1193 5
6 1196 5
6 1197 5
6 1198 4
6 1264 4
6 1748 4
6 2028 4
6 2396 5
6 2405 3
6 2571 5
6 2628 4
6 3555 3
6 3578 5
6 3623 3
6 3740 3
6 3753 4
6 3755 4
6 3863 3
6 3986 1
6 3994 5
6 3996 5
6 4053 2
6 4161 3
6 4270 1
6 4299 4
6 4369 2
6 4446 3
7 32 4
7 50 4
7 101 4.5
7 260 3
7 541 2
7 593 3
7 599 5
7 608 5
7 800 4
7 899 5
7 954 3.5
7 1086 4
7 1148 4.5
7 1196 4
7 1207 4
7 1210 3
7 1212 5
7 1219 5
7 1234 4
7 1240 3
7 1244 4.5
7 1245 4.5
7 1248 5
7 1252 5
7 1254 5
7 1256 4.5
7 1260 5
7 1266 4
7 1270 4
7 1276 4.5
7 1283 4.5
7 1284 5
7 1288 4
7 1304 4
7 1333 4
7 1344 4
7 1348 4
7 1387 5
7 1517 4
7 1590 3
7 1617 4
7 1732 4
7 1748 4
7 1805 3
7 1895 1.5
7 1917 1
7 2186 5
7 2203 4
7 2206 4
7 2335 2
7 2391 4
7 2395 5
7 2478 1
7 2527 3
7 2648 4
7 2683 3
7 2762 5
7 2791 5
7 2804 3.5
7 2936 4
7 3006 3.5
7 3044 3
7 3176 4
7 3334 4
7 3365 5
7 3435 4
7 3467 4.5
7 3471 3
7 3671 3
7 3703 5
7 3730 4.5
7 3859 3
7 3994 4
7 4027 3
7 4206 3
7 4226 5
7 4246 3
7 4306 2.5
7 4327 4
7 4406 5
7 4420 4
7 4432 5
7 4886 3
7 4975 4
7 5017 3
7 5094 1
7 5184 2
7 5292 4
7 5294 4
7 5300 4
7 5388 4
7 5440 3
7 5481 3
7 5500 3.5
7 5502 4
7 5505 4
7 5528 4
7 5826 3
7 6273 4
8 2 2.5
8 5 3
8 6 4
8 16 3
8 19 3.5
8 22 2.5
8 31 3.5
8 32 4
8 34 3
8 36 3.5
8 158 3
8 160 3
8 163 4
8 164 2.5
8 165 4.5
8 170 3.5
8 172 3.5
8 173 3
8 180 3
8 196 3
8 208 2.5
8 215 4
8 216 4
8 223 3
8 231 3
8 240 4
8 253 3.5
8 256 2.5
8 260 3.5
8 288 4.5
8 290 4.5
8 292 3.5
8 293 3
8 303 3.5
8 315 2.5
8 316 4.5
8 324 3.5
8 328 5
8 330 2.5
8 338 4
8 344 3.5
8 345 1.5
8 353 4.5
8 357 3
8 364 3
8 368 3.5
8 370 1.5
8 372 4
8 377 3
8 379 3
8 384 3.5
8 393 2
8 407 3.5
8 413 3
8 420 1.5
8 432 2.5
8 435 3.5
8 442 3.5
8 455 2.5
8 457 3.5
8 471 3.5
8 479 4
8 480 3
8 481 3
8 489 3.5
8 500 3
8 509 2.5
8 514 4
8 520 4.5
8 522 3.5
8 527 4
8 537 2.5
8 540 2.5
8 541 4
8 543 3.5
8 547 3
8 548 3.5
8 552 3.5
8 586 2.5
8 587 1.5
8 588 3
8 589 4
8 590 0.5
8 592 3.5
8 593 4
8 606 3
8 608 5
8 610 4
8 637 3.5
8 648 3
8 678 4.5
8 688 3
8 694 3
8 705 3
8 736 4
8 737 2
8 741 2.5
8 778 4
8 780 4
8 784 3.5
8 785 3.5
8 786 3
8 799 4.5
8 836 3
8 842 3.5
8 849 4
8 879 3
8 886 3
8 934 3.5
8 996 3.5
8 1004 3
8 1020 3.5
8 1027 3
8 1035 0.5
8 1036 4
8 1037 3.5
8 1060 4
8 1061 4
8 1064 3.5
8 1073 2.5
8 1079 4
8 1080 3.5
8 1083 4
8 1089 4
8 1091 3
8 1092 3
8 1093 3.5
8 1094 2.5
8 1100 3.5
8 1101 3
8 1125 3.5
8 1126 2
8 1127 3.5
8 1129 4
8 1136 4
8 1148 4
8 1188 2.5
8 1196 4
8 1197 5
8 1198 4.5
8 1200 5
8 1204 2
8 1206 2.5
8 1208 2.5
8 1210 3.5
8 1214 4
8 1215 5
8 1220 3.5
8 1231 2.5
8 1234 4.5
8 1240 4
8 1253 3.5
8 1261 3
8 1262 4
8 1265 3.5
8 1268 3.5
8 1270 4.5
8 1275 3
8 1285 3.5
8 1291 4.5
8 1302 2
8 1307 2.5
8 1320 5
8 1321 3.5
8 1339 3
8 1347 4
8 1358 4.5
8 1370 4
8 1373 3.5
8 1377 3
8 1380 2.5
8 1385 3
8 1387 3
8 1388 2
8 1391 4
8 1393 3
8 1395 4
8 1396 3.5
8 1405 2.5
8 1408 3
8 1409 3.5
8 1425 4.5
8 1429 3.5
8 1466 3.5
8 1499 3
8 1500 3
8 1513 2.5
8 1515 3.5
8 1517 4.5
8 1527 5
8 1544 3
8 1552 2
8 1556 2.5
8 1562 2
8 1573 3.5
8 1580 4
8 1584 3
8 1587 3
8 1588 3.5
8 1590 3
8 1591 4
8 1597 3
8 1598 3.5
8 1603 3
8 1608 2.5
8 1611 3.5
8 1616 3.5
8 1617 4
8 1620 2.5
8 1625 5
8 1627 3
8 1639 3.5
8 1641 3
8 1644 3.5
8 1653 3.5
8 1658 5
8 1663 3.5
8 1665 3.5
8 1673 4
8 1676 5
8 1682 3
8 1687 3.5
8 1690 4
8 1702 2.5
8 1703 3
8 1704 3.5
8 1717 3.5
8 1721 1
8 1722 3.5
8 1732 5
8 1748 4
8 1754 5
8 1762 2.5
8 1772 3
8 1777 2.5
8 1779 3
8 1792 3.5
8 1801 2.5
8 1805 4
8 1831 4
8 1848 2.5
8 1855 3
8 1862 2
8 1876 1.5
8 1882 3
8 1883 4
8 1911 3
8 1917 3
8 1918 4
8 1920 3.5
8 1923 3.5
8 1954 3.5
8 1961 3
8 1969 3.5
8 1970 3
8 1971 3.5
8 1973 4
8 1974 3.5
8 1992 2
8 1993 2
8 1994 3.5
8 2000 4
8 2001 3.5
8 2002 4
8 2003 3.5
8 2004 4.5
8 2005 4
8 2011 4
8 2012 4
8 2013 3
8 2021 3.5
8 2026 3.5
8 2028 3.5
8 2046 3
8 2050 2.5
8 2051 2.5
8 2052 3
8 2058 3.5
8 2060 3
8 2072 4
8 2100 2.5
8 2105 3.5
8 2107 2.5
8 2115 4
8 2117 3
8 2124 3.5
8 2140 4
8 2150 3
8 2151 3
8 2161 3.5
8 2167 5
8 2193 4
8 2194 2.5
8 2231 3.5
8 2232 3
8 2247 3.5
8 2253 4.5
8 2268 3
8 2269 2.5
8 2278 4
8 2291 3
8 2294 3.5
8 2322 4
8 2325 3
8 2329 4
8 2335 3.5
8 2338 3
8 2340 3
8 2355 3.5
8 2369 2.5
8 2371 2.5
8 2375 2.5
8 2378 0.5
8 2379 1
8 2380 0.5
8 2382 1
8 2383 0.5
8 2387 4.5
8 2389 3
8 2393 3.5
8 2405 3.5
8 2406 3.5
8 2407 3
8 2412 2.5
8 2422 2.5
8 2428 3
8 2431 4
8 2433 3.5
8 2447 3.5
8 2470 3
8 2471 3
8 2478 3.5
8 2490 4
8 2496 4
8 2498 3.5
8 2505 2.5
8 2514 2.5
8 2524 2
8 2540 3.5
8 2541 3.5
8 2542 4.5
8 2548 2
8 2549 3
8 2558 3
8 2571 5
8 2572 3.5
8 2581 3
8 2598 4
8 2600 4
8 2606 4
8 2617 4.5
8 2618 4
8 2628 3
8 2640 3.5
8 2641 3.5
8 2643 3
8 2657 3
8 2672 3
8 2683 4
8 2699 3
8 2700 3
8 2701 3.5
8 2713 3.5
8 2717 3
8 2719 3.5
8 2735 3.5
8 2762 4.5
8 2772 3
8 2793 3.5
8 2796 3
8 2802 3.5
8 2805 3.5
8 2807 2.5
8 2808 3.5
8 2826 3
8 2841 5
8 2858 5
8 2881 3
8 2889 4
8 2893 4
8 2913 4
8 2916 4
8 2944 3.5
8 2947 3
8 2948 3
8 2949 3
8 2950 3.5
8 2959 4.5
8 2968 3
8 2976 3
8 2978 2.5
8 2985 2.5
8 2987 3.5
8 2989 3.5
8 2990 3
8 2995 3
8 2997 4
8 3005 2.5
8 3020 3.5
8 3033 4
8 3039 3
8 3052 4.5
8 3081 4
8 3101 3.5
8 3114 4.5
8 3145 2.5
8 3146 3.5
8 3147 3
8 3156 3
8 3175 4
8 3176 3.5
8 3178 3
8 3208 3
8 3243 3.5
8 3248 2.5
8 3249 3
8 3253 3.5
8 3254 4
8 3256 3.5
8 3257 1.5
8 3258 4
8 3261 3.5
8 3263 3
8 3264 5
8 3268 2.5
8 3271 3.5
8 3300 4
8 3301 3.5
8 3316 3
8 3324 3.5
8 3354 3.5
8 3409 4.5
8 3448 3
8 3452 3.5
8 3457 2.5
8 3466 3.5
8 3471 4
8 3477 3
8 3484 3.5
8 3499 3.5
8 3526 4
8 3527 4
8 3534 3
8 3535 2.5
8 3555 3.5
8 3564 2
8 3578 4
8 3593 2
8 3623 3
8 3624 3.5
8 3635 3
8 3639 3
8 3686 4.5
8 3698 4
8 3699 3.5
8 3701 4
8 3702 3.5
8 3703 4
8 3704 3.5
8 3705 2.5
8 3710 3
8 3717 4
8 3740 4
8 3744 3.5
8 3745 4
8 3751 4
8 3752 5
8 3763 3.5
8 3764 3
8 3793 4.5
8 3798 2.5
8 3802 3
8 3809 4
8 3810 4
8 3821 2
8 3825 3
8 3826 3.5
8 3827 3.5
8 3841 3
8 3864 3.5
8 3879 3
8 3882 3
8 3897 4
8 3948 4
8 3973 2
8 3977 4
8 3978 3
8 3981 3.5
8 3986 3.5
8 3988 3.5
8 3994 4
8 3996 4
8 3997 3.5
8 3998 3.5
8 3999 3
8 4002 4
8 4010 3
8 4011 4.5
8 4015 2.5
8 4018 4
8 4027 5
8 4030 3.5
8 4040 3
8 4084 3
8 4085 3
8 4092 3
8 4105 3.5
8 4121 3.5
8 4128 4
8 4161 3.5
8 4178 3.5
8 4200 3
8 4203 4
8 4207 3
8 4223 3.5
8 4224 3
8 4226 4.5
8 4247 3.5
8 4251 4.5
8 4255 0.5
8 4265 3
8 4266 3
8 4267 3
8 4270 4.5
8 4280 3.5
8 4299 3.5
8 4306 4.5
8 4310 3
8 4321 2.5
8 4343 3.5
8 4351 3.5
8 4361 3
8 4367 3.5
8 4369 3.5
8 4370 3
8 4372 3
8 4387 4
8 4396 3
8 4446 3.5
8 4447 2.5
8 4452 4
8 4483 2.5
8 4487 3
8 4488 3
8 4489 3.5
8 4499 5
8 4526 3
8 4531 3
8 4544 3
8 4545 3.5
8 4558 3
8 4563 2
8 4571 3.5
8 4572 3.5
8 4580 3
8 4587 3.5
8 4621 1
8 4624 4
8 4636 3
8 4643 3.5
8 4672 3.5
8 4673 3
8 4677 2.5
8 4681 4
8 4701 3
8 4718 3
8 4728 3
8 4734 4.5
8 4735 2
8 4744 4.5
8 4756 3
8 4758 4
8 4776 3.5
8 4844 4
8 4848 3
8 4855 3.5
8 4866 3
8 4874 4
8 4878 5
8 4886 4
8 4887 4
8 4899 3
8 4954 4.5
8 4958 4
8 4963 4.5
8 4975 3.5
8 4978 4
8 4979 4
8 4980 3
8 4992 2
8 4993 3.5
8 5010 4.5
8 5014 4.5
8 5015 3.5
8 5040 3
8 5047 4
8 5049 3.5
8 5065 3.5
8 5093 3
8 5110 4
8 5128 3.5
8 5151 3
8 5152 5
8 5171 3
8 5218 4
8 5219 3
8 5247 3.5
8 5254 4
8 5255 3.5
8 5283 5
8 5293 2
8 5313 3.5
8 5323 2
8 5349 4
8 5378 3
8 5382 3
8 5388 4
8 5414 3
8 5438 3.5
8 5445 3
8 5459 4
8 5463 3.5
8 5476 3
8 5478 4
8 5481 4.5
8 5501 3
8 5502 4.5
8 5507 4
8 5523 3.5
8 5538 2
8 5541 3
8 5556 0.5
8 5573 3
8 5574 4
8 5609 2
8 5621 3
8 5669 4
8 5673 4.5
8 5678 3.5
8 5679 3
8 5810 3.5
8 5816 3.5
8 5833 2
8 5872 3.5
8 5881 3
8 5903 5
8 5944 3
8 5952 3
8 5999 3
8 6003 3.5
8 6040 3
8 6156 3
8 6157 3.5
8 6239 2.5
8 6264 3
8 6280 3.5
8 6290 0.5
8 6294 3.5
8 6296 4
8 6323 3.5
8 6333 4
8 6338 3.5
8 6365 4
8 6373 3.5
8 6378 4
8 6383 3
8 6440 4
8 6502 4
8 6503 3.5
8 6534 3.5
8 6537 3.5
8 6539 5
8 6541 3.5
8 6548 4.5
8 6564 3
8 6567 4
8 6595 3
8 6615 3.5
8 6662 3
8 6663 4
8 6686 3
8 6695 4.5
8 6708 2.5
8 6709 4.5
8 6711 3
8 6720 3.5
8 6754 4
8 6790 3
8 6796 3.5
8 6800 3.5
8 6803 3.5
8 6807 3.5
8 6812 2.5
8 6863 3.5
8 6870 5
8 6873 4.5
8 6874 4.5
8 6880 3
8 6888 3.5
8 6934 4
8 6936 3
8 6944 3
8 6947 4
8 6952 2.5
8 6953 5
8 6957 4.5
8 6966 3.5
8 6977 4
8 6996 3
8 7000 4
8 7004 3
8 7007 4.5
8 7018 3
8 7046 4
8 7076 3.5
8 7090 4.5
8 7101 3
8 7102 3
8 7143 4
8 7153 4
8 7161 3.5
8 7163 3
8 7173 4
8 7175 0.5
8 7193 4.5
8 7254 4
8 7293 3
8 7308 3
8 7310 3
8 7324 4
8 7325 4
8 7347 4
8 7348 3.5
8 7360 5
8 7367 3.5
8 7371 3.5
8 7373 4.5
8 7376 4.5
8 7381 3.5
8 7394 3
8 7395 3
8 7438 4
8 7439 3.5
8 7445 4.5
8 7448 3.5
8 7451 3.5
8 7454 4
8 7458 4
8 7573 2
8 7781 3.5
8 7827 3
8 7923 3
8 8010 3.5
8 8016 3
8 8169 3.5
8 8340 3.5
8 8360 4
8 8361 3.5
8 8366 3.5
8 8368 3.5
8 8371 4
8 8387 1
8 8493 3
8 8528 4.5
8 8623 3.5
8 8633 4
8 8636 3.5
8 8640 3
8 8641 3
8 8644 4.5
8 8665 4
8 8798 4.5
8 8810 4
8 8830 3
8 8860 3
8 8861 3.5
8 8870 3.5
8 8874 4
8 8939 3.5
8 8947 2.5
8 8961 4
8 8968 4.5
8 8972 3.5
8 8984 3
8 8985 4
8 26555 4
8 27728 3.5
8 30822 3.5
8 30825 4
8 32302 4
9 50 5
9 104 2
9 235 5
9 920 2.5
9 1080 4
9 1230 3.5
9 1288 5
9 1380 2.5
9 1500 5
9 1653 4.5
9 7361 5
9 26131 4
9 38061 5
9 44761 5
10 4 3
10 7 3
10 17 4
10 21 5
10 25 3
10 34 4
10 36 4
10 42 4
10 58 3
10 62 4
10 457 4
10 506 3
10 509 4
10 515 4
10 527 5
10 531 4
10 538 3
10 541 5
10 587 4
10 590 4
10 593 3
10 597 4
10 608 3
10 613 4
10 736 2
10 802 4
10 1041 5
10 1056 4
10 1094 4
10 1096 5
10 1097 3
10 1101 3
10 1131 5
10 1132 5
10 1172 5
10 1173 2
10 1183 4
10 1185 3
10 1186 4
10 1190 4
10 1193 5
10 1208 5
10 1211 3
10 1213 2
10 1216 4
10 1225 5
10 1228 3
10 1231 4
10 1233 5
10 1246 4
10 1252 4
10 1263 4
10 1264 5
10 1273 4
10 1277 4
10 1293 4
10 1295 4
10 1296 5
10 1302 3
10 1305 4
10 1307 5
10 1354 3
10 1381 1
10 1393 3
10 1569 4
10 1617 4
10 1619 4
10 1643 5
10 1674 5
10 1678 5
10 1680 4
10 1704 3
10 1726 3
10 1727 3
10 1730 4
10 1747 3
10 1784 5
10 1810 4
10 1835 5
10 1913 5
10 1955 4
10 1959 3
10 1960 4
10 1962 4
10 2020 5
10 2022 5
10 2028 5
10 2059 3
10 2065 2
10 2075 5
10 2076 3
10 2112 4
10 2154 2
10 2194 4
10 2268 3
10 2291 4
10 2352 5
10 2397 4
10 2420 3
10 2551 2
10 2686 3
10 2734 2
10 2745 4
10 2852 4
10 2872 4
10 2917 4
10 2931 5
10 2938 5
10 2942 2
10 2943 4
10 2987 3
10 3067 4
10 3068 4
11 260 5
11 296 3
11 349 5
11 440 5
11 480 4
11 539 5
11 733 4
11 750 4
11 858 5
11 908 4
11 1258 3
11 1270 5
11 1277 5
11 1291 5
11 1333 5
11 1374 4
11 1375 4
11 1376 5
11 1387 4
11 1544 4
11 1552 3
11 1580 5
11 1610 5
11 1617 5
11 1690 3
11 1732 3
11 1909 4
11 1917 3
11 1947 5
11 1997 3
11 2011 4
11 2028 5
11 2091 4
11 2160 3
11 2396 5
11 2405 4
11 2406 4
11 2407 4
11 2424 5
11 2470 4
11 2471 4
11 2554 3
11 2555 3
11 2565 5
11 2571 5
11 2581 4
11 2617 3
11 2620 4
11 2622 3
11 2671 5
11 2683 3
11 2686 5
11 2700 3
11 2710 3
11 2716 5
11 2746 4
11 2916 5
11 3061 5
12 5 3
12 253 3
12 345 4
12 454 3
12 736 4
12 780 5
12 1033 3
12 1127 4
12 1333 4
12 1391 4
12 2908 3
12 2959 4
12 2976 4
12 2987 4
12 2995 3
12 2997 4
12 3033 3
12 3052 3
12 3053 3
12 3081 3
12 3082 4
12 3115 3
12 3147 5
12 3155 3
12 3156 3
12 3175 4
12 3176 3
12 3186 4
12 3238 2
12 3287 2
12 3300 3
12 3301 4
12 3354 3
12 3355 4
12 3452 3
12 3457 4
12 3552 4
12 3578 4
12 3591 3
12 3593 2
12 3608 2
12 3624 4
12 3745 4
12 3755 3
13 2 3
13 20 3
13 23 4
13 31 2
13 50 5
13 71 2
13 88 4
13 141 2
13 173 3
13 253 4
13 586 2
13 595 3
13 608 3
13 648 3
13 661 2
13 708 2
13 809 3
13 870 2
13 912 4
13 924 5
13 973 3
13 996 4
13 1035 3
13 1079 4
13 1089 4
13 1097 4
13 1105 2
13 1113 3
13 1126 3
13 1193 4
13 1196 3
13 1197 4
13 1203 4
13 1210 4
13 1214 4
13 1225 5
13 1234 4
13 1249 4
13 1324 2
13 1367 3
13 1374 4
13 1408 4
13 1457 3
13 1466 4
13 1556 2
13 1569 4
13 1580 5
13 1589 2
13 1616 4
13 1674 4
13 1753 4
13 1772 3
13 2012 4
13 2015 4
13 2028 4
13 2052 3
13 2067 4
13 2269 3
13 2282 2
13 2291 2
13 2301 5
13 2315 1
13 2321 3
13 2352 2
13 2366 4
13 2431 3
13 2459 2
13 2469 4
13 2549 2
13 2562 3
13 2565 4
13 2746 5
13 2764 4
13 2797 4
13 2866 3
13 2900 2
13 2907 4
13 2918 3
13 2959 4
13 2974 2
13 3016 2
13 3039 3
13 3041 4
13 3052 3
13 3081 3
13 3105 4
13 3139 3
13 3173 4
13 3243 4
13 3387 3
13 3408 3
13 3471 5
13 3578 5
13 3623 3
13 3671 4
13 3684 4
13 3693 3
13 3793 3
13 3799 1
13 3839 1
13 3861 3
13 3889 4
13 4006 3
13 4018 3
13 4029 3
13 4207 4
13 4232 3
13 4248 2
13 4267 3
13 4276 4
13 4447 3
13 4480 2
13 4493 1
13 4502 2
13 4545 4
13 4566 2
13 4587 3
13 4633 1
13 4734 4
13 4748 3
13 4756 3
13 4874 3
13 4886 4
13 4901 4
13 4912 2
13 4958 5
13 4993 5
13 5048 1
13 5055 3
13 5152 5
13 5283 4
13 5307 3
13 5309 1
13 5363 4
13 5382 3
13 5422 3
14 1 3
14 2 3
14 260 4.5
14 333 3.5
14 343 2.5
14 524 4
14 837 4.5
14 902 3.5
14 953 4.5
14 1028 3.5
14 1583 2.5
14 1688 4.5
14 1923 2.5
14 1947 4
14 2006 3
14 2012 3
14 2087 4
14 2114 3
14 2125 4
14 2413 4.5
14 2683 3
14 2687 3
14 2746 4
14 2886 4
14 3255 4.5
14 3791 2.5
14 3948 2.5
14 3990 2
14 4014 3
14 4015 1
14 4025 4
14 4308 5
14 4447 3.5
14 4700 3.5
14 4822 2
14 4886 3
14 4896 3.5
14 4961 0.5
14 5066 3.5
14 5218 2.5
14 5299 5
14 5349 4
14 5378 2.5
14 5449 3.5
14 5481 2
14 5816 4
14 5882 3.5
14 5942 3
14 5958 2.5
14 5991 3.5
14 6218 4
14 6297 4
14 6367 4
14 6377 4.5
14 6535 3
14 6539 4.5
14 6863 5
14 7147 4
14 7153 3
14 7164 4
14 7255 3.5
14 7263 3
14 7324 3
14 7380 2.5
14 7444 3
14 7451 4
14 8360 3
14 8368 5
14 8526 1.5
14 8636 5
14 8641 1
14 8807 0.5
14 8869 2
14 8912 2.5
14 8970 4.5
14 8974 0.5
14 27706 4.5
14 27808 2
14 30793 4.5
14 30822 4
14 31221 1
14 32296 3
14 33085 0.5
14 33493 4
14 33499 2
14 33669 4
14 33836 3
14 34520 0.5
14 40815 5
14 40826 5
16 29 4
16 32 5
16 196 2
16 198 2
16 260 5
16 367 3
16 480 3
16 541 3
16 611 3
16 849 2
16 1206 4
16 1210 5
16 1214 4
16 1215 4
16 1240 5
16 1306 5
16 1320 3
16 1391 3
16 1527 5
16 1570 5
16 1573 4
16 1580 4
16 1676 5
16 1690 4
16 1779 4
16 1967 3
16 2011 3
16 2116 3
16 2143 3
16 2161 3
16 2193 4
16 2360 4
17 32 3
17 50 3
17 111 5
17 260 5
17 589 3
17 593 5
17 802 5
17 858 5
17 903 5
17 908 5
17 1702 3
17 1892 3
17 1918 4
17 1987 1
17 1997 5
17 2006 2
17 2028 5
17 2054 4
17 2094 4
17 2291 5
17 2353 5
17 2368 1
17 2571 1
17 2648 4
17 2662 3
17 2701 2
17 2728 3
17 2762 5
17 2985 2
17 3074 3
17 3101 5
17 3147 5
17 3406 3
17 3435 5
17 3476 3
17 3516 4
17 3634 3
17 3704 5
17 3793 5
17 3960 3
17 4033 3
17 4102 5
17 4326 4
17 4344 4
17 4638 2
17 5007 4
17 5122 5
17 5213 3
17 5294 3
17 5593 2
17 5651 4
17 5952 5
17 6316 5
18 1 3
18 2 3
18 5 1
18 7 2.5
18 10 4
18 11 3
18 17 4
18 20 3.5
18 23 4
18 25 4
18 112 3.5
18 145 4
18 150 4
18 163 4
18 165 4
18 169 0.5
18 186 2.5
18 203 3.5
18 216 3.5
18 225 3.5
18 231 2.5
18 252 3.5
18 253 4
18 260 4
18 276 3
18 288 4.5
18 290 4.5
18 296 5
18 300 3
18 303 3.5
18 317 2
18 318 4.5
18 342 4
18 344 3.5
18 345 4
18 349 3.5
18 353 4
18 356 4.5
18 357 3.5
18 361 3.5
18 364 3
18 367 3
18 370 3.5
18 374 0.5
18 377 3
18 380 4
18 420 3
18 427 3.5
18 434 3.5
18 440 4
18 457 4
18 480 3
18 481 4
18 485 3.5
18 491 2
18 494 4
18 500 3
18 508 4
18 520 3.5
18 527 4
18 539 2.5
18 541 4.5
18 585 2
18 586 1
18 587 3
18 589 4
18 590 2
18 592 3
18 593 5
18 597 3.5
18 608 4.5
18 637 2.5
18 661 1
18 733 4
18 736 3.5
18 778 4.5
18 780 4
18 786 3.5
18 788 3.5
18 805 4
18 832 4
18 838 4
18 839 3.5
18 920 4
18 924 4.5
18 1004 4
18 1005 1.5
18 1020 3
18 1027 3
18 1028 3
18 1036 4
18 1037 3.5
18 1047 4
18 1059 4
18 1061 4
18 1073 3
18 1079 4.5
18 1080 4
18 1088 3.5
18 1089 4.5
18 1090 4
18 1091 2.5
18 1092 4
18 1093 4
18 1097 3
18 1100 3
18 1101 3.5
18 1126 2
18 1135 2.5
18 1136 4.5
18 1175 3.5
18 1188 4
18 1196 4
18 1198 4
18 1207 3
18 1208 4.5
18 1210 3
18 1214 4
18 1215 4
18 1219 4
18 1220 5
18 1222 4
18 1240 4
18 1242 4
18 1246 4
18 1250 3.5
18 1255 4
18 1259 3
18 1265 3
18 1266 4
18 1270 3
18 1271 3.5
18 1275 4
18 1291 4
18 1298 4.5
18 1299 4.5
18 1302 2
18 1339 4
18 1343 4
18 1344 4
18 1370 4
18 1378 4
18 1380 2.5
18 1385 3.5
18 1391 4.5
18 1407 3.5
18 1425 4.5
18 1438 3.5
18 1485 2.5
18 1488 3.5
18 1513 2.5
18 1517 4
18 1527 4.5
18 1544 3
18 1552 4
18 1562 2.5
18 1569 3
18 1573 4
18 1580 4
18 1586 3.5
18 1587 3.5
18 1588 2
18 1597 4.5
18 1608 4
18 1616 3.5
18 1641 4
18 1644 3.5
18 1663 3
18 1673 4
18 1674 4
18 1680 4
18 1682 3
18 1687 3.5
18 1702 2.5
18 1704 4
18 1721 3.5
18 1722 4
18 1735 3.5
18 1777 4
18 1835 4
18 1918 3.5
18 1923 4
18 1954 4
18 1961 3
18 1968 4
18 2000 4.5
18 2001 4
18 2002 3.5
18 2003 3.5
18 2004 3
18 2005 3
18 2006 4
18 2011 2
18 2028 4.5
18 2042 1.5
18 2053 1
18 2054 2.5
18 2058 4
18 2072 2.5
18 2081 2
18 2082 1.5
18 2100 3
18 2115 4
18 2134 3
18 2136 3.5
18 2138 4
18 2150 4
18 2174 3
18 2268 4
18 2269 3
18 2279 3
18 2291 4
18 2294 3.5
18 2335 2.5
18 2353 4
18 2355 3
18 2359 4
18 2371 3
18 2378 3
18 2379 3
18 2380 3
18 2396 4
18 2402 3
18 2403 4
18 2404 3
18 2405 3.5
18 2406 3.5
18 2409 3.5
18 2420 3
18 2422 2
18 2424 2
18 2431 3
18 2467 4
18 2470 3.5
18 2473 3
18 2474 3.5
18 2476 4
18 2478 3
18 2490 4
18 2502 4
18 2528 3.5
18 2541 4
18 2542 4.5
18 2571 4
18 2572 4
18 2605 3.5
18 2616 3
18 2617 3
18 2671 3.5
18 2676 3.5
18 2683 4
18 2694 2.5
18 2699 3.5
18 2700 4.5
18 2701 2.5
18 2706 4
18 2710 4
18 2716 3.5
18 2717 3
18 2724 3
18 2734 3.5
18 2735 3
18 2746 4
18 2762 4.5
18 2763 4
18 2770 3.5
18 2791 3.5
18 2794 3.5
18 2803 3
18 2808 3.5
18 2858 4.5
18 2881 3.5
18 2915 4
18 2916 4.5
18 2918 4
18 2944 4
18 2953 2
18 2959 5
18 2985 3.5
18 2987 3.5
18 3005 3.5
18 3020 4
18 3039 4
18 3063 3
18 3081 4
18 3082 4
18 3101 3.5
18 3107 3.5
18 3108 3
18 3147 4
18 3176 4
18 3203 4
18 3210 4
18 3247 3
18 3248 3
18 3252 4
18 3253 3.5
18 3255 2.5
18 3256 4
18 3257 3.5
18 3263 3.5
18 3361 3
18 3396 4
18 3408 4
18 3418 4
18 3448 4.5
18 3489 2
18 3525 3
18 3527 4
18 3535 4
18 3552 3
18 3578 4
18 3617 3.5
18 3646 2.5
18 3682 4
18 3686 3
18 3702 4
18 3703 4
18 3704 3.5
18 3705 3
18 3751 3.5
18 3753 4.5
18 3811 3
18 3821 2.5
18 3841 3
18 3868 4
18 3897 4
18 3911 3.5
18 3948 3
18 3967 3
18 3977 4
18 3979 2
18 3996 4.5
18 4008 4
18 4011 4.5
18 4014 4
18 4015 2
18 4018 2
18 4025 3
18 4040 3
18 4062 3
18 4069 1
18 4084 4
18 4085 4.5
18 4102 4.5
18 4128 4
18 4148 3.5
18 4224 3.5
18 4254 1.5
18 4306 4
18 4308 4
18 4310 3.5
18 4326 4
18 4327 4
18 4344 3.5
18 4368 3
18 4487 3
18 4489 3.5
18 4499 4
18 4558 3
18 4621 0.5
18 4673 3
18 4677 2.5
18 4681 3.5
18 4703 4
18 4744 2
18 4776 4
18 4855 4
18 4865 4.5
18 4963 4
18 5010 4
18 5040 3.5
18 5049 4
18 5055 4
18 5218 3.5
18 5346 3
18 5442 3
18 5452 0.5
18 5459 3.5
18 5524 3.5
18 5785 4
18 5961 3
18 6251 2
18 6323 4.5
18 6377 4
18 6539 4
18 6664 3.5
18 6707 4
18 6709 4
18 6800 3
18 6807 4.5
18 6810 3
18 7000 3
18 7004 2.5
18 7007 3.5
18 7016 2.5
18 7162 3.5
18 7345 0.5
18 7701 0.5
18 8360 4
18 8493 3.5
18 8623 2.5
18 8907 3
19 5 3
19 10 4
19 13 4
19 17 5
19 21 4
19 28 5
19 31 4
19 39 3
19 40 4
19 45 2
19 165 3
19 204 2
19 207 4
19 222 5
19 224 5
19 246 5
19 249 4
19 253 3
19 254 2
19 260 5
19 261 4
19 277 5
19 279 4
19 282 4
19 300 4
19 305 3
19 318 4
19 327 4
19 329 4
19 339 4
19 345 4
19 349 4
19 353 5
19 356 4
19 357 4
19 362 4
19 364 5
19 369 1
19 376 3
19 377 4
19 380 3
19 410 3
19 415 1
19 421 3
19 435 1
19 440 3
19 449 3
19 450 4
19 457 4
19 466 3
19 469 2
19 471 2
19 474 4
19 475 4
19 480 1
19 489 3
19 491 4
19 497 5
19 500 4
19 508 5
19 527 5
19 539 4
19 541 5
19 543 4
19 552 3
19 585 4
19 586 2
19 587 4
19 588 5
19 589 4
19 590 3
19 592 3
19 594 5
19 595 3
19 596 4
19 597 3
19 608 3
19 616 5
19 637 3
19 647 3
19 653 3
19 667 1
19 688 3
19 709 3
19 720 5
19 733 4
19 750 3
19 765 2
19 783 3
19 802 4
19 808 3
19 829 4
19 847 3
19 858 2
19 899 4
19 902 4
19 904 4
19 908 3
19 914 4
19 916 4
19 919 3
19 921 3
19 922 3
19 924 1
19 951 4
19 953 5
19 954 4
19 955 3
19 971 4
19 1009 3
19 1010 3
19 1013 3
19 1014 3
19 1016 3
19 1018 3
19 1022 5
19 1025 4
19 1027 4
19 1031 3
19 1032 4
19 1033 5
19 1035 3
19 1036 3
19 1059 4
19 1060 4
19 1073 4
19 1079 5
19 1080 5
19 1088 4
19 1089 2
19 1093 3
19 1096 3
19 1097 2
19 1099 4
19 1100 3
19 1101 4
19 1103 4
19 1124 3
19 1125 4
19 1131 5
19 1132 5
19 1136 5
19 1148 5
19 1172 5
19 1177 4
19 1183 3
19 1188 5
19 1192 5
19 1193 4
19 1196 5
19 1197 5
19 1198 4
19 1199 3
19 1201 3
19 1203 4
19 1206 3
19 1207 4
19 1208 3
19 1210 5
19 1215 4
19 1220 5
19 1221 2
19 1223 5
19 1224 5
19 1225 4
19 1226 4
19 1227 4
19 1230 4
19 1234 4
19 1240 4
19 1242 4
19 1246 5
19 1247 3
19 1259 5
19 1262 4
19 1265 3
19 1268 4
19 1270 5
19 1271 4
19 1274 4
19 1275 5
19 1278 4
19 1279 3
19 1282 5
19 1285 3
19 1288 4
19 1290 5
19 1291 5
19 1293 4
19 1296 4
19 1297 4
19 1298 4
19 1299 3
19 1300 4
19 1302 4
19 1304 4
19 1306 2
19 1307 4
19 1339 3
19 1367 4
19 1370 3
19 1374 4
19 1375 4
19 1376 4
19 1377 3
19 1378 3
19 1379 3
19 1380 5
19 1385 3
19 1394 4
19 1396 3
19 1408 5
19 1411 4
19 1425 5
19 1441 4
19 1479 4
19 1587 2
19 1588 5
19 1597 4
19 1610 4
19 1641 5
19 2019 3
19 5060 4
22 19 1
22 21 4
22 32 4
22 34 3
22 47 4
22 50 4
22 110 5
22 150 4
22 153 3
22 161 4
22 316 4
22 317 3
22 329 4
22 339 3
22 344 3
22 349 3
22 356 4
22 357 4
22 364 4
22 377 3
22 380 4
22 454 3
22 480 4
22 482 4
22 500 3
22 521 1
22 527 4
22 539 4
22 586 2
22 587 3
22 588 4
22 589 4
22 592 3
22 593 5
22 595 4
22 597 1
22 653 3
23 1 5
23 7 3
23 17 5
23 21 4
23 32 5
23 39 3
23 47 4
23 50 5
23 62 3
23 95 4
23 319 4
23 337 4
23 339 5
23 367 4
23 377 3
23 457 3
23 497 5
23 527 5
23 539 4
23 589 4
23 593 5
23 595 4
23 608 5
23 648 3
23 661 3
23 708 5
23 720 5
23 728 4
23 736 3
23 745 5
23 778 4
23 780 3
23 838 5
23 1036 4
24 1 5
24 3 3
24 5 4
24 6 3
24 7 4
24 17 5
24 32 3
24 62 5
24 64 5
24 94 3
24 736 3
24 780 4
24 786 5
24 788 4
24 802 3
24 805 5
24 832 5
24 836 3
24 852 4
24 858 5
24 1047 4
24 1073 4
24 1210 5
24 1356 5
24 1393 5
26 10 4
26 19 1
26 47 5
26 110 5
26 150 5
26 153 3
26 161 5
26 165 4
26 185 4
26 208 3
26 454 4
26 457 5
26 539 3
26 586 3
26 587 4
26 588 5
26 589 5
26 590 3
26 592 3
26 597 3
26 733 5
26 780 5
27 3 3
27 12 2
27 32 4
27 61 3
27 65 3
27 79 2
27 88 3
27 95 3
27 100 3
27 102 3
27 733 4
27 736 4
27 761 3
27 762 3
27 780 5
27 784 2
27 785 3
27 788 2
27 799 3
27 802 3
27 805 4
27 836 4
27 842 3
27 849 3
27 880 3
27 1073 4
27 1105 1
27 1356 5
28 1097 4
28 1197 4
28 1220 4
28 1270 4
28 1278 4
28 1394 2
28 1967 3
28 1968 4
28 2000 4
28 2005 1
28 2193 4
28 2245 4
28 2301 4
28 2371 4
28 2374 4
28 2375 4
28 2406 4
28 2407 4
29 1918 4
29 1999 2
29 2023 4
29 2404 3
29 2769 1
29 3404 2
29 3478 3
29 3863 1
29 3865 1
29 3879 5
29 3910 1
29 3911 3
29 3915 1
29 3943 1
29 3945 1
29 3946 3
29 3948 1
29 3949 1
29 3951 1
29 3952 2
29 3953 1
29 3955 1
29 3956 2
29 3967 1
29 3968 1
29 3969 1
29 3972 1
29 3973 1
29 3977 5
29 3978 1
29 3979 4
29 3983 1
30 1 5
30 3 4
30 11 5
30 17 5
30 28 5
30 34 5
30 43 4
30 47 4
30 62 5
30 92 4
30 230 5
30 235 5
30 248 4
30 253 3
30 260 5
30 261 5
30 266 5
30 282 5
30 300 5
30 317 3
30 318 5
30 339 5
30 344 4
30 356 5
30 357 4
30 362 5
30 364 5
30 367 5
30 368 5
30 370 2
30 371 5
30 377 5
30 380 5
30 383 4
30 432 4
30 440 5
30 454 4
30 466 2
30 480 4
30 500 4
30 524 5
30 527 5
30 531 3
30 539 5
30 551 4
30 553 5
30 586 4
30 588 5
30 590 5
30 592 5
30 593 5
30 594 4
30 595 5
30 597 5
30 608 4
30 616 4
30 637 4
30 648 5
30 661 4
30 678 5
30 707 3
30 733 5
30 736 5
30 780 4
30 783 5
30 838 5
30 848 5
30 852 5
30 903 5
30 904 5
30 914 5
30 919 5
30 920 5
30 924 3
30 932 5
30 953 5
30 954 5
30 1020 4
30 1022 5
30 1023 5
30 1027 5
30 1028 5
30 1029 5
30 1035 5
30 1042 5
30 1049 4
30 1064 4
30 1073 4
30 1079 5
30 1097 5
30 1101 4
30 1136 3
30 1183 5
30 1186 3
30 1193 4
30 1196 5
30 1198 5
30 1201 4
30 1207 5
30 1210 5
30 1219 4
30 1231 5
30 1240 3
30 1242 5
30 1247 5
30 1258 5
30 1265 5
30 1270 5
30 1271 5
30 1272 3
30 1278 5
30 1282 4
30 1288 3
30 1291 5
30 1293 3
30 1296 5
30 1302 5
30 1307 5
30 1333 4
30 1345 4
30 1367 4
30 1374 5
30 1377 5
30 1380 5
30 1390 4
30 1391 5
30 1393 4
30 1394 5
30 1409 5
30 1441 3
30 1466 3
30 1489 5
30 1544 4
30 1552 3
30 1566 4
30 1569 4
30 1580 5
33 1 4
33 6 3
33 7 3
33 17 4
33 26 4
33 32 3
33 36 5
33 52 4
33 62 3
33 92 3
33 783 3
33 784 2
33 828 3
33 1049 3
33 1073 3
33 1084 4
34 1 3
34 2 3
34 3 4
34 5 3
34 8 3
34 9 3
34 19 2
34 22 3
34 23 4
34 24 5
34 50 4
34 62 3
34 63 2
34 65 2
34 69 3
34 70 2
34 73 4
34 79 3
34 86 3
34 88 3
34 95 2
34 104 4
34 105 2
34 110 5
34 126 2
34 132 2
34 145 3
34 150 3
34 153 2
34 158 2
34 160 2
34 161 3
34 163 3
34 165 2
34 168 3
34 173 3
34 174 2
34 181 1
34 185 3
34 186 3
34 188 3
34 196 2
34 204 1
34 208 1
34 216 2
34 227 3
34 230 3
34 231 2
34 236 4
34 238 3
34 240 3
34 246 2
34 247 2
34 252 3
34 253 3
34 257 3
34 260 4
34 265 2
34 266 2
34 267 2
34 275 3
34 276 3
34 292 4
34 293 5
34 296 1
34 315 3
34 316 4
34 317 4
34 318 5
34 329 1
34 333 5
34 342 1
34 343 2
34 344 2
34 349 3
34 350 3
34 353 3
34 356 1
34 364 3
34 367 3
34 370 2
34 371 2
34 376 4
34 377 2
34 379 4
34 380 3
34 382 3
34 393 2
34 405 2
34 407 2
34 408 3
34 420 3
34 423 3
34 431 3
34 432 3
34 434 4
34 437 2
34 442 4
34 450 4
34 454 3
34 457 4
34 464 3
34 466 2
34 473 1
34 474 4
34 479 3
34 480 4
34 481 2
34 485 2
34 491 4
34 493 2
34 500 3
34 502 2
34 504 2
34 505 2
34 508 3
34 509 2
34 511 3
34 516 3
34 517 2
34 520 1
34 524 3
34 527 5
34 528 1
34 529 3
34 531 3
34 539 3
34 540 3
34 541 3
34 542 4
34 546 1
34 547 3
34 551 3
34 552 4
34 569 2
34 575 3
34 585 1
34 586 3
34 588 4
34 589 4
34 590 5
34 593 5
34 595 4
34 608 2
34 609 2
34 628 4
34 631 2
34 647 4
34 648 3
34 653 3
34 662 3
34 673 2
34 704 3
34 724 2
34 733 3
34 736 3
34 742 3
34 748 2
34 762 2
34 780 4
34 782 2
34 783 4
34 784 1
34 785 3
34 786 3
34 788 3
34 799 2
34 801 2
34 805 4
34 828 2
34 829 2
34 832 4
34 833 2
34 837 1
34 849 2
34 858 3
34 870 3
34 879 4
34 880 3
34 881 1
34 888 1
34 891 1
34 899 2
34 919 2
34 924 3
34 968 3
34 990 3
34 1003 3
34 1005 2
34 1015 3
34 1020 3
34 1027 4
34 1032 2
34 1037 4
34 1047 3
34 1049 4
34 1060 2
34 1073 2
34 1079 2
34 1080 3
34 1089 3
34 1090 4
34 1092 4
34 1094 1
34 1095 2
34 1099 1
34 1104 1
34 1131 4
34 1132 4
34 1136 4
34 1183 2
34 1196 3
34 1197 4
34 1198 4
34 1199 4
34 1200 4
34 1201 3
34 1203 4
34 1204 3
34 1208 4
34 1209 3
34 1210 4
34 1213 3
34 1219 3
34 1221 3
34 1222 3
34 1225 3
34 1240 4
34 1242 5
34 1246 4
34 1249 4
34 1258 4
34 1259 2
34 1261 1
34 1262 3
34 1263 3
34 1265 3
34 1266 4
34 1271 2
34 1287 3
34 1293 3
34 1320 3
34 1340 1
34 1342 3
34 1343 4
34 1356 1
34 1357 4
34 1359 3
34 1363 2
34 1367 3
34 1370 3
34 1372 1
34 1376 1
34 1377 3
34 1379 3
34 1385 2
34 1387 3
34 1393 1
34 1396 3
34 1405 1
34 1407 3
34 1408 4
34 1422 3
34 1425 2
34 1427 3
34 1431 3
34 1438 2
34 1441 3
34 1457 3
34 1459 3
34 1461 3
34 1468 2
34 1485 4
34 1495 1
34 1499 2
34 1500 2
34 1503 3
34 1517 3
34 1518 3
34 1544 3
34 1552 2
34 1566 3
34 1569 3
34 1573 3
34 1581 3
34 1584 3
34 1588 1
34 1589 3
34 1590 4
34 1591 4
34 1592 1
34 1597 4
34 1598 3
34 1603 3
34 1608 3
34 1610 4
34 1615 2
34 1619 2
34 1620 4
34 1625 4
34 1640 2
34 1644 3
34 1645 3
34 1653 3
34 1654 2
34 1673 1
34 1676 2
34 1680 2
34 1682 4
34 1687 3
34 1688 3
34 1690 3
34 1693 4
34 1702 2
34 1704 3
34 1707 1
34 1717 2
34 1721 4
34 1722 2
34 1727 2
34 1729 2
34 1732 4
34 1744 3
34 1747 3
34 1748 3
34 1754 3
34 1756 3
34 1762 3
34 1771 3
34 1777 4
34 1779 4
34 1784 4
34 1792 3
34 1797 3
34 1801 4
34 1826 1
34 1831 2
34 1833 2
34 1835 3
34 1837 4
34 1839 2
34 1841 3
34 1855 1
34 1869 1
34 1873 4
34 1876 5
34 1882 2
34 1894 2
34 1907 3
34 1909 1
34 1911 3
34 1914 2
34 1917 3
34 1918 4
34 1920 2
34 1921 3
34 1923 1
34 1953 3
34 1961 4
34 1968 4
34 1993 1
34 2000 4
34 2002 3
34 2004 2
34 2006 4
34 2012 3
34 2019 3
34 2028 5
34 2042 2
34 2052 2
34 2058 4
34 2059 3
34 2082 2
34 2089 3
34 2092 1
34 2094 2
34 2120 4
34 2124 2
34 2125 4
34 2126 2
34 2144 3
34 2162 2
34 2167 5
34 2195 3
34 2231 3
34 2253 2
34 2268 4
34 2269 2
34 2273 4
34 2278 3
34 2279 3
34 2289 2
34 2291 4
34 2294 3
34 2296 4
34 2297 4
34 2302 3
34 2306 2
34 2315 1
34 2320 4
34 2322 3
34 2329 4
34 2334 5
34 2335 3
34 2338 1
34 2352 2
34 2355 3
34 2359 2
34 2384 2
34 2391 3
34 2393 1
34 2394 4
34 2412 4
34 2424 3
34 2427 2
34 2431 4
34 2432 3
34 2443 3
34 2447 2
34 2461 1
34 2462 1
34 2467 3
34 2485 2
34 2496 2
34 2497 2
34 2498 2
34 2500 1
34 2501 2
34 2502 3
34 2505 1
34 2539 4
34 2548 3
34 2550 3
34 2560 2
34 2571 5
34 2573 2
34 2577 2
34 2581 3
34 2597 3
34 2605 2
34 2617 2
34 2628 2
34 2660 1
34 2664 1
34 2671 4
34 2679 4
34 2682 1
34 2683 3
34 2686 4
34 2687 4
34 2688 2
34 2693 1
34 2694 2
34 2699 4
34 2700 1
34 2702 2
34 2706 1
34 2707 3
34 2710 1
34 2713 3
34 2719 3
34 2720 2
34 2722 2
34 2723 1
34 2724 2
34 2725 1
34 2761 3
34 2762 2
34 2763 1
34 2772 3
34 2791 3
34 2793 2
34 2803 3
34 2805 4
34 2808 4
34 2812 1
34 2822 3
34 2826 5
34 2827 2
34 2840 4
34 2841 3
34 2860 3
34 2872 5
34 2875 3
34 2881 3
34 2882 2
34 2889 2
34 2898 3
34 2916 3
34 2918 3
34 2947 3
34 2953 2
34 2959 3
34 2976 3
34 2986 1
34 2987 2
34 2996 3
34 2997 2
34 3000 2
34 3004 3
34 3006 3
34 3020 3
34 3043 1
34 3047 1
34 3053 3
34 3054 1
34 3079 2
34 3098 3
34 3100 2
34 3107 5
34 3108 4
34 3114 4
34 3146 3
34 3147 5
34 3165 3
34 3173 1
34 3175 2
34 3176 1
34 3178 4
34 3179 2
34 3180 2
34 3186 3
34 3190 1
34 3198 3
34 3213 2
34 3243 3
34 3246 2
34 3247 3
34 3249 4
34 3250 4
34 3252 3
34 3253 2
34 3254 2
34 3255 2
34 3256 4
34 3257 3
34 3259 3
34 3263 3
34 3264 3
34 3268 2
34 3269 3
34 3270 4
34 3271 3
34 3273 1
34 3285 1
34 3286 2
34 3299 1
34 3300 4
34 3301 3
34 3324 2
34 3328 1
34 3347 3
34 3354 2
34 3400 2
34 3408 3
34 3409 3
34 3418 2
34 3421 3
34 3439 2
34 3450 3
34 3452 3
34 3471 3
34 3476 3
34 3481 3
34 3483 2
34 3484 3
34 3489 4
34 3499 4
34 3510 3
34 3513 4
34 3534 2
34 3535 4
34 3536 2
34 3551 3
34 3553 3
34 3555 2
34 3578 4
34 3593 1
34 3594 3
34 3615 4
34 3616 2
34 3618 2
34 3623 1
34 3624 3
34 3646 3
34 3661 2
34 3662 2
34 3663 1
34 3664 1
34 3686 4
34 3697 3
34 3699 3
34 3717 4
34 3744 2
34 3745 2
34 3751 2
34 3752 1
34 3753 3
34 3755 3
34 3785 2
34 3793 5
34 3802 3
34 3809 3
34 3821 2
34 3824 2
34 3826 2
34 3841 3
34 3861 2
34 3863 3
34 3864 1
34 3869 2
34 3879 3
34 3896 2
34 3908 2
34 3940 1
34 3946 3
34 3953 1
34 3973 1
34 3980 4
34 3987 3
34 3990 1
34 3991 2
34 4010 3
34 4016 3
34 4047 3
34 4085 4
34 4103 4
34 4105 3
34 6425 2
35 1 3
35 32 3.5
35 47 4
35 63 1.5
35 70 3
35 95 3.5
35 150 3
35 160 3
35 165 3.5
35 223 1.5
35 587 3
35 589 4.5
35 592 3
35 608 4.5
35 733 4
35 750 4.5
35 778 5
35 780 2.5
35 1080 4
35 1101 4
35 1127 0.5
35 1196 2
35 1200 4.5
35 1206 5
35 1208 4.5
35 1210 3.5
35 1219 3
35 1222 4.5
35 1240 3.5
35 1258 4
35 1265 3
35 1288 3
35 1298 3.5
35 1320 3
35 1385 2
35 1387 4
35 1407 3
35 1517 3.5
35 1527 4.5
35 1552 2
35 1573 3.5
35 1580 1
35 1584 1.5
35 1608 1
35 1610 4.5
35 1620 3
35 1673 4
35 1676 2.5
35 1687 3
35 1690 2
35 1721 1
35 1805 3.5
35 1876 1.5
35 1917 0.5
35 1921 4.5
35 1923 3.5
35 2011 2.5
35 2012 2.5
35 2028 4
35 2054 2
35 2167 3.5
35 2174 4.5
35 2278 4.5
35 2321 4.5
35 2329 4.5
35 2340 4
35 2353 3.5
35 2485 1
35 2571 4
35 2572 2
35 2580 3
35 2594 4.5
35 2617 1
35 2683 3
35 2692 5
35 2699 3
35 2701 1
35 2706 2.5
35 2710 1.5
35 2712 4.5
35 2762 4
35 2763 1
35 2858 4.5
35 2890 4.5
35 2959 5
35 2987 4
35 3005 3
35 3082 1
35 3146 1
35 3160 4
35 3246 3
35 3264 1.5
35 3476 3.5
35 3498 3.5
35 3555 3.5
35 3556 4.5
35 3654 3
35 3948 3.5
35 3949 5
35 3996 4.5
35 4011 3.5
35 4226 4.5
35 4306 3.5
35 4718 1.5
35 4878 5
35 4963 4
35 4975 3
35 4993 3.5
35 5445 3
35 5502 4
35 5666 4
35 5669 4
35 6067 4
35 6708 4.5
35 6874 4
35 7254 4
35 7361 5
35 8464 3.5
35 8528 3
35 8917 4
35 8950 4.5
35 38038 3.5
36 1 4
36 2 3
36 3 3
36 6 5
36 10 3
36 11 2
36 13 4
36 15 4
36 16 5
36 18 4
36 111 3
36 145 4
36 153 2
36 158 3
36 163 4
36 165 4
36 180 5
36 208 3
36 216 5
36 223 4
36 231 5
36 239 2
36 246 3
36 250 4
36 260 4
36 274 2
36 288 3
36 293 4
36 296 5
36 316 3
36 317 3
36 333 5
36 353 4
36 356 5
36 362 4
36 364 5
36 367 4
36 368 4
36 370 2
36 376 4
36 380 3
36 409 4
36 410 4
36 431 4
36 442 3
36 454 4
36 457 4
36 480 4
36 486 4
36 494 2
36 500 4
36 543 4
36 546 4
36 551 4
36 552 2
36 553 4
36 555 4
36 558 2
36 569 3
36 586 4
36 588 5
36 589 4
36 590 3
36 592 5
36 593 4
36 595 5
36 596 3
36 597 4
36 608 3
36 648 4
36 661 4
36 671 5
36 673 2
36 688 3
36 700 4
36 708 2
36 719 2
36 733 3
36 778 3
36 780 3
36 782 2
36 783 3
36 785 4
36 788 2
36 801 2
36 810 1
36 832 3
36 837 4
36 849 2
36 852 2
36 858 5
36 870 1
36 880 3
36 919 4
36 924 2
36 934 4
36 986 3
36 1015 4
36 1020 4
36 1025 3
36 1029 3
36 1036 4
36 1049 4
36 1059 4
36 1060 4
36 1064 4
36 1073 4
36 1084 3
36 1089 5
36 1092 3
36 1100 3
36 1101 4
36 1196 5
36 1198 1
36 1204 5
36 1206 4
36 1208 4
36 1210 5
36 1213 5
36 1221 5
36 1222 4
36 1228 4
36 1240 4
36 1252 4
36 1257 3
36 1262 5
36 1265 4
36 1270 4
36 1276 3
36 1288 4
36 1291 4
36 1304 3
36 1343 4
36 1356 3
36 1358 4
36 1359 3
36 1374 4
36 1377 4
36 1378 5
36 1379 3
36 1380 4
36 1387 5
36 1391 3
36 1393 4
36 1407 3
36 1461 4
36 1466 4
36 1500 4
36 1513 2
36 1517 5
36 1527 3
36 1544 2
36 1552 4
36 1562 1
36 1566 3
36 1573 4
36 1580 4
36 1591 3
36 1597 4
36 1601 4
36 1614 2
36 1615 3
36 1617 5
36 1625 3
36 1639 4.5
36 1640 3
36 1642 4
36 1645 3
36 1663 3
36 1676 4
36 1681 1
36 1687 2
36 1690 2
36 1702 3
36 1729 5
36 1732 3
36 1746 1
36 1777 4
36 1779 3
36 1784 4
36 1806 4
36 1831 2
36 1840 4
36 1854 3
36 1882 2
36 1883 3
36 1884 3
36 1887 3
36 1889 4
36 1907 2
36 1912 4
36 1917 4
36 1918 3
36 1919 4
36 1920 3
36 1923 4
36 1954 4
36 1961 4
36 1968 5
36 2000 4
36 2001 4
36 2002 4
36 2003 3
36 2004 4
36 2011 4
36 2012 4
36 2019 4
36 2022 4.5
36 2023 2
36 2028 3
36 2036 3
36 2048 3
36 2053 2
36 2054 3
36 2060 5
36 2081 5
36 2082 3
36 2083 4
36 2087 3
36 2089 4
36 2092 3
36 2097 3
36 2115 4
36 2123 4
36 2124 4
36 2133 3
36 2134 3
36 2142 4
36 2167 3
36 2174 4
36 2194 2
36 2253 3
36 2268 4
36 2273 2
36 2291 4
36 2294 3
36 2315 2
36 2353 3
36 2355 4
36 2387 2
36 2394 4
36 2396 4
36 2399 3
36 2409 4
36 2413 3
36 2423 4
36 2429 2
36 2430 3
36 2447 3
36 2490 4
36 2496 3
36 2502 5
36 2539 3
36 2571 3
36 2572 4
36 2581 2
36 2587 2
36 2616 3
36 2617 4
36 2628 2
36 2657 3
36 2683 4
36 2687 4
36 2693 3
36 2694 4
36 2700 4
36 2701 1
36 2706 2
36 2710 3
36 2716 4
36 2717 4
36 2720 2
36 2746 3
36 2747 3
36 2762 4
36 2770 2
36 2791 4
36 2797 3
36 2804 4
36 2857 2
36 2858 4
36 2860 2
36 2881 3
36 2908 5
36 2915 3
36 2918 5
36 2953 4
36 2959 4
36 2976 4
36 2987 4
36 3033 3
36 3034 4
36 3039 4
36 3052 4.5
36 3081 3
36 3087 4
36 3174 2
36 3175 4
36 3219 4
36 3225 2
36 3246 4
36 3247 3
36 3254 4
36 3255 3
36 3263 4
36 3267 3
36 3275 2
36 3298 4
36 3301 4
36 3327 4
36 3362 4.5
36 3386 4.5
36 3396 4
36 3397 4
36 3400 3
36 3409 3
36 3424 4
36 3438 4
36 3439 4
36 3440 4
36 3448 4
36 3481 4
36 3483 4
36 3489 4
36 3534 2
36 3535 3
36 3552 4
36 3578 3
36 3614 4
36 3617 2
36 3698 3
36 3717 4
36 3751 4
36 3753 4
36 3785 2
36 3793 3
36 3826 4
36 3833 2
36 3896 2
36 3897 4
36 3911 4
36 3948 4
36 3988 3
36 4002 4
36 4010 4
36 4011 4
36 4090 4
36 4148 3
36 4161 3
36 4214 3
36 4226 4
36 4228 3
36 4232 4
36 4246 4
36 4262 5
36 4270 1
36 4306 4
36 4310 1
36 4369 2
36 4445 3
36 4447 2
36 4519 3
36 4544 4
36 4545 3
36 4568 3
36 4571 3
36 4619 3
36 4623 5
36 4643 2
36 4679 4
36 4718 2
36 4720 4
36 4734 3.5
36 4771 2
36 4774 2
36 4776 3.5
36 4814 3
36 4816 3
36 4866 2
36 4867 3
36 4890 3
36 4896 3
36 4951 4
36 4963 4
36 4979 2
36 4980 3
36 4993 4
36 5002 4
36 5025 4
36 5064 4
36 5096 1
36 5102 4
36 5103 5
36 5110 5
36 5159 4
36 5265 4
36 5293 4
36 5349 3
36 5378 3
36 5388 3
36 5400 3
36 5419 2
36 5459 2
36 5478 1
36 5481 2
36 5502 4
36 5507 1
36 5528 3
36 5539 4
36 5541 4
36 5563 3
36 5572 2
36 5573 3
36 5582 2
36 5589 4
36 5617 3
36 5620 2
36 5630 4
36 5670 4
36 5673 4
36 5675 2
36 5679 4
36 5782 4
36 5816 3
36 5872 1
36 5893 2
36 5902 5
36 5945 3
36 5952 4
36 5954 4
36 5956 4.5
36 5989 5
36 5991 3
36 6001 5
36 6006 1
36 6012 2
36 6014 2
36 6040 1
36 6058 3
36 6157 1
36 6166 3
36 6185 2
36 6188 3
36 6213 2
36 6219 2
36 6220 4
36 6250 3
36 6264 1
36 6265 1
36 6281 3
36 6333 4
36 6365 2.5
36 6373 1.5
36 6377 3.5
36 6482 1
36 6502 4
36 6503 2
36 6534 4
36 6537 3
36 6539 4
36 6548 2
36 6566 3
36 6586 2.5
36 6595 3
36 6615 3
36 6617 3.5
36 7318 2.5
36 33085 3.5
36 33164 3.5
37 32 3
37 47 4
37 50 3.5
37 70 2.5
37 110 3.5
37 112 2
37 223 4
37 293 3.5
37 296 5
37 318 3
37 1080 4
37 1088 1
37 1089 5
37 1127 3
37 1136 4
37 1200 5
37 1201 3.5
37 1210 5
37 1214 2
37 1215 4.5
37 1240 5
37 1258 2
37 1261 4.5
37 1275 2.5
37 1291 4
37 1304 2.5
37 1320 2
37 1527 2.5
37 1690 1
37 1704 0.5
37 1876 2
37 1917 2
37 2000 1.5
37 2003 1.5
37 2028 1.5
37 2115 3.5
37 2167 2.5
37 2194 0.5
37 2542 3.5
37 2571 3.5
37 2580 3.5
37 2795 4
37 2959 5
37 3421 3
37 3448 2.5
37 3508 3.5
37 3527 5
37 3578 3
37 3793 1
37 3977 0.5
37 3996 2.5
37 4011 5
37 4105 5
37 4128 2
37 4226 4
37 4306 3
37 4878 5
37 4993 2.5
37 5244 3.5
37 5418 1
37 5630 3
37 5952 2.5
37 6333 1
37 6874 4.5
37 7090 2
37 7153 3.5
37 7438 4.5
37 7482 3.5
37 8636 2
37 8665 0.5
38 10 4
38 22 4.5
38 27 4
38 34 1
38 39 2
38 47 4.5
38 62 2.5
38 110 3.5
38 140 4
38 145 4
38 316 3
38 318 4
38 339 2.5
38 350 4
38 351 3.5
38 356 4.5
38 377 4
38 380 4
38 454 4
38 457 4.5
38 480 3
38 500 4
38 531 3
38 539 3.5
38 586 3.5
38 587 3
38 588 4
38 590 3
38 593 4
38 597 4
38 647 4
38 648 3
38 726 4.5
38 733 3.5
38 736 3
38 786 4
38 788 3
38 802 3.5
38 805 4.5
38 832 5
38 837 4
38 919 4
38 1013 4
38 1014 4
38 1035 3.5
38 1047 5
38 1073 3.5
38 1197 3
38 1250 3
38 1258 4
38 1307 3
38 1393 4
38 1408 3
38 1479 5
38 1552 5
38 1580 1
38 1584 3.5
38 1597 4.5
38 1615 5
38 1620 4.5
38 1682 3
38 1704 3.5
38 1721 3
38 1754 4
38 1876 3
38 1892 5
38 1894 4.5
38 1923 1
38 1961 3
38 2052 4
38 2058 4
38 2297 5
38 2340 5
38 2353 4.5
38 2396 2.5
38 2432 4.5
38 2502 3.5
38 2539 3
38 2541 4
38 2571 4
38 2572 4.5
38 2605 4.5
38 2671 3.5
38 2676 4
38 2683 1
38 2688 4.5
38 2694 4
38 2706 2
38 2710 1
38 2714 4.5
38 2762 3.5
38 2763 4.5
38 2803 5
38 2827 4
38 2840 4.5
38 2881 4
38 2959 4
38 2975 4.5
38 3005 4.5
38 3065 4
38 3101 3.5
38 3147 4
38 3176 3.5
38 3186 5
38 3225 4.5
38 3238 4
38 3255 4
38 3408 4.5
38 3451 4
38 3510 4
38 3554 4.5
38 3565 4.5
38 3578 3.5
38 3717 3.5
38 3753 3.5
38 3798 4.5
38 3844 4.5
38 3897 1.5
38 3948 3.5
38 3980 4
38 3994 3.5
38 3996 4.5
38 3998 4
38 3999 4
38 4018 3.5
38 4022 4
38 4023 4.5
38 4025 4
38 4054 5
38 4069 3
38 4148 5
38 4161 3.5
38 4223 3.5
38 4238 4.5
38 4246 4
38 4310 4
38 4344 3.5
38 4448 4
38 4720 5
38 4776 2.5
38 4865 4.5
38 4880 3.5
38 4896 4.5
38 4963 4
38 4973 5
38 4975 2.5
38 4993 3.5
38 4995 2
38 5108 5
38 5127 4
38 5151 4.5
38 5296 3.5
38 5299 3
38 5349 4
38 5364 5
38 5377 3.5
38 5418 4.5
38 5620 4.5
38 5679 4
38 5816 4.5
38 5881 4
38 5952 3
38 5957 4.5
38 5989 4
38 6155 5
38 6187 5
38 6222 3.5
38 6266 3
38 6280 4.5
38 6367 2.5
38 6373 4.5
38 6377 4
38 6378 4
38 6502 4
38 6612 0.5
38 6765 3.5
38 6874 3.5
38 6886 4
38 6887 3.5
38 6893 4.5
38 7048 3.5
38 7147 4.5
38 7153 4
38 7154 4.5
38 7173 4.5
38 7254 4
38 7285 4
38 7293 4.5
38 7346 2
38 7361 4.5
38 7366 5
38 7438 3.5
38 7445 5
38 8361 3.5
38 8368 4.5
38 8376 4.5
38 8533 5
38 8665 4.5
38 8784 4.5
38 8836 4.5
38 8916 5
38 8949 2.5
38 8965 5
38 27808 5
38 30707 2
38 30749 3.5
38 30793 3.5
38 30810 1
38 31685 5
38 31696 3.5
38 32294 3.5
38 33085 3
38 33145 4.5
38 33166 4
38 33615 3.5
38 33646 1
38 33679 4.5
38 34162 3.5
38 37720 3
38 39183 3
38 39231 4
38 40614 4
38 40815 4.5
38 41571 4.5
38 41573 1
38 43923 3.5
38 44191 3.5
38 44195 3.5
38 45447 5
38 45668 3
38 45672 4.5
38 46578 3.5
38 47099 5
38 47950 3
38 47970 5
38 48385 0.5
38 48394 5
38 49272 2
38 54286 5
38 56367 5
40 34 5
40 36 4
40 50 5
40 150 3
40 174 3
40 176 3
40 223 3
40 235 5
40 246 4
40 290 3
40 714 5
40 866 5
40 1060 4
40 1089 5
40 1147 5
40 1193 5
40 1196 5
40 1213 5
40 1248 5
40 1266 3
40 1392 2
40 1449 2
40 1517 4
40 1617 4
40 1673 5
40 2289 3
40 2306 3
40 2336 3
40 2355 4
40 2396 3
40 2447 4
40 2491 3
40 2502 5
40 2539 4
40 2558 3
40 2571 4
40 2605 4
40 2617 4
40 2683 5
40 2700 2
40 2707 3
40 2712 3
40 2761 2
40 2858 5
40 2997 4
40 3081 5
40 3173 5
41 39 4
41 45 2
41 69 3
41 105 3
41 140 3
41 141 3
41 163 2
41 195 3
41 223 3
41 236 3
41 594 4
41 595 3
41 597 5
41 605 1
41 608 3
41 708 2
41 736 3
41 804 2
41 852 2
41 898 4
41 899 5
41 900 4
41 902 4
41 910 5
41 912 5
41 914 4
41 915 4
41 919 5
41 920 5
41 932 5
41 1022 5
41 1028 4
41 1029 3
41 1035 5
41 1059 3
41 1060 3
41 1073 3
41 1079 3
41 1088 4
41 1093 3
41 1094 2
41 1100 2
41 1101 4
41 1183 3
41 1197 4
41 1220 4
41 1247 4
41 1259 4
41 1265 2
41 1270 4
41 1282 4
41 1285 2
41 1307 5
41 1339 4
41 1353 1
41 1380 5
41 1393 4
41 1416 2
41 1457 3
41 1479 2
41 1487 3
41 1500 3
41 1569 3
41 1580 3
41 1593 3
41 1597 2
41 1639 3
41 1641 3
41 1680 3
41 1721 4
41 1735 2
41 1747 2
41 1772 4
41 1777 3
41 1784 3
41 1894 2
41 1895 3
41 1947 5
41 1968 4
41 2006 3
41 2020 5
41 2078 4
41 2081 4
41 2083 4
41 2087 4
41 2088 3
41 2100 4
41 2108 2
41 2125 3
41 2144 5
41 2145 5
41 2146 4
41 2174 3
41 2245 3
41 2248 5
41 2316 3
41 2369 4
41 2395 2
41 2396 4
41 2405 3
41 2406 4
41 2424 2
41 2468 2
41 2558 3
41 2572 3
41 2599 3
41 2633 3
41 2657 4
41 2706 4
41 2716 3
41 2746 3
41 2795 4
41 2797 4
41 2858 4
41 2889 3
41 2918 4
41 2942 3
41 2950 2
41 2997 3
41 3039 4
41 3072 4
41 3142 3
41 3174 3
41 3210 3
41 3255 4
41 3257 3
41 3259 1
41 3361 4
41 3363 3
41 3394 3
41 3396 5
41 3397 4
41 3421 5
41 3436 3
41 3526 4
41 3604 4
41 3608 3
41 3671 4
41 3705 3
41 3712 3
42 46 4
42 110 4
42 151 4
42 165 3
42 261 3
42 357 4
42 364 3
42 372 3
42 509 5
42 539 4
42 1028 3
42 1035 5
42 1036 3
42 1079 5
42 1080 5
42 1081 4
42 1086 4
42 1088 3
42 1097 3
42 1100 3
42 1101 3
42 1124 4
42 1125 4
42 1131 5
42 1132 5
42 1135 4
42 1136 4
43 1 4
43 3 5
43 4 1
43 5 5
43 7 5
43 11 5
43 17 5
43 34 3
43 39 5
43 104 5
43 356 3
43 367 5
43 378 4
43 440 5
43 500 5
43 539 5
43 543 3
43 552 5
43 587 5
43 588 4
43 597 5
43 671 4
43 673 3
43 688 3
43 708 5
43 765 5
43 830 5
43 852 4
43 1020 4
43 1021 5
43 1093 1
43 1265 4
43 1359 5
43 1377 5
43 1379 5
43 1390 5
43 1405 1
43 1409 4
43 1453 5
43 1474 4
43 1485 5
43 1517 2
43 1526 4
43 1566 4
43 1569 5
43 1580 5
43 1593 3
43 1604 5
43 1629 5
43 1646 1
43 1665 3
43 1672 5
43 1680 5
43 1701 1
43 1703 3
43 1704 5
43 1711 1
43 1713 4
43 1721 5
43 1746 2
43 1777 5
43 1784 5
43 1888 4
43 2002 3
43 2004 1
43 2012 4
43 2082 4
43 2124 5
43 2273 5
43 2302 5
43 2314 4
44 16 4
44 17 5
44 25 5
44 34 5
44 50 5
44 125 5
44 150 3
44 162 5
44 265 5
44 290 5
44 509 5
44 527 5
44 529 5
44 549 5
44 562 5
44 602 5
44 608 5
44 778 4
44 803 5
44 838 5
44 866 4
44 916 5
44 955 5
44 994 5
44 1034 5
44 1041 5
44 1060 4
44 1061 4
44 1079 5
44 1094 5
44 1095 5
44 1097 4
44 1120 4
44 1136 5
44 1147 5
44 1179 5
44 1183 5
44 1188 5
44 1230 5
44 1235 5
44 1244 5
44 1265 5
44 1276 4
44 1278 5
44 1285 5
44 1288 5
44 1307 5
44 1354 5
44 1358 5
44 1392 5
44 1393 4
44 1394 5
44 1466 5
44 1500 5
44 1594 5
44 1673 5
44 1682 5
44 1810 4
44 1834 5
44 1912 5
44 1966 5
44 2064 5
44 2111 5
44 2171 5
44 2289 5
44 2321 5
44 2324 4
44 2331 4
44 2355 3
44 2395 5
44 2396 5
44 2570 4
44 2599 5
44 2657 4
44 2677 4
44 2706 4
44 2710 3
44 2763 3
44 2858 5
44 3006 5
44 3039 5
44 3072 5
44 3082 2
44 3125 5
44 3160 4
44 3176 2
44 3246 5
44 3254 3
44 3259 2
45 50 5
45 70 2
45 110 5
45 235 3
45 260 3
45 266 4
45 293 3
45 356 5
45 457 4
45 524 4
45 1035 4
45 1036 4
45 1089 4
45 1196 3
45 1198 3
45 1200 5
45 1221 5
45 1233 5
45 1240 5
45 1259 4
45 1269 3
45 1304 5
45 1327 4
45 1358 3
45 1544 4
45 1580 4
45 1610 4
45 1617 4
45 1673 4
45 1682 3
45 1748 2
45 1965 4
45 1971 2
45 1973 3
45 1986 3
45 2028 5
45 2160 4
45 2291 2
45 2401 5
45 2530 3
45 2532 3
45 2533 3
45 2571 3
45 2657 4
45 2762 4
45 2791 4
45 2792 2
45 2858 4
45 3147 5
45 3173 4
45 3408 4
45 3450 3
45 3513 5
45 3871 2
45 3917 2
45 3918 2
45 3923 3
45 3926 3
45 3929 4
45 3932 5
45 3936 3
45 3959 3
45 3985 4
46 163 1
46 165 3.5
46 172 3
46 370 1
46 589 4
46 832 2.5
46 908 3
46 1073 4.5
46 1097 4
46 1196 5
46 2791 4
46 3261 3.5
46 3751 2.5
46 3897 5
46 4027 3.5
46 5956 4.5
46 7153 4.5
46 7361 4.5
46 8917 5
47 1 3
47 2 3.5
47 10 5
47 19 4
47 32 4.5
47 34 1.5
47 50 5
47 110 5
47 111 3
47 150 5
47 364 4.5
47 367 4
47 377 4
47 410 3.5
47 500 4
47 541 5
47 551 4
47 586 4
47 589 5
47 590 5
47 592 4
47 593 5
47 595 4.5
47 597 4.5
47 733 5
47 736 4
47 741 5
47 778 4
47 780 4
47 858 5
47 919 4
47 1036 5
47 1079 3.5
47 1080 4.5
47 1101 4
47 1136 5
47 1196 5
47 1198 5
47 1200 5
47 1210 5
47 1214 5
47 1220 5
47 1221 5
47 1240 5
47 1270 4.5
47 1274 4.5
47 1291 5
47 1517 2
47 1527 5
47 1580 4.5
47 1584 4.5
47 1610 5
47 1682 5
47 1721 5
47 1917 4.5
47 2012 4.5
47 2028 5
47 2174 4
47 2329 4
47 2355 3
47 2396 4.5
47 2571 5
47 2628 4
47 2683 2.5
47 2706 4.5
47 2710 5
47 2716 4
47 2762 5
47 2810 5
47 2858 4.5
47 2959 5
47 2987 2.5
47 2997 3
47 3000 5
47 3114 2.5
47 3160 5
47 3578 4.5
47 3793 4.5
47 3910 5
47 3949 5
47 3996 5
47 4011 5
47 4226 5
47 4306 4.5
47 4720 4.5
47 4973 3.5
47 4993 5
47 4995 5
47 5445 4.5
47 5608 4
47 5617 5
47 5952 5
47 5954 5
47 5989 4
47 6333 4
47 6539 4
47 6711 3.5
47 6874 5
47 7090 4
47 7153 5
47 7323 2.5
47 7371 5
47 7438 5
47 7842 3
47 8327 5
47 8360 4
47 8368 5
47 8370 5
47 8636 4
47 32587 4
47 33166 5
47 33794 4.5
47 34405 5
47 40629 4.5
47 40815 5
47 44665 3.5
48 267 5
48 519 3.5
48 1972 3.5
48 2447 5
48 2696 3.5
48 2808 4
48 3755 4
48 3955 2.5
48 4369 5
48 4728 3.5
48 59103 4
50 10 3
50 34 3
50 39 4
50 110 5
50 150 5
50 151 5
50 153 3
50 160 1
50 165 2
50 185 3
50 339 3
50 344 1
50 356 5
50 357 5
50 364 3
50 377 4
50 380 2
50 410 3
50 420 1
50 440 3
50 454 3
50 457 4
50 480 4
50 500 3
50 509 5
50 527 5
50 539 4
50 586 3
50 587 3
50 588 3
50 589 3
50 590 5
50 592 3
50 593 4
50 595 3
50 597 4
51 7 2
51 11 3
51 17 5
51 34 1
51 52 4
51 58 5
51 111 5
51 194 5
51 260 3
51 296 5
51 509 1
51 515 4
51 527 4
51 534 5
51 539 1
51 593 5
51 608 5
51 615 5
51 728 5
51 750 5
51 753 5
51 838 5
51 858 5
51 898 5
51 899 5
51 900 5
51 901 4
51 902 4
51 903 5
51 904 5
51 905 5
51 906 5
51 908 5
51 909 5
51 910 5
51 911 5
51 912 5
51 913 5
51 914 5
51 915 5
51 916 4
51 918 5
51 919 5
51 920 5
51 922 5
51 923 5
51 924 4
51 926 4
51 928 5
51 929 4
51 930 5
51 931 4
51 932 3
51 933 5
51 937 4
51 938 3
51 941 4
51 942 5
51 945 5
51 946 4
51 947 5
51 949 5
51 950 5
51 951 5
51 953 5
51 954 5
51 955 5
51 965 5
51 969 5
51 994 5
51 1013 5
51 1028 5
51 1035 5
51 1041 5
51 1057 5
51 1066 5
51 1077 5
51 1079 5
51 1081 5
51 1086 5
51 1088 5
51 1090 4
51 1092 5
51 1094 4
51 1096 5
51 1097 4
51 1101 4
51 1104 5
51 1124 4
51 1125 5
51 1150 5
51 1152 5
51 1172 5
51 1177 5
51 1178 5
51 1183 5
51 1185 5
51 1193 5
51 1204 4
51 1208 4
51 1211 5
51 1212 3
51 1214 1
51 1224 5
51 1225 5
51 1230 5
51 1234 5
51 1238 4
51 1244 5
51 1246 4
51 1247 4
51 1248 3
51 1252 3
51 1254 4
51 1256 5
51 1258 5
51 1264 5
51 1265 5
51 1266 5
51 1269 5
51 1270 4
51 1272 5
51 1273 5
51 1276 5
51 1277 5
51 1278 5
51 1279 5
51 1282 5
51 1283 5
51 1284 5
51 1295 5
51 1296 5
51 1300 5
51 1304 5
51 1307 5
51 1337 4
51 1344 5
51 1380 5
51 1395 4
51 1571 4
51 1617 5
51 1674 4
51 1683 5
51 1684 5
51 1719 5
51 1721 0.5
51 1732 4
51 1748 4
51 1784 4.5
51 1834 5
51 1836 4
51 1913 4
51 1923 5
51 1929 5
51 1936 4
51 1938 5
51 1939 5
51 1942 4
51 1944 5
51 1945 5
51 1946 5
51 1947 5
51 1948 4
51 1957 4
51 1959 4.5
51 1961 5
51 1963 5
51 2013 4
51 2018 5
51 2020 3
51 2028 3
51 2057 4
51 2065 4
51 2066 5
51 2067 4
51 2069 5
51 2076 5
51 2099 5
51 2100 4
51 2130 5
51 2135 4
51 2150 5
51 2176 5
51 2178 4
51 2182 4
51 2183 5
51 2184 5
51 2185 5
51 2186 5
51 2187 4
51 2202 4
51 2203 5
51 2204 4
51 2205 5
51 2206 5
51 2208 5
51 2212 5
51 2243 4
51 2289 4
51 2302 3
51 2324 5
51 2333 5
51 2352 4
51 2359 4
51 2369 5
51 2396 2
51 2436 3
51 2467 4
51 2470 3
51 2593 5
51 2612 5
51 2640 4
51 2671 5
51 2686 4
51 2690 4
51 2708 5
51 2710 3.5
51 2712 5
51 2716 4
51 2729 5
51 2746 3
51 2747 4
51 2762 3
51 2788 3
51 2791 4
51 2795 4
51 2858 1
51 2917 5
51 2927 5
51 2939 4
51 2940 5
51 2941 4
51 2943 4
51 2947 4
51 2973 4
51 2997 5
51 3011 5
51 3022 5
51 3037 4
51 3044 5
51 3061 5
51 3062 4
51 3067 5
51 3072 5
51 3088 5
51 3095 4
51 3097 5
51 3101 4
51 3102 4
51 3125 5
51 3148 1
51 3152 5
51 3160 1
51 3176 5
51 3201 5
51 3219 3.5
51 3260 5
51 3262 4
51 3307 5
51 3334 5
51 3341 5
51 3363 5
51 3379 5
51 3405 5
51 3418 5
51 3421 4
51 3435 5
51 3475 5
51 3504 5
51 3536 3
51 3543 5
51 3546 5
51 3578 3
51 3580 4
51 3606 5
51 3629 5
51 3654 4
51 3671 4
51 3683 5
51 3685 5
51 3730 4
51 3801 5
51 3808 5
51 3813 4
51 3819 3
51 3831 5
51 3849 5
51 3929 5
51 3996 4
51 4014 5
51 4034 5
51 4036 3
51 4037 5
51 4062 4
51 4077 5
51 4136 4
51 4186 5
51 4191 3
51 4223 4
51 4226 5
51 4246 5
51 4263 5
51 4280 5
51 4361 4.5
51 4381 5
51 4464 5
51 4546 4
51 4733 5
51 4754 5
51 4784 4
51 4808 4
51 4840 5
51 4848 5
51 4874 4
51 4881 5
51 4914 5
51 4920 5
51 4926 5
51 4932 4
51 4963 4
51 4969 5
51 4970 5
51 4973 5
51 4975 3
51 4979 5
51 4995 4
51 5013 5
51 5060 5
51 5120 5
51 5135 5
51 5299 4.5
51 5367 5
51 5434 5
51 6711 5
51 6787 4
51 6993 4.5
51 7215 5
51 8132 2.5
51 8208 4
51 8464 4
51 8781 5
51 8949 5
51 8966 4
51 25777 4.5
51 25856 4.5
51 25927 4.5
51 25996 4.5
51 26116 4
51 26491 3.5
51 31617 4
51 32598 3.5
51 33237 5
51 34437 3.5
51 34528 5
51 36517 4.5
51 39292 5
51 39419 2.5
51 40583 4.5
51 41285 4.5
51 44694 3
51 45447 4
51 45720 4
51 45730 3
51 45950 4.5
51 46578 5
51 47610 4
51 48394 4
51 49932 5
51 50064 4
51 53322 3
52 36 5
52 50 3
52 288 1
52 596 4
52 800 4
52 904 5
52 913 5
52 926 5
52 950 4
52 1093 2
52 1393 5
52 1617 5
52 1641 3
52 1961 4
52 2028 4
52 2078 5
52 2243 5
52 2268 4
52 2396 5
52 2433 4
52 2492 3
52 2572 3
52 2683 1
52 2797 4
52 2918 3
52 2947 5
52 2993 4
52 3060 4
52 3135 3
52 3167 3
52 3169 3
53 50 5
53 185 2
53 371 3
53 527 4
53 575 1
53 662 3
53 678 4
53 780 4
53 968 3
53 986 4
53 2269 3
53 2355 4
53 2369 2
53 2372 1
53 2395 4
53 2396 5
53 2433 3
53 2473 1
53 2490 5
53 2502 5
53 2518 2
53 2541 2
53 2581 3
53 2599 5
53 2605 2
53 2616 3
53 2683 4
53 2688 2
53 2694 5
53 2701 1
53 2706 4
53 2710 3
53 2712 4
53 2713 1
53 2716 4
53 2723 3
53 2734 2
53 2762 5
53 2763 3
53 2794 2
53 2805 4
53 2827 2
53 2841 4
53 2858 4
53 2881 3
53 2906 5
53 2916 4
53 2961 3
53 2987 4
53 3081 2
53 3101 4
53 3114 5
53 3157 3
53 3176 4
53 3185 5
53 3219 3
53 3238 1
53 3354 2
53 3361 4
53 3408 3
53 3510 3
53 3512 2
53 3534 4
53 3543 4
53 3578 5
53 3623 3
53 3646 2
53 3753 4
53 3798 4
53 3826 3
53 3977 2
53 3999 2
53 4022 3
53 4465 3
53 4639 3
53 4677 2
53 4699 3
53 4714 2
53 4756 2
53 4776 4
53 4823 4
53 5226 3
53 5237 4
53 5258 3
53 5276 1
53 5292 4
53 5302 3
53 5303 2
53 5308 3
53 5309 2
53 5346 4
53 5361 3
54 10 4
54 11 1
54 34 4
54 47 3
54 50 4
54 62 3
54 105 3
54 110 5
54 150 5
54 161 4
54 318 4
54 329 3
54 339 3
54 344 1
54 349 3
54 356 5
54 364 3
54 367 3
54 377 3
54 380 5
54 410 3
54 434 3
54 440 2
54 454 4
54 457 4
54 474 3
54 480 4
54 500 3
54 539 3
54 553 3
54 586 4
54 587 3
54 588 3
54 589 4
54 590 4
54 592 3
54 593 4
54 597 3
54 1036 3
55 162 5
55 203 2
55 236 3
55 613 4
55 1089 5
55 1172 4
55 1193 5
55 1221 5
55 1278 5
55 1884 5
55 4388 2
55 4745 2
55 5015 3
55 5299 2
55 5377 3
55 5464 4
55 5528 4
55 5577 3
55 5679 4
55 5810 2
55 6242 4
55 6319 3
56 1 4.5
56 2 2.5
56 3 2.5
56 10 3.5
56 16 5
56 34 4
56 50 4.5
56 52 4
56 110 3.5
56 111 5
56 480 3.5
56 492 5
56 502 0.5
56 527 5
56 541 5
56 586 1.5
56 588 5
56 589 4
56 592 4
56 593 5
56 594 5
56 595 5
56 648 3.5
56 653 2
56 680 5
56 750 5
56 780 0.5
56 788 1.5
56 858 5
56 898 5
56 902 5
56 903 5
56 904 5
56 905 5
56 908 5
56 909 5
56 910 5
56 912 5
56 913 5
56 914 5
56 915 5
56 919 5
56 920 5
56 922 5
56 923 5
56 924 5
56 926 5
56 928 5
56 929 4.5
56 930 5
56 931 5
56 933 5
56 937 4.5
56 940 5
56 946 5
56 947 5
56 950 4.5
56 951 5
56 955 5
56 965 5
56 969 5
56 1036 2.5
56 1057 4
56 1077 4.5
56 1078 4.5
56 1079 4.5
56 1080 5
56 1083 4
56 1084 4.5
56 1086 5
56 1089 5
56 1097 4.5
56 1125 3.5
56 1136 4.5
56 1178 5
56 1193 5
56 1196 5
56 1198 5
56 1201 5
56 1203 5
56 1204 5
56 1206 5
56 1207 5
56 1208 5
56 1209 5
56 1210 4.5
56 1212 5
56 1213 5
56 1214 5
56 1217 5
56 1219 5
56 1221 5
56 1222 5
56 1226 5
56 1227 5
56 1228 5
56 1230 5
56 1232 5
56 1234 5
56 1244 5
56 1247 5
56 1248 5
56 1250 5
56 1252 5
56 1253 5
56 1254 5
56 1256 5
56 1258 5
56 1260 5
56 1262 5
56 1263 5
56 1266 5
56 1269 5
56 1270 4
56 1274 5
56 1281 5
56 1283 5
56 1284 5
56 1291 4.5
56 1293 4
56 1298 3
56 1333 5
56 1343 4
56 1348 5
56 1387 5
56 1391 4
56 1517 2.5
56 1544 2.5
56 1580 3
56 1617 5
56 1701 5
56 1721 3.5
56 1722 3
56 1732 4
56 1784 5
56 1917 0.5
56 1923 2
56 1934 5
56 1935 5
56 1938 5
56 1941 4.5
56 1944 4.5
56 1945 5
56 1963 4
56 1970 0.5
56 1971 1
56 1972 1
56 2010 5
56 2011 2.5
56 2012 2.5
56 2019 5
56 2022 4
56 2028 5
56 2054 2
56 2065 5
56 2067 5
56 2087 4.5
56 2115 4.5
56 2174 4
56 2176 5
56 2177 4
56 2178 5
56 2179 3.5
56 2181 5
56 2182 5
56 2183 5
56 2184 4.5
56 2185 5
56 2186 5
56 2194 4
56 2202 5
56 2203 4.5
56 2204 4.5
56 2205 3.5
56 2206 4.5
56 2207 4
56 2208 5
56 2209 4.5
56 2210 4.5
56 2211 4.5
56 2212 4.5
56 2219 5
56 2221 4
56 2227 5
56 2229 3.5
56 2290 5
56 2351 5
56 2356 3.5
56 2366 5
56 2376 3.5
56 2382 1
56 2396 2.5
56 2420 1
56 2422 1
56 2474 4
56 2571 3
56 2628 0.5
56 2640 3.5
56 2657 4
56 2660 5
56 2683 2
56 2692 4.5
56 2700 4
56 2706 0.5
56 2712 4.5
56 2726 5
56 2728 5
56 2729 5
56 2731 5
56 2750 5
56 2791 4
56 2858 5
56 2927 5
56 2935 5
56 2947 5
56 2948 5
56 2949 4
56 2951 4.5
56 2966 5
56 2973 5
56 2987 4
56 2989 4
56 2990 4
56 2991 3
56 2993 3.5
56 3000 4.5
56 3022 5
56 3030 5
56 3082 3
56 3089 5
56 3095 5
56 3114 4
56 3129 4.5
56 3134 5
56 3140 4.5
56 3147 3.5
56 3232 5
56 3306 5
56 3307 5
56 3310 5
56 3311 4.5
56 3365 5
56 3435 5
56 3462 5
56 3468 5
56 3471 5
56 3487 4.5
56 3503 5
56 3507 5
56 3559 5
56 3578 4
56 3618 4
56 3629 5
56 3632 4.5
56 3633 3.5
56 3635 4
56 3638 1
56 3639 3.5
56 3640 4
56 3641 5
56 3676 5
56 3681 5
56 3730 5
56 3742 5
56 3801 5
56 3812 4.5
56 3813 4
56 3814 5
56 3868 4.5
56 3869 3
56 3984 4
56 4005 4
56 4186 5
56 4226 5
56 4306 5
56 4323 4.5
56 4329 5
56 4356 5
56 4359 5
56 4392 4
56 4393 4.5
56 4401 4
56 4404 5
56 4406 5
56 4408 4.5
56 4409 4.5
56 4628 4.5
56 4733 4
56 4768 5
56 4802 4.5
56 4914 5
56 4973 5
56 4993 4.5
56 5008 5
56 5017 5
56 5177 5
56 5291 5
56 5304 5
56 5339 4.5
56 5348 3.5
56 5378 0.5
56 5397 5
56 5440 5
56 5796 0.5
56 5826 5
56 5872 2.5
56 5937 4
56 5952 4.5
56 5956 4
56 6001 4.5
56 6100 4.5
56 6143 3
56 6254 5
56 6273 5
56 6365 2.5
56 6401 5
56 6409 4.5
56 6426 5
56 6429 5
56 6522 5
56 6573 4.5
56 6579 5
56 6581 5
56 6584 4
56 6611 5
56 6643 5
56 6650 5
56 6662 4.5
56 6663 3.5
56 6666 5
56 6711 4.5
56 6750 3.5
56 6783 5
56 6870 5
56 6874 4
56 6985 5
56 6993 5
56 7013 5
56 7064 5
56 7065 5
56 7070 5
56 7072 5
56 7073 5
56 7074 5
56 7091 5
56 7116 5
56 7132 5
56 7136 4.5
56 7153 5
56 7210 5
56 7212 5
56 7215 5
56 7218 5
56 7234 5
56 7243 5
56 7327 5
56 7419 4.5
56 7438 4.5
56 7569 4
56 7570 3
56 7573 4
56 7581 5
56 7700 5
56 7706 4.5
56 7933 4.5
56 7934 5
56 7943 5
56 7983 4
56 8042 4.5
56 8125 5
56 8154 5
56 8198 4.5
56 8199 5
56 8228 5
56 8235 5
56 8239 5
56 8275 4.5
56 8336 5
56 8360 4
56 8387 0.5
56 8507 5
56 8511 5
56 8542 4.5
56 8596 4
56 8601 5
56 8620 5
56 8622 0.5
56 8636 3.5
56 8670 5
56 8734 3.5
56 8980 4
56 25769 5
56 25777 4.5
56 25788 5
56 25927 4.5
56 25938 5
56 25940 5
56 26242 4.5
56 26391 4.5
56 30707 5
56 30812 4
56 32291 3.5
56 32316 5
56 33166 4
56 33312 4
56 33493 2.5
56 33794 4.5
56 37741 4.5
56 37830 4
56 39292 4
56 41285 5
56 41997 4.5
56 44694 4.5
56 44972 0.5
56 45210 4.5
56 46967 4
56 48516 5
57 1 4
57 3 4
57 5 4
57 6 4
57 7 4
57 9 5
57 12 4
57 17 3
57 18 3
57 25 4
57 88 4
57 95 4
57 102 4
57 104 5
57 107 3
57 112 5
57 135 4
57 140 4
57 141 3
57 260 5
57 376 4
57 494 5
57 609 3
57 628 4
57 631 3
57 637 3
57 640 5
57 647 4
57 648 4
57 653 4
57 661 3
57 663 3
57 667 4
57 673 5
57 692 4
57 694 5
57 704 4
57 707 4
57 711 3
57 719 4
57 724 4
57 733 5
57 736 3
57 737 4
57 743 4
57 747 3
57 748 5
57 761 4
57 765 4
57 780 4
57 783 5
57 784 3
57 785 3
57 786 5
57 788 5
57 798 4
57 799 5
57 802 5
57 805 5
57 809 5
57 810 3
57 818 3
57 830 4
57 832 5
57 836 5
57 838 4
57 839 5
57 849 4
57 852 3
57 858 5
57 880 4
57 886 4
57 891 4
57 990 4
57 996 4
57 1004 5
57 1042 3
57 1047 3
57 1061 5
57 1073 4
57 1102 4
57 1183 4
57 1210 5
57 1356 5
57 1367 4
57 1391 4
57 1393 5
57 1405 3
57 1422 4
57 1427 4
57 1429 4
57 1466 4
57 1495 3
57 1497 5
57 1499 5
57 1515 5
57 1518 4
57 1525 4
57 1527 4
57 1544 3
57 1552 5
57 1556 3
57 1562 4
57 1570 3
57 1573 5
57 1578 5
57 1580 5
58 1 4
58 25 4
58 34 2
58 36 4
58 39 4
58 50 5
58 58 4
58 110 3
58 111 4
58 199 4
58 500 4
58 509 2
58 527 4
58 539 4
58 541 5
58 589 4
58 590 4
58 593 5
58 595 4
58 596 4
58 597 3
58 661 4
58 750 4
58 769 4
58 778 3
58 831 4
58 892 4
58 899 4
58 902 4
58 903 5
58 904 4
58 908 5
58 910 5
58 912 5
58 914 5
58 919 5
58 920 5
58 922 5
58 923 5
58 924 5
58 926 5
58 927 5
58 928 5
58 942 4
58 955 5
58 965 5
58 969 5
58 971 4
58 1019 4
58 1041 4
58 1054 5
58 1096 4
58 1097 4
58 1103 5
58 1104 5
58 1172 5
58 1197 5
58 1198 5
58 1204 5
58 1206 5
58 1208 4
58 1210 4
58 1220 4
58 1225 5
58 1230 4
58 1231 4
58 1233 5
58 1234 5
58 1235 5
58 1240 4
58 1242 4
58 1247 4
58 1251 5
58 1252 5
58 1259 4
58 1260 5
58 1267 4
58 1271 4
58 1272 4
58 1278 5
58 1281 5
58 1282 5
58 1291 4
58 1293 4
58 1300 4
58 1304 4
58 1323 2
58 1340 4
58 1345 4
58 1358 3
58 1394 4
58 1617 4
58 1641 5
58 1660 4
58 1673 4
58 1678 3
58 1682 4
58 1704 4
58 1734 4
58 1834 4
58 1885 4
58 1907 4
58 1921 4
58 1947 4
58 1952 5
58 1956 4
58 1958 4
58 1960 5
58 1961 4
58 1962 4
58 2025 3
58 2028 3
58 2069 3
58 2076 3
58 2078 4
58 2080 4
58 2081 5
58 2085 4
58 2087 4
58 2107 3
58 2111 4
58 2124 4
58 2132 5
58 2133 4
58 2160 5
58 2167 4
58 2174 4
58 2183 4
58 2208 5
58 2243 4
58 2294 4
58 2297 3
58 2303 5
58 2312 4
58 2313 5
58 2324 5
58 2349 4
58 2351 5
58 2355 4
58 2390 4
58 2391 4
58 2396 5
58 2520 3
58 2541 2
58 2550 5
58 2571 4
58 2622 4
58 2644 4
58 2662 4
58 2671 4
58 2686 5
58 2687 4
58 2690 4
58 2692 5
58 2710 4
58 2712 5
58 2719 4
58 2721 4
58 2725 4
58 2729 5
58 2732 4
58 2739 5
58 2761 4
58 2762 4
58 2797 5
58 2804 4
58 2857 4
58 2858 1
58 2862 3
58 2863 4
58 2870 4
58 2877 3
58 2915 5
58 2916 4
58 2919 4
58 2920 5
58 2923 4
58 2926 5
58 2947 4
58 2950 2
58 2971 4
58 2985 5
58 2987 4
58 2988 5
58 3011 5
58 3028 5
58 3039 4
58 3072 4
58 3075 4
58 3081 4
58 3114 4
58 3141 4
58 3147 5
58 3152 4
58 3168 4
58 3246 5
58 3248 4
59 10 4
59 150 4
59 153 3
59 161 5
59 165 3
59 185 3
59 231 3
59 292 3
59 296 3
59 316 3
60 3 3
60 7 1
60 17 5
60 25 4
60 36 4
60 39 4
60 45 3
60 47 3
60 50 4
60 61 2
60 318 5
60 337 3
60 342 3
60 348 3
60 357 3
60 410 2
60 446 3
60 494 2
60 509 5
60 515 3
60 527 5
60 532 2
60 535 3
60 541 3
60 562 4
60 581 3
60 585 3
60 593 5
60 608 4
60 612 3
60 728 4
60 788 3
60 802 1
60 858 5
60 898 4
60 899 5
60 900 3
60 902 4
60 906 4
60 910 4
60 914 4
60 920 5
60 922 4
60 923 5
60 926 4
60 947 4
60 953 3
60 969 4
60 971 4
60 994 4
60 1012 5
60 1013 3
60 1022 4
60 1028 5
60 1035 5
60 1042 3
60 1073 5
60 1077 4
60 1084 4
60 1086 4
60 1094 4
60 1104 3
60 1136 3
60 1179 4
60 1185 4
60 1186 4
60 1193 5
60 1198 4
60 1199 3
60 1208 4
60 1213 5
60 1214 4
60 1219 5
60 1221 5
60 1225 4
60 1228 5
60 1230 5
60 1233 4
60 1234 5
60 1235 3
60 1244 3
60 1247 5
60 1252 4
60 1263 4
60 1265 4
60 1267 4
60 1270 4
60 1273 3
60 1278 3
60 1282 3
60 1283 4
60 1288 5
60 1289 3
60 1292 4
60 1296 5
60 1299 4
60 1304 4
60 1307 4
60 1321 4
60 1333 3
60 1345 4
60 1358 4
60 1387 4
60 1394 4
60 1405 3
60 1423 3
60 1449 4
60 1476 3
60 5060 3
61 62 4
61 105 4
61 296 1
61 318 5
61 356 5
61 527 3
61 593 5
61 608 4
61 912 4
61 1193 5
61 2067 4
61 2694 3
61 2858 3
61 2996 4
61 3105 4
61 3147 5
61 3897 4
62 10 3
62 110 5
62 150 4
62 153 4
62 161 5
62 165 3
62 185 5
62 208 3
62 231 3
62 253 3
62 410 3
62 434 4
62 457 5
62 588 3
62 590 3
62 592 3
62 593 5
62 595 4
63 164 2
63 358 3
63 527 5
63 639 4
63 707 2
63 858 4
63 904 4
63 912 5
63 994 4
63 1179 4
63 2100 3
63 2188 3
63 2396 4
63 2443 3
63 2574 2
63 2581 2
63 2598 4
63 2677 4
63 2683 4
63 2699 1
63 2702 4
63 2716 2
63 2770 3
63 2858 4
63 2987 3
63 3101 2
64 1 4
64 3 3
64 6 3
64 14 3
64 17 3
64 25 5
64 32 3
64 36 5
64 52 4
64 58 3
64 640 3
64 647 5
64 648 3
64 653 4
64 671 2
64 694 3
64 707 3
64 708 3
64 719 3
64 725 3
64 728 3
64 733 3
64 736 3
64 765 3
64 778 3
64 780 4
64 802 4
64 805 3
64 828 3
64 832 3
64 849 1
64 852 3
64 1073 4
64 1393 3
65 1 3
65 2 3
65 4 3
65 11 3
65 17 4
65 19 2
65 28 4
65 32 4
65 34 3
65 35 3
65 107 3
65 110 3
65 129 3
65 135 4
65 141 3
65 144 2
65 150 3
65 151 4
65 153 3
65 158 4
65 168 2
65 169 2
65 186 3
65 195 3
65 207 3
65 224 3
65 225 2
65 232 2
65 236 3
65 239 2
65 252 3
65 254 2
65 260 4
65 265 3
65 275 4
65 282 3
65 289 4
65 297 3
65 300 3
65 316 4
65 317 4
65 318 3
65 329 3
65 337 3
65 339 3
65 348 2
65 354 2
65 355 3
65 356 3
65 357 4
65 358 2
65 364 4
65 367 4
65 368 4
65 381 2
65 410 3
65 412 3
65 418 2
65 435 4
65 440 3
65 444 2
65 455 2
65 466 3
65 468 3
65 471 3
65 480 2
65 497 3
65 500 4
65 506 5
65 508 3
65 515 3
65 518 4
65 520 2
65 528 2
65 533 4
65 534 4
65 536 3
65 539 3
65 551 3
65 558 3
65 566 2
65 572 3
65 575 3
65 585 3
65 588 4
65 590 4
65 592 3
65 594 2
65 595 3
65 596 2
65 605 3
65 607 3
65 610 3
65 613 4
65 615 2
65 637 3
65 650 4
65 661 3
65 673 3
65 674 2
65 700 2
65 708 4
65 715 3
65 735 4
65 736 3
65 741 2
65 745 4
65 750 3
65 753 3
65 765 3
65 780 3
65 783 4
65 788 3
65 802 4
65 830 3
65 837 3
65 838 3
65 848 3
65 852 2
65 877 4
65 885 3
65 888 2
65 902 2
65 905 3
65 910 3
65 912 3
65 914 3
65 919 4
65 924 5
65 932 3
65 952 3
65 953 4
65 969 3
65 993 3
65 1015 2
65 1019 4
65 1025 3
65 1027 4
65 1028 4
65 1029 3
65 1032 2
65 1034 2
65 1042 3
65 1043 2
65 1057 3
65 1073 3
65 1077 3
65 1078 3
65 1079 3
65 1080 4
65 1081 4
65 1083 3
65 1097 3
65 1113 2
65 1117 3
65 1125 3
65 1127 3
65 1135 3
65 1136 4
65 1148 4
65 1151 3
65 1162 3
65 1163 3
65 1178 2
65 1183 4
65 1186 3
65 1187 3
65 1196 3
65 1197 3
65 1198 4
65 1204 5
65 1206 3
65 1210 3
65 1220 2
65 1225 4
65 1230 3
65 1234 4
65 1235 5
65 1238 3
65 1242 4
65 1244 3
65 1246 3
65 1247 3
65 1256 3
65 1259 3
65 1262 4
65 1264 4
65 1265 4
65 1269 3
65 1270 3
65 1271 4
65 1278 4
65 1281 4
65 1282 5
65 1286 4
65 1289 5
65 1292 3
65 1293 4
65 1297 3
65 1302 4
65 1303 4
65 1304 3
65 1307 3
65 1334 3
65 1350 4
65 1353 2
65 1356 3
65 1371 3
65 1374 2
65 1376 3
65 1390 2
65 1392 2
65 1393 2
65 1394 3
65 1398 3
65 1408 3
65 1409 3
65 1414 2
65 1417 3
65 1460 3
65 1474 3
65 1493 4
65 1500 2
65 1517 2
65 1527 4
65 1544 2
65 1566 4
65 1569 3
65 1580 4
65 1583 3
65 1584 4
65 1588 2
65 1610 4
65 1614 2
65 1629 3
65 1639 3
65 1641 3
65 1643 4
65 1654 4
65 1663 4
65 1674 4
65 1678 3
65 1680 3
65 1688 3
65 1701 3
65 1702 3
65 1704 3
65 1707 3
65 1713 3
65 1721 4
65 1731 3
65 1734 5
65 1779 2
65 1784 3
65 1801 4
65 1812 3
65 1831 4
65 1848 3
65 1873 4
65 1882 3
65 1883 4
65 1907 5
65 1911 3
65 1914 3
65 1923 3
65 1946 3
65 1947 3
65 1948 3
65 1949 4
65 1959 4
65 1960 3
65 1961 3
65 1962 3
65 1963 3
65 1965 4
65 2005 3
65 2006 4
65 2010 3
65 2011 3
65 2012 4
65 2018 2
65 2020 4
65 2021 1
65 2035 3
65 2043 4
65 2046 3
65 2053 3
65 2054 3
65 2062 4
65 2065 3
65 2067 4
65 2072 3
65 2078 3
65 2080 3
65 2081 3
65 2083 4
65 2085 2
65 2086 3
65 2087 3
65 2088 3
65 2089 3
65 2093 3
65 2094 4
65 2100 4
65 2105 3
65 2108 4
65 2109 2
65 2110 4
65 2111 4
65 2112 2
65 2116 3
65 2131 2
65 2134 4
65 2136 3
65 2137 2
65 2138 4
65 2139 4
65 2140 2
65 2141 3
65 2143 2
65 2151 4
65 2161 2
65 2171 3
65 2173 4
65 2174 1
65 2197 3
65 2236 3
65 2243 3
65 2249 3
65 2253 2
65 2266 2
65 2284 4
65 2294 3
65 2297 4
65 2300 4
65 2301 3
65 2311 3
65 2312 4
65 2321 4
65 2340 4
65 2354 3
65 2355 3
65 2363 2
65 2369 4
65 2384 3
65 2393 3
65 2394 4
65 2396 4
65 2398 4
65 2400 3
65 2406 2
65 2407 4
65 2414 4
65 2420 2
65 2424 3
65 2429 3
65 2431 3
65 2432 3
65 2450 4
65 2454 1
65 2467 4
65 2468 3
65 2469 2
65 2470 3
65 2473 3
65 2495 3
65 2496 4
65 2497 2
65 2498 4
65 2501 3
65 2502 3
65 2527 3
65 2529 3
65 2555 2
65 2559 1
65 2570 3
65 2571 2
65 2616 3
65 2622 3
65 2628 4
65 2640 4
65 2641 3
65 2643 3
65 2671 4
65 2683 3
65 2687 5
65 2701 3
65 2706 3
65 2709 3
65 2711 3
65 2716 4
65 2723 4
65 2736 3
65 2739 3
65 2746 3
65 2752 3
65 2761 4
65 2763 4
65 2770 2
65 2779 4
65 2788 4
65 2791 4
65 2795 3
65 2797 3
65 2804 4
65 2846 2
65 2857 4
65 2858 3
65 2859 4
65 2875 4
65 2899 3
65 2915 4
65 2918 4
65 2926 3
65 2929 5
65 2946 2
65 2961 3
65 2968 5
65 2972 3
65 2973 4
65 2987 2
65 2991 3
65 2997 4
65 3022 4
65 3028 3
65 3030 3
65 3033 3
65 3034 3
65 3035 4
65 3036 4
65 3037 5
65 3039 3
65 3046 4
65 3048 4
65 3052 4
65 3060 3
65 3072 3
65 3081 3
65 3087 5
65 3088 3
65 3097 3
65 3099 3
65 3100 3
65 3103 2
65 3105 4
65 3106 3
65 3108 2
65 3111 3
65 3114 3
65 3117 4
65 3120 3
65 3134 3
65 3155 3
65 3156 4
65 3159 4
65 3167 2
65 3175 3
65 3208 3
65 3224 3
65 3246 4
65 3247 3
65 3252 2
65 3255 3
65 3260 3
65 3296 3
65 3329 3
65 3335 3
65 3347 3
65 3358 4
65 3361 3
65 3363 3
65 3393 2
65 3396 4
65 3397 3
65 3398 3
65 3399 2
65 3400 3
65 3401 3
65 3405 3
65 3415 3
65 3418 3
65 3421 4
65 3424 2
65 3441 2
65 3447 3
65 3448 3
65 3449 3
65 3450 2
65 3462 4
65 3464 2
65 3468 3
65 3470 5
65 3471 4
65 3472 1
65 3473 5
65 3479 2
65 3481 4
65 3483 4
65 3489 3
65 3512 3
65 3526 4
65 3545 4
65 3571 3
65 3591 3
65 3622 3
65 3624 4
65 3635 3
65 3671 3
65 3699 4
65 3700 5
65 3745 3
65 3751 3
65 3752 3
65 3793 3
65 3809 3
65 3812 3
65 3813 4
65 3814 4
65 3816 3
65 3826 2
65 3844 3
65 3869 3
65 3927 3
65 3959 4
65 3963 3
65 4002 3
65 4010 4
65 4014 4
65 4016 5
65 4018 3
65 4025 3
65 4066 4
65 4085 4
65 4090 3
65 4103 4
65 4121 4
65 4208 3
65 4214 4
65 4280 3
65 4281 4
65 4291 4
65 4306 5
65 4310 4
65 4317 4
65 4321 3
65 4322 3
65 4343 3
65 4359 3
65 4361 3
65 4366 5
65 4367 2
65 4392 3
65 4393 3
65 4427 3
65 4621 2
65 4664 3
65 4705 3
65 5034 3
65 5060 4
66 19 2.5
66 32 5
66 50 4.5
66 266 3.5
66 296 5
66 350 3
66 368 2.5
66 410 2.5
66 431 4
66 442 3.5
66 1584 3
66 1610 4
66 1673 3
66 1732 4
66 1961 3.5
66 2329 5
66 2542 5
66 2683 3
66 2858 4.5
66 2959 5
66 2987 3
66 2997 5
66 3949 4
66 4226 5
66 4262 4.5
66 4878 4.5
66 4979 4
66 5782 4
66 6874 4
66 7361 5
66 7438 4
67 10 4
67 21 4
67 44 4
67 45 3
67 47 5
67 50 5
67 110 5
67 111 4
67 145 3
67 153 3
67 227 3
67 231 4
67 234 3
67 248 2
67 249 5
67 252 4
67 253 5
67 257 4
67 266 4
67 267 3
67 280 3
67 281 5
67 288 3
67 292 4
67 293 4
67 296 5
67 315 1
67 316 4
67 317 3
67 318 5
67 329 4
67 333 3
67 339 3
67 344 5
67 348 5
67 349 4
67 350 3
67 353 4
67 364 4
67 367 4
67 380 5
67 427 4
67 434 4
67 435 3
67 440 3
67 442 4
67 454 3
67 457 4
67 509 3
67 515 5
67 553 3
67 555 5
67 588 4
67 590 5
67 592 3
67 593 5
67 595 3
67 608 4
67 610 4
68 125 5
68 154 5
68 235 5
68 260 1
68 296 5
68 300 4
68 337 5
68 356 3
68 425 3
68 440 4
68 905 4
68 908 4
68 911 5
68 913 4
68 919 4
68 920 5
68 922 5
68 923 2
68 928 4
68 930 4
68 942 4
68 947 4
68 950 4
68 951 4
68 953 5
68 955 3
68 969 5
68 1013 4
68 1079 3
68 1094 5
68 1099 1
68 1103 3
68 1131 5
68 1132 5
68 1179 5
68 1193 5
68 1201 3
68 1206 1
68 1207 5
68 1208 1
68 1211 2
68 1213 4
68 1214 3
68 1219 4
68 1225 5
68 1230 3
68 1235 5
68 1242 5
68 1247 5
68 1252 5
68 1254 4
68 1258 5
68 1263 3
68 1265 2
68 1267 4
68 1276 5
68 1282 1
68 1283 4
68 1285 3
68 1288 5
68 1296 2
68 1300 4
68 1307 5
68 1394 4
68 1617 5
68 1635 5
68 1641 5
68 1673 5
68 1952 4
68 1960 3
68 1966 2
68 2010 2
68 2020 3
68 2024 2
68 2064 4
68 2076 5
68 2206 4
68 2212 4
68 2243 3
68 2324 2
68 2395 5
68 2396 2
68 2571 3
68 2599 5
68 2791 5
68 2804 5
68 2858 5
68 2871 5
68 2926 4
68 2971 1
68 3019 4
68 3037 3
68 3072 5
68 3088 4
68 3095 3
68 3096 4
68 3100 4
68 3112 5
68 3168 3
68 3169 4
68 5060 4
69 17 4
69 25 2
69 32 4
69 39 3
69 50 3
69 110 3
69 296 3
69 318 4
69 348 4
69 356 3
69 1411 4
69 1484 3
69 1617 3
69 1682 4
69 1719 4
69 1721 4
69 1755 2
69 1844 4
69 1952 4
69 1976 1
69 2357 4
69 2396 4
69 2692 3
69 2762 4
69 2839 4
69 2858 4
69 2997 3
69 3114 5
69 3176 3
69 3462 5
69 3578 3
69 4361 3
70 318 3
70 454 3
70 527 4
70 541 5
70 568 2
70 745 4
70 750 5
70 858 3.5
70 898 4.5
70 904 5
70 1212 4.5
70 1221 3
70 1234 5
70 1238 4.5
70 1252 5
70 1267 4.5
70 1284 4
70 1380 0.5
70 1602 2
70 1617 3
70 1994 3
70 2019 4
70 2076 4
70 2389 4
70 2402 0.5
70 2403 0.5
70 2404 0.5
70 2720 1
70 3005 4
70 3060 4
70 3072 3
70 3101 3
70 3435 4
70 3675 1
70 3683 5
70 4034 4
70 4306 5
70 4963 3
70 4973 5
70 4978 1
70 4993 4
70 4995 2
70 5016 2
70 5293 5
70 5296 1
70 5297 1
70 5747 4
70 5995 4
70 6104 4.5
70 6502 4
70 6591 4
70 6787 4
70 6953 4
70 7153 4
70 7254 1.5
70 7318 0.5
70 7324 1.5
70 7325 3.5
70 7367 4
70 8228 4
70 8491 4
70 8783 3.5
70 8784 3.5
70 38038 4.5
70 48516 2.5
70 48738 4
70 50068 3.5
70 53123 4.5
70 53956 4
70 54190 4.5
70 55247 4.5
70 55820 5
70 56367 3.5
70 56949 1.5
70 57528 0.5
70 59315 1
70 59784 1
71 10 3
71 39 3
71 110 5
71 150 4
71 153 3
71 165 3
71 185 3
71 208 3
71 253 3
71 288 4
72 10 4
72 165 4
72 225 4
72 292 4
72 329 1
72 344 3
72 349 5
72 356 4
72 367 5
72 377 5
72 597 4
72 648 4
73 6 5
73 16 3
73 17 4
73 25 3
73 32 3
73 39 4
73 45 4
73 47 4
73 50 5
73 101 4
73 296 4
73 300 4
73 318 4
73 319 4
73 345 4
73 346 3
73 348 3
73 364 4
73 373 3
73 440 4
73 448 3
73 457 3
73 529 5
73 535 3
73 541 5
73 588 5
73 593 5
73 594 4
73 596 4
73 599 4
73 608 4
73 628 4
73 663 5
73 678 4
73 720 4
73 745 4
73 750 4
73 778 4
73 799 3
73 858 4
73 861 4
73 866 4
73 899 5
73 902 4
73 903 4
73 904 5
73 908 5
73 910 4
73 911 5
73 913 4
73 914 4
73 918 4
73 919 5
73 920 5
73 921 5
73 930 5
73 931 3
73 933 4
73 940 4
73 944 4
73 951 4
73 965 4
73 968 4
73 969 4
73 994 4
73 1028 4
73 1036 5
73 1042 3
73 1060 3
73 1090 4
73 1094 4
73 1095 3
73 1099 4
73 1120 4
73 1127 4
73 1147 5
73 1148 4
73 1171 3
73 1179 3
73 1186 3
73 1196 5
73 1198 5
73 1200 5
73 1201 4
73 1202 3
73 1204 5
73 1207 5
73 1208 4
73 1213 4
73 1215 4
73 1216 3
73 1218 5
73 1221 4
73 1224 4
73 1225 4
73 1226 4
73 1231 4
73 1233 5
73 1246 3
73 1249 5
73 1250 4
73 1256 5
73 1260 3
73 1261 4
73 1262 4
73 1268 3
73 1272 5
73 1276 4
73 1278 5
73 1293 4
73 1298 3
73 1304 5
73 1307 4
73 1340 4
73 1345 3
73 1348 4
73 1350 4
73 1356 4
73 1357 4
73 1370 4
73 1374 4
73 1385 2
73 1393 3
73 1394 5
73 1407 3
73 1419 3
73 1484 3
73 1508 3
73 1517 5
73 1527 4
73 1584 4
73 1606 1
73 1633 3
73 1639 4
73 1641 4
73 1673 5
73 1722 3
73 1729 3
73 1753 4
73 1834 4
73 1912 5
73 1921 4
73 1923 4
73 1952 3
73 1954 4
73 1960 5
73 1968 4
73 1969 3
73 1994 3
73 2000 4
73 2010 4
73 2018 4
73 2020 3
73 2022 3
73 2028 4
73 2064 4
73 2078 4
73 2081 4
73 2085 3
73 2108 5
73 2138 3
73 2139 3
73 2150 4
73 2155 2
73 2167 4
73 2171 4
73 2174 4
73 2181 3
73 2186 4
73 2194 4
73 2208 4
73 2210 3
73 2268 3
73 2282 4
73 2288 5
73 2291 4
73 2321 3
73 2329 3
73 2333 4
73 2336 4
73 2352 3
73 2354 4
73 2355 5
73 2359 3
73 2366 5
73 2384 4
73 2390 3
73 2395 5
73 2396 3
73 2398 4
73 2427 2
73 2455 4
73 2467 3
73 2529 4
73 2533 3
73 2542 4
73 2565 4
73 2571 5
73 2580 3
73 2599 4
73 2654 4
73 2664 4
73 2687 4
73 2692 3
73 2700 4
73 2706 3
73 2716 4
73 2725 4
73 2728 4
73 2729 5
73 2746 4
73 2759 3
73 2761 4
73 2762 4
73 2788 4
73 2791 5
73 2804 4
73 2819 4
73 2858 4
73 2861 3
73 2863 4
73 2871 3
73 2872 3
73 2880 4
73 2890 4
73 2917 4
73 2918 4
73 2926 4
73 2947 4
73 2949 4
73 2952 3
73 2959 5
73 2978 3
73 2987 4
73 3006 4
73 3007 2
73 3018 4
73 3019 4
73 3022 4
73 3037 3
73 3040 3
73 3104 4
73 3108 2
73 3114 5
73 3115 2
73 3147 4
73 3168 3
73 3197 3
73 3204 3
73 3210 4
73 3213 5
73 3246 4
73 3253 4
73 3255 4
73 3275 4
73 3342 3
73 3359 4
73 3360 5
73 3362 4
73 3363 3
73 3365 3
73 3386 3
73 3396 4
73 3408 3
73 3421 4
73 3422 2
73 3424 4
73 3461 3
73 3471 4
73 3491 3
73 3499 3
73 3525 3
73 3536 3
73 3545 4
73 3552 4
73 3576 4
73 3608 4
73 3624 5
73 3671 5
73 3680 3
73 3702 5
73 3703 5
73 3726 3
73 3760 4
73 3793 4
73 3819 5
73 3868 3
73 3910 1
73 3932 4
73 3959 5
73 3972 4
73 3984 4
74 186 4
74 277 4
74 315 4
74 342 4
74 370 4
74 647 4
74 858 3.5
74 1092 3.5
74 1380 4
74 1485 3
75 3 1
75 32 4.5
75 110 4
75 160 2
75 163 4
75 165 4.5
75 173 3.5
75 296 5
75 353 3.5
75 420 2
75 1370 4
75 1374 4
75 1485 4
75 1527 4.5
75 1917 2.5
75 2011 2
75 2054 1.5
75 2058 4
75 2490 4
75 2571 4.5
75 2640 3
75 2688 3
75 2700 4.5
75 2762 3.5
75 2959 4.5
75 3258 1.5
75 3793 3
75 3889 3
75 3994 3.5
75 4993 3.5
75 5107 3
75 5833 2.5
75 5952 3.5
75 6213 4
75 6225 0.5
75 6333 4
75 7000 3.5
75 7007 4.5
75 7153 3.5
75 32029 4.5
75 32587 5
75 33437 3.5
75 39052 3.5
75 45431 3.5
75 45722 4.5
76 1 4
76 3 2
76 9 4
76 10 4
76 20 3
76 21 2
76 47 4
76 71 4
76 89 3
76 110 5
76 227 4
76 231 3
76 292 5
76 293 4
76 296 2
76 315 4
76 316 3
76 318 3
76 329 4
76 339 4
76 344 2
76 349 4
76 376 4
76 377 5
76 380 5
76 383 3
76 434 5
76 442 4
76 457 5
76 474 5
76 480 5
76 494 4
76 544 4
76 552 4
76 589 5
76 590 5
76 592 3
76 593 5
76 595 4
76 733 5
76 736 5
77 1 4
77 2 3
77 7 3
77 10 3
77 19 3
77 45 4
77 47 4
77 70 3
77 71 3
77 93 3
77 165 3
77 170 3
77 188 3
77 193 3
77 195 3
77 196 4
77 199 3
77 218 3
77 225 3
77 229 3
77 230 3
77 231 1
77 232 4
77 235 4
77 252 3
77 253 3
77 257 3
77 261 3
77 265 4
77 270 1
77 288 4
77 292 3
77 293 4
77 296 4
77 316 3
77 317 3
77 319 4
77 330 3
77 332 3
77 333 3
77 339 3
77 344 3
77 349 3
77 350 3
77 353 4
77 356 5
77 357 4
77 364 4
77 367 4
77 371 3
77 372 3
77 374 3
77 376 3
77 377 5
77 380 4
77 410 3
77 413 3
77 420 3
77 434 3
77 440 3
77 452 4
77 454 3
77 457 4
77 480 4
77 491 4
77 495 3
77 500 4
77 508 3
77 509 3
77 527 3
77 531 3
77 532 3
77 539 4
77 551 5
77 553 3
77 554 3
77 586 3
77 587 4
77 588 4
77 589 4
77 590 4
77 592 3
77 593 5
77 595 5
77 628 4
77 733 4
77 736 4
77 762 3
77 780 4
77 802 3
77 805 3
78 17 4
78 29 4.5
78 32 5
78 41 4.5
78 82 4
78 101 4.5
78 110 3.5
78 111 4
78 150 4
78 162 4.5
78 356 3.5
78 357 5
78 468 3.5
78 480 2.5
78 497 4
78 509 4.5
78 515 4
78 527 4
78 541 4.5
78 562 4.5
78 589 4
78 590 4
78 608 4.5
78 671 4
78 720 4.5
78 728 4
78 741 4.5
78 745 5
78 750 5
78 760 4
78 778 5
78 780 2.5
78 800 4
78 858 4
78 903 4
78 904 4.5
78 908 4.5
78 909 3.5
78 912 4.5
78 920 4.5
78 923 4
78 924 5
78 969 4.5
78 994 4.5
78 1019 3.5
78 1041 4.5
78 1060 4.5
78 1073 3.5
78 1077 5
78 1079 4.5
78 1080 5
78 1084 4
78 1085 4.5
78 1089 4.5
78 1090 4
78 1095 5
78 1097 3
78 1129 3
78 1136 4.5
78 1148 5
78 1150 4.5
78 1161 4.5
78 1172 4.5
78 1175 4.5
78 1178 5
78 1179 4
78 1183 3.5
78 1185 4.5
78 1186 4
78 1188 4.5
78 1189 5
78 1193 5
78 1196 3.5
78 1197 4.5
78 1198 4
78 1199 5
78 1200 4
78 1201 4
78 1202 5
78 1206 5
78 1207 4.5
78 1208 4.5
78 1210 2.5
78 1211 4.5
78 1214 5
78 1215 4
78 1217 5
78 1219 4.5
78 1220 4.5
78 1222 5
78 1223 4
78 1225 4.5
78 1230 4
78 1232 5
78 1233 4.5
78 1234 4
78 1238 4
78 1240 4.5
78 1243 5
78 1244 4.5
78 1245 4.5
78 1246 4
78 1247 4.5
78 1248 4
78 1250 4
78 1252 5
78 1253 4.5
78 1254 4.5
78 1258 4.5
78 1259 4.5
78 1262 4.5
78 1265 4.5
78 1267 4.5
78 1270 4
78 1272 4.5
78 1273 4.5
78 1274 4.5
78 1276 4.5
78 1278 5
78 1279 3.5
78 1285 4
78 1287 4
78 1288 5
78 1292 4.5
78 1295 4
78 1296 4.5
78 1299 4.5
78 1300 4.5
78 1301 4.5
78 1304 4.5
78 1306 3
78 1307 4
78 1320 2.5
78 1343 3.5
78 1346 4
78 1358 4.5
78 1374 3
78 1387 4.5
78 1391 4.5
78 1394 3.5
78 1449 5
78 1500 4.5
78 1517 4
78 1573 2
78 1617 3.5
78 1629 4.5
78 1641 4.5
78 1653 4
78 1663 4
78 1674 4.5
78 1676 2.5
78 1682 4
78 1694 4
78 1732 3.5
78 1794 4.5
78 1834 4
78 1885 4.5
78 1904 3.5
78 1913 4.5
78 1916 4.5
78 1921 4.5
78 1923 4
78 1931 4.5
78 1952 4.5
78 1953 4.5
78 1957 3.5
78 1960 4
78 1963 4
78 1965 5
78 1968 3
78 2009 4
78 2010 4
78 2021 3
78 2028 3.5
78 2064 4.5
78 2076 5
78 2100 4
78 2105 3.5
78 2108 4
78 2109 3.5
78 2117 5
78 2140 2
78 2144 3.5
78 2150 4
78 2174 4.5
78 2176 4.5
78 2186 4.5
78 2232 4.5
78 2248 4.5
78 2287 3.5
78 2288 2.5
78 2289 4
78 2290 4.5
78 2291 4.5
78 2294 3.5
78 2300 4
78 2316 2.5
78 2321 3.5
78 2324 4.5
78 2333 4.5
78 2346 4
78 2359 4.5
78 2360 4.5
78 2387 3.5
78 2390 5
78 2395 4
78 2396 4.5
78 2402 2
78 2406 3.5
78 2420 2.5
78 2427 4.5
78 2435 4.5
78 2455 4.5
78 2502 5
78 2527 3.5
78 2528 4
78 2529 4.5
78 2530 3.5
78 2532 2
78 2533 1.5
78 2542 4
78 2571 5
78 2600 3
78 2662 4.5
78 2664 4
78 2671 3.5
78 2672 4
78 2677 4.5
78 2692 4.5
78 2701 2.5
78 2706 2.5
78 2710 3.5
78 2716 4.5
78 2723 4.5
78 2747 3
78 2761 4.5
78 2762 4
78 2779 4.5
78 2791 4.5
78 2840 3.5
78 2858 4.5
78 2912 4.5
78 2916 4
78 2917 4
78 2918 4.5
78 2919 4.5
78 2929 5
78 2944 4
78 2947 3.5
78 2959 3.5
78 2968 4.5
78 2970 4
78 2973 4.5
78 2985 4
78 2997 4.5
78 3045 4
78 3052 4
78 3060 4
78 3067 4.5
78 3070 4
78 3072 4
78 3090 4.5
78 3104 4.5
78 3135 4
78 3163 4
78 3168 3.5
78 3175 4.5
78 3198 4.5
78 3201 4.5
78 3210 4.5
78 3253 4
78 3265 4.5
78 3271 4.5
78 3326 4
78 3328 4.5
78 3334 4
78 3338 4
78 3359 5
78 3363 4
78 3397 4.5
78 3418 3.5
78 3421 4.5
78 3424 4.5
78 3429 4.5
78 3441 2.5
78 3448 4
78 3470 4.5
78 3471 3.5
78 3481 4.5
78 3503 5
78 3504 3.5
78 3521 3.5
78 3527 4
78 3552 3
78 3608 5
78 3638 2.5
78 3658 4
78 3671 4
78 3676 4.5
78 3683 4
78 3698 2
78 3701 3.5
78 3702 4
78 3703 4
78 3706 4.5
78 3751 4.5
78 3755 4
78 3793 4
78 3811 5
78 3814 4.5
78 3819 4.5
78 3836 4.5
78 3863 4
78 3911 4.5
78 3925 4.5
78 3927 3
78 3959 4.5
78 3967 4.5
78 3996 3
78 4027 4.5
78 4034 4.5
78 4042 2.5
78 4085 4
78 4119 4.5
78 4131 4
78 4223 5
78 4226 5
78 4276 3.5
78 4278 4
78 4280 3.5
78 4310 2.5
78 4333 3.5
78 4338 4.5
78 4349 4.5
78 4361 3
78 4407 5
78 4443 4.5
78 4467 4.5
78 4485 2.5
78 4518 4
78 4553 4.5
78 4571 4
78 4605 4.5
78 4641 4.5
78 4642 5
78 4643 4
78 4713 4.5
78 4788 4.5
78 4842 4
78 4855 4
78 4873 5
78 4918 4.5
78 4973 5
78 4981 4
78 4982 2
78 5049 4.5
78 5060 4
78 5139 3.5
78 5198 4.5
78 5288 4.5
78 5299 4
78 5339 4.5
78 5410 4
78 5445 3
78 5446 4.5
78 5468 4
78 5505 4.5
78 5515 3
78 5522 4.5
78 5693 4
78 5747 5
78 5855 1.5
78 5876 5
78 5881 4.5
78 5899 4.5
78 5932 5
78 5981 4
78 6001 4
78 6184 4.5
78 6235 4.5
78 6261 3.5
78 6305 4
78 6333 4
78 6365 2
78 6385 4.5
78 6440 5
78 6448 4
78 6458 4.5
78 6502 4
78 6565 4
78 6579 4
78 6620 4
78 6645 4
78 6650 5
78 6678 4.5
78 6711 4.5
78 6773 5
78 6774 4.5
78 6791 4.5
78 6867 4.5
78 6874 4
78 6934 1.5
78 6942 4.5
78 6947 4.5
78 6971 5
78 6978 5
78 6993 4
78 7001 4.5
78 7003 4.5
78 7020 4.5
78 7025 4
78 7027 4.5
78 7042 3.5
78 7063 5
78 7069 5
78 7084 4.5
78 7123 4.5
78 7132 4
78 7156 4.5
78 7163 2
78 7215 4.5
78 7236 4.5
78 7323 4.5
78 7361 4.5
78 7389 1.5
78 7419 4.5
78 7438 3.5
78 7489 3.5
78 7560 4.5
78 7620 4.5
78 7698 4
78 7815 4
78 7817 4.5
78 7934 4.5
78 7983 4
78 8337 4.5
78 8400 4.5
78 8464 4.5
78 8595 4
78 8596 3
78 8622 5
78 8623 4.5
78 8690 4.5
78 9005 4.5
78 26203 4
78 26285 4
78 26554 3
78 27904 4
78 34405 4.5
78 37729 4
78 38038 3.5
78 44191 5
78 44694 2
78 46578 5
78 46976 4.5
78 48774 4.5
78 49272 3
78 50872 4.5
79 11 3
79 21 3
79 25 4
79 32 5
79 36 4
79 47 3
79 50 5
79 52 4
79 58 3
79 144 3
79 215 4
79 223 3
79 225 3
79 231 3
79 235 3
79 246 4
79 260 4
79 266 3
79 272 3
79 281 4
79 288 3
79 293 4
79 296 5
79 300 3
79 318 4
79 319 3
79 322 4
79 337 3
79 339 3
79 344 3
79 348 3
79 349 3
79 356 3
79 357 4
79 372 4
79 373 3
79 377 3
79 380 3
79 417 3
79 428 3
79 454 3
79 457 3
79 471 4
79 474 2
79 475 4
79 480 3
79 481 3
79 500 3
79 501 3
79 509 3
79 515 4
79 521 4
79 538 3
79 555 4
79 586 3
79 590 3
79 592 3
79 593 4
79 608 5
79 647 4
79 708 3
79 728 3
79 778 4
79 802 3
79 805 3
79 1089 5
80 19 3
80 50 4
80 110 4
80 144 4
80 150 3
80 151 4
80 161 3
80 165 3
80 168 3
80 193 3
80 288 3
80 293 3
80 296 4
80 316 3
80 318 4
80 333 3
80 344 4
80 349 3
80 350 3
80 353 3
80 367 4
80 380 4
80 413 2
80 431 3
80 434 3
80 457 4
80 593 3
81 266 5
81 296 5
81 342 4
81 367 5
81 454 3
81 480 4
81 507 4
81 541 5
81 589 5
81 647 4
81 1625 5
81 1721 2
81 1732 4
81 1801 4
81 1957 4
81 1960 4
81 1961 4
81 1997 4
81 2000 3
81 2020 4
81 2023 4
81 2112 4
81 2232 5
81 2378 1
81 2424 3
81 2471 2
81 2532 5
81 2571 5
81 2827 3
81 2959 5
81 3101 3
81 3257 3
81 3258 3
81 3448 5
81 3513 4
81 3623 3
81 3706 5
81 3744 3
81 4102 4
81 4148 4
81 4267 3
81 4326 4
81 4327 5
81 4661 3
81 4690 4
81 4874 5
81 4958 4
81 4978 4
81 4994 2
81 5414 3
81 5444 3
81 5459 3
81 5816 3
81 5900 4
82 253 2
82 296 3
82 364 4
82 531 4
82 588 5
82 595 4.5
82 902 5
82 917 4
82 1028 3.5
82 1073 4.5
82 2692 1.5
82 3248 3
82 3253 3.5
82 3977 3.5
82 4226 3.5
82 4246 4.5
82 4306 4
82 4308 4
82 4886 4
82 4954 3.5
82 4963 4
82 4973 4.5
82 4993 4
82 5218 3.5
82 5296 3
82 5377 4
82 5446 2
82 5618 4.5
82 5669 3
82 5952 3
82 6350 5
82 6377 3
82 6539 3.5
82 6863 4
82 6874 3.5
82 7153 4
82 7161 2
82 7293 3
82 7361 3.5
82 7438 3.5
82 8360 3.5
82 8376 2.5
82 8866 1
82 8961 2.5
82 8969 4
82 8970 3.5
82 30793 2
82 31658 5
82 31685 2
82 33004 2.5
82 33615 3
82 34048 3.5
82 39231 0.5
82 40278 3.5
82 41566 3.5
82 41569 4
82 41571 4.5
82 42015 2.5
82 44022 3
82 44191 5
82 44195 4.5
82 46578 1
82 46723 3.5
82 46976 4.5
82 48082 3.5
82 48322 2.5
82 48385 4
82 48394 1
82 48774 1
82 48780 1.5
82 49272 2
82 49957 5
82 52458 3.5
82 52694 3.5
82 52722 3
82 52973 4.5
82 53121 3.5
82 53322 3.5
82 53996 5
82 54259 1.5
82 54272 4
82 54503 4.5
82 54796 1
82 54999 3.5
82 55820 1
82 56367 5
82 58105 2.5
82 58306 2.5
82 58367 2.5
82 60126 3.5
83 1 3
83 3 3
83 5 3
83 12 2
83 21 3
83 34 3
83 52 1
83 62 3
83 102 3
83 104 3
83 410 4
83 435 3
83 440 3
83 457 3
83 500 3
83 532 3
83 541 3
83 551 3
83 585 3
83 586 3
83 590 3
83 608 4
83 637 3
83 719 3
83 736 3
83 750 5
83 780 3
83 788 3
83 858 3
83 899 4
83 908 3
83 910 5
83 912 4
83 913 5
83 914 3
83 919 3
83 920 3
83 921 4
83 923 4
83 924 4
83 953 2
83 969 4
83 1012 3
83 1022 3
83 1028 3
83 1031 4
83 1032 3
83 1035 3
83 1036 3
83 1073 4
83 1077 4
83 1078 3
83 1079 4
83 1080 3
83 1081 3
83 1082 3
83 1083 3
83 1084 3
83 1096 3
83 1097 3
83 1101 3
83 1103 3
83 1104 4
83 1136 4
83 1193 3
83 1196 3
83 1197 4
83 1198 4
83 1204 4
83 1207 5
83 1210 3
83 1214 4
83 1219 3
83 1220 3
83 1221 3
83 1225 4
83 1231 3
83 1234 3
83 1240 3
83 1250 3
83 1252 3
83 1262 4
83 1265 4
83 1266 4
83 1269 3
83 1270 3
83 1278 5
83 1291 4
83 1304 3
83 1307 3
83 4424 4
83 5060 4
84 1 3
84 5 3
84 7 3
84 17 4
84 25 2
84 32 3
84 36 4
84 62 4
84 95 2
84 141 4
84 788 3
84 802 3
84 1366 4
84 1573 3
84 1580 3
85 1 3
85 36 5
85 50 5
85 82 3
85 214 4
85 215 2
85 223 4
85 232 4
85 296 5
85 497 3
85 1413 2
85 1639 1
85 1667 2
85 1734 2
85 1810 3
85 1883 3
85 2028 4
85 2249 2
85 2268 2
85 2302 4
85 2324 2
85 2329 3
85 2333 2
85 2396 3
85 2542 2
85 2571 4
85 2580 3
85 2692 2
85 2707 2
85 2759 2
85 2762 3
85 2763 3
85 2858 5
85 2890 4
85 2907 1
85 2908 5
85 3060 4
86 110 4
86 111 3
86 288 1
86 349 4
86 353 1
86 380 4
86 442 4
86 457 4
86 480 4
86 531 3
86 1015 4
86 1019 4
86 1028 5
86 1031 3
86 1036 4
86 1049 4
86 1073 4
86 1093 5
86 1097 4
86 1127 4
86 1129 3
86 1196 5
86 1198 5
86 1200 5
86 1201 5
86 1210 5
86 1214 5
86 1221 4
86 1222 5
86 1240 5
86 1282 5
86 1291 4
86 1356 4
86 1372 4
86 1374 5
86 1376 5
86 1385 3
86 1527 3
86 1599 1
86 1610 5
86 1676 3
86 1848 3
86 1911 3
86 1953 4
86 1954 5
86 1961 5
86 2000 5
86 2013 4
86 2014 3
86 2019 4
86 2028 5
86 2046 4
86 2058 3
86 2080 4
86 2081 4
86 2089 4
86 2115 4
86 2137 4
86 2140 4
86 2141 4
86 2152 3
86 2161 4
86 2194 4
86 2288 5
86 2294 4
86 2355 4
86 2366 4
86 2384 5
86 2394 5
86 2406 4
86 2527 3
86 2529 4
86 2568 1
86 2571 4
86 2572 5
86 2662 4
86 2669 4
86 2701 4
86 2716 5
86 2719 3
86 2723 5
86 2795 4
86 2901 4
86 2916 4
86 2947 4
86 2948 4
86 2951 4
86 2985 4
86 2987 4
86 3114 5
86 3153 4
87 223 5
87 1028 5
87 1093 4
87 1127 4
87 1196 5
87 1210 5
87 1354 4
87 1380 3
87 1513 4
87 2041 4
87 2672 4
87 2683 4
87 2690 4
87 2692 5
87 2699 4
87 2700 5
87 2710 4
87 2712 5
87 2716 5
87 2762 5
87 2770 4
87 2858 5
87 2907 3
87 2908 5
87 2959 5
87 2987 4
87 2997 5
87 3081 4
87 3114 5
87 3160 4
87 3175 5
87 3176 4
87 3219 4
87 3300 4
87 3578 5
87 3623 5
87 3751 5
87 3793 4
87 3977 5
87 3986 3
87 3988 3
87 4022 5
88 1 4.5
88 19 4
88 31 4.5
88 39 4
88 44 4
88 88 4
88 104 4
88 110 5
88 145 4
88 168 5
88 356 5
88 364 4.5
88 367 4
88 370 4.5
88 372 4
88 380 3
88 435 3
88 442 4.5
88 466 4
88 500 4.5
88 516 4
88 520 4
88 524 4.5
88 543 4
88 575 4
88 585 4
88 586 4
88 587 4
88 588 4.5
88 594 4.5
88 597 4
88 673 5
88 724 3.5
88 736 3.5
88 780 5
88 784 3.5
88 785 3.5
88 866 4.5
88 919 4
88 1020 4.5
88 1027 4.5
88 1042 4
88 1136 4.5
88 1196 5
88 1197 4
88 1198 4
88 1210 5
88 1219 2
88 1222 3
88 1258 4
88 1302 4.5
88 1380 4.5
88 1405 4.5
88 1407 4
88 1476 4
88 1485 3.5
88 1513 4
88 1517 5
88 1552 5
88 1573 5
88 1580 4
88 1644 4
88 1673 4.5
88 1717 4
88 1721 4.5
88 1777 4
88 1805 4
88 1863 3.5
88 1894 3.5
88 1895 4
88 1917 4.5
88 1923 4.5
88 1954 4
88 1974 4
88 1982 4
88 1997 2
88 2006 4
88 2054 3.5
88 2081 4
88 2167 5
88 2268 4.5
88 2273 4.5
88 2329 5
88 2353 5
88 2355 3
88 2409 4
88 2410 4
88 2411 4
88 2420 4.5
88 2421 4
88 2422 4
88 2428 3.5
88 2496 4
88 2502 5
88 2539 4.5
88 2541 4.5
88 2571 5
88 2572 4
88 2605 4.5
88 2628 5
88 2683 5
88 2694 4.5
88 2700 5
88 2706 5
88 2710 1
88 2712 4
88 2716 4
88 2717 4.5
88 2762 2
88 2858 3
88 2953 4
88 2959 5
88 3005 4
88 3033 5
88 3052 4
88 3081 4
88 3082 4.5
88 3113 4
88 3114 4.5
88 3247 4
88 3253 5
88 3254 4.5
88 3255 4.5
88 3264 3.5
88 3273 4
88 3408 4.5
88 3444 4.5
88 3452 1
88 3510 5
88 3578 5
88 3617 3
88 3717 5
88 3785 5
88 3793 5
88 3798 4.5
88 3826 3
88 3916 5
88 3948 4.5
88 3973 2
88 3977 4
88 3979 3.5
88 3980 5
88 3994 2
88 4018 4
88 4023 4.5
88 4025 4
88 4054 3.5
88 4132 4
88 4148 2.5
88 4247 3.5
88 4299 2
88 4310 4.5
88 4369 4
88 4453 5
88 4568 5
88 4569 4.5
88 4623 4
88 4643 2
88 4701 4.5
88 4718 5
88 4876 3.5
88 4886 4
88 4963 5
88 4993 5
88 5014 5
88 5065 4
88 5066 4.5
88 5103 5
88 5108 4.5
88 5127 4
88 5254 5
88 5299 4
88 5349 5
88 5378 5
88 5418 4.5
88 5445 4.5
88 5449 4.5
88 5459 4.5
88 5481 5
88 5502 3
88 5679 2.5
88 5691 3
88 5804 4
88 5952 5
88 5954 5
88 5969 4
88 5989 4.5
88 6287 4
88 6333 5
88 6365 5
88 6377 4.5
88 6503 4
88 6539 5
88 6548 5
88 6586 4.5
88 6615 4.5
88 6793 4
88 6863 3.5
88 6874 5
88 6934 5
88 7153 5
88 7164 4
88 7254 5
88 7454 5
88 8360 3.5
88 8368 4.5
88 8372 3
88 8636 5
88 8640 4
89 21 5
89 31 4
89 34 4
89 39 3
89 44 3
89 50 5
89 58 4
89 110 5
89 144 4
89 150 5
89 204 4
89 208 4
89 216 2
89 225 4
89 231 4
89 236 4
89 253 3
89 265 5
89 267 3
89 288 5
89 292 5
89 293 4
89 296 5
89 303 2
89 306 4
89 307 4
89 308 4
89 315 4
89 318 5
89 327 2
89 338 4
89 344 5
89 356 5
89 380 4
89 420 3
89 427 3
89 431 4
89 434 4
89 588 4
89 592 3
90 1 5
90 3 5
90 6 3
90 12 3
90 14 4
90 32 3
90 36 4
90 62 5
90 92 3
90 100 4
90 653 4
90 662 3
90 673 4
90 707 3
90 708 3
90 724 3
90 733 4
90 736 3
90 748 4
90 761 5
90 765 3
90 780 4
90 783 4
90 784 1
90 785 4
90 786 5
90 788 3
90 799 4
90 802 5
90 805 5
90 832 5
90 837 4
90 1073 4
90 1367 5
91 1 3
91 2 4
91 34 4
91 47 4
91 50 4
91 151 4
91 223 2
91 235 4
91 260 3
91 292 2
91 608 2
91 674 3
91 733 3
91 745 5
91 750 4
91 780 3
91 903 5
91 904 5
91 908 5
91 912 5
91 913 5
91 919 5
91 920 2
91 923 5
91 924 5
91 952 4
91 953 5
91 954 4
91 969 4
91 973 4
91 991 4
91 1023 4
91 1028 4
91 1032 4
91 1035 3
91 1036 3
91 1073 4
91 1077 4
91 1078 4
91 1079 4
91 1080 4
91 1081 2
91 1083 4
91 1093 4
91 1094 3
91 1097 3
91 1101 3
91 1125 4
91 1127 3
91 1136 4
91 1148 5
91 1150 4
91 1172 5
91 1178 4
91 1183 5
91 1193 5
91 1196 4
91 1197 4
91 1198 4
91 1200 3
91 1204 5
91 1206 5
91 1207 4
91 1208 4
91 1210 3
91 1214 4
91 1219 4
91 1220 2
91 1222 4
91 1223 4
91 1225 4
91 1230 4
91 1235 4
91 1240 3
91 1247 4
91 1250 4
91 1258 5
91 1259 4
91 1263 4
91 1265 4
91 1267 4
91 1270 3
91 1271 4
91 1275 4
91 1278 4
91 1282 4
91 1288 4
91 1291 4
91 1292 4
91 1307 4
91 1321 3
91 1333 4
91 1334 4
91 1345 4
91 1350 4
91 1371 3
91 1374 4
91 1375 3
91 1387 4
91 1394 4
91 1396 3
91 1408 4
91 1573 3
91 1586 3
91 1610 2
91 1792 3
91 1913 4
91 1927 4
91 1947 5
91 1954 2
91 1963 4
91 1965 4
91 1982 3
91 1994 3
91 1997 4
91 2000 3
91 2003 2
91 2017 4
91 2018 4
91 2028 4
91 2067 5
91 2088 2
91 2115 2
91 2143 4
91 2150 2
91 2160 4
91 2174 3
91 2202 4
91 2206 4
91 2243 3
91 2253 4
91 2300 2
91 2311 4
91 2366 3
91 2395 4
91 2396 4
91 2398 5
91 2406 4
91 2427 2
91 2433 2
91 2455 2
91 2492 3
91 2529 4
91 2535 2
91 2565 4
91 2571 4
91 2640 3
91 2648 4
91 2683 4
91 2691 5
91 2710 4
91 2716 3
91 2728 4
91 2730 4
91 2746 2
91 2763 4
91 2795 4
91 2797 3
91 2804 5
91 2815 2
91 2857 4
91 2858 5
91 2863 4
91 2872 4
91 2877 4
91 2899 4
91 2915 4
91 2916 3
91 2918 4
91 2919 5
91 2941 4
91 2947 4
91 2948 4
91 2949 4
91 2956 4
91 2968 4
91 2987 3
91 2989 3
91 2991 4
91 2993 4
91 2997 5
91 3020 4
91 3024 2
91 3033 2
91 3035 4
91 3070 2
91 3076 4
91 3153 4
91 3174 4
91 3198 4
91 3203 4
91 3256 4
91 5060 4
92 6 4.5
92 10 3.5
92 32 4
92 47 5
92 95 3.5
92 101 4
92 110 5
92 145 4
92 150 4
92 165 3.5
92 480 5
92 500 3
92 527 5
92 589 3.5
92 590 5
92 592 3.5
92 608 5
92 648 4
92 733 3
92 1036 5
92 1073 4
92 1092 4
92 1097 5
92 1196 5
92 1198 5
92 1204 4
92 1210 5
92 1213 5
92 1240 4
92 1262 5
92 1270 5
92 1276 5
92 1291 5
92 1303 4
92 1356 3.5
92 1387 4
92 1396 5
92 1466 4.5
92 1527 4
92 1584 3.5
92 1625 5
92 1682 5
92 1704 5
92 1721 4
92 1722 4
92 1921 4
92 1961 5
92 1997 5
92 2012 3.5
92 2028 4.5
92 2115 5
92 2194 4
92 2231 4
92 2313 4
92 2321 4
92 2353 5
92 2395 3.5
92 2529 5
92 2542 5
92 2571 5
92 2628 3.5
92 2672 4
92 2692 5
92 2710 1
92 2762 5
92 2819 5
92 2858 0.5
92 2918 4
92 3006 4.5
92 3147 4
92 3178 3.5
92 3198 4.5
92 3275 4
92 3386 4
92 3471 4.5
92 3510 2
92 3578 4.5
92 3793 5
92 4011 4
92 4022 5
92 4034 3.5
92 4226 3.5
92 4262 4
92 4641 5
92 4878 5
92 4880 4
92 4901 3
92 4963 4
92 4973 5
92 4979 5
92 4993 2
92 4995 2.5
92 5064 5
92 5294 5
92 5349 4
92 5378 3.5
92 5418 5
92 5445 4
92 5669 3.5
92 5899 4
92 5903 4
92 5952 1
92 5989 5
92 5995 5
92 6016 4
92 6062 3.5
92 6303 3.5
92 6333 5
92 6365 0.5
92 6378 3
92 6502 4
92 6539 5
92 6576 5
92 6711 0.5
92 6934 1
92 6979 5
92 7143 3.5
92 7153 1
92 7361 4
92 7445 5
92 8340 5
92 8464 3.5
92 8575 5
92 8581 5
92 8622 3
92 8636 3.5
92 8665 4
92 8798 4
92 8874 3
92 8914 5
92 27721 3
92 27831 3.5
92 30707 2.5
92 30810 4
92 33166 3.5
92 33493 4
92 33660 3
92 33794 4
92 39427 3.5
92 40278 3.5
92 41569 3.5
92 42718 4
92 44191 3
92 44199 4
92 45499 2
92 45722 5
92 46530 2.5
92 48516 4
93 28 5
93 838 4
93 1586 4
93 1801 3.5
93 1888 0.5
93 1894 4
93 2424 5
93 2722 3.5
93 3479 4.5
93 4623 4
93 53322 4
93 54259 4
93 55872 4.5
93 56174 4
93 56367 4
93 56587 3.5
93 56949 3.5
93 58103 5
93 58154 4
93 58998 5
93 59501 5
94 10 4
94 16 4
94 19 1
94 21 3
94 42 3
94 47 3
94 50 4
94 66 3
94 79 3
94 94 3
94 177 3
94 185 3
94 186 3
94 193 3
94 198 4
94 208 3
94 216 2
94 223 4
94 225 3
94 231 2
94 233 3
94 234 3
94 235 4
94 237 3
94 248 3
94 253 4
94 256 3
94 257 3
94 259 2
94 266 3
94 273 3
94 276 3
94 280 3
94 281 4
94 288 4
94 291 3
94 292 3
94 293 3
94 296 4
94 300 4
94 303 2
94 315 3
94 316 4
94 318 5
94 329 3
94 333 1
94 337 4
94 338 4
94 344 3
94 349 4
94 350 4
94 352 3
94 353 3
94 354 4
94 355 3
94 356 5
94 367 3
94 368 5
94 370 3
94 373 3
94 374 2
94 377 5
94 380 3
94 383 4
94 410 3
94 413 3
94 415 3
94 418 3
94 419 2
94 420 3
94 428 3
94 432 3
94 434 3
94 435 2
94 437 3
94 440 3
94 442 3
94 454 3
94 457 5
94 466 3
94 471 3
94 474 4
94 480 4
94 481 3
94 485 3
94 490 3
94 491 3
94 500 4
94 508 4
94 514 3
94 520 3
94 521 3
94 524 3
94 527 5
94 529 4
94 538 3
94 539 4
94 540 3
94 543 3
94 553 3
94 555 5
94 585 3
94 586 4
94 587 4
94 588 3
94 589 3
94 590 4
94 592 4
94 593 5
94 736 4
95 1 3
95 10 3
95 32 4
95 47 4
95 110 5
95 141 3
95 150 4
95 153 3
95 161 4
95 165 4
95 349 4
95 356 4
95 364 5
95 367 3
95 377 3
95 380 3
95 434 2
95 454 3
95 457 4
95 480 3
95 500 3
95 587 3
95 588 4
95 589 4
95 590 3
95 592 3
95 593 5
95 595 3
95 597 3
95 736 2
96 1 4
96 6 5
96 16 4
96 17 4
96 21 4
96 25 1
96 32 4
96 34 2
96 40 4
96 50 5
96 141 4
96 155 4
96 161 4
96 164 4
96 183 4
96 194 3
96 198 3
96 210 3
96 225 3
96 230 5
96 233 3
96 235 3
96 260 4
96 280 4
96 281 3
96 282 4
96 292 4
96 293 4
96 296 4
96 299 5
96 300 4
96 303 4
96 314 3
96 319 4
96 337 4
96 340 3
96 342 2
96 345 2
96 349 4
96 350 4
96 357 3
96 367 2
96 368 3
96 376 3
96 377 4
96 380 5
96 383 3
96 422 4
96 426 4
96 440 3
96 446 3
96 454 3
96 457 5
96 468 5
96 474 3
96 480 5
96 481 4
96 494 4
96 514 2
96 515 4
96 527 5
96 529 5
96 535 3
96 537 4
96 541 4
96 543 4
96 553 2
96 555 2
96 587 3
96 589 4
96 590 5
96 592 2
96 593 5
96 595 3
96 608 5
96 628 3
96 678 5
96 708 4
96 720 5
96 728 3
96 731 3
96 745 5
96 750 5
96 778 3
96 786 3
96 800 4
96 832 4
96 848 3
96 852 3
96 858 4
96 866 4
96 899 4
96 902 4
96 903 4
96 904 5
96 905 4
96 906 4
96 908 4
96 909 3
96 910 5
96 913 4
96 919 5
96 928 4
96 929 3
96 930 4
96 941 3
96 948 4
96 953 3
96 968 1
96 969 4
96 1003 4
96 1012 3
96 1022 3
96 1035 4
96 1036 4
96 1043 3
96 1049 5
96 1054 3
96 1079 5
96 1080 5
96 1086 4
96 1089 4
96 1090 3
96 1092 3
96 1095 4
96 1097 3
96 1103 3
96 1104 4
96 1113 3
96 1127 2
96 1130 1
96 1135 4
96 1136 5
96 1148 5
96 1185 4
96 1186 4
96 1187 5
96 1189 3
96 1193 4
96 1196 3
96 1197 3
96 1198 5
96 1200 4
96 1201 3
96 1203 5
96 1204 4
96 1206 4
96 1210 3
96 1211 2
96 1213 4
96 1214 4
96 1215 2
96 1219 3
96 1220 2
96 1221 4
96 1222 4
96 1225 5
96 1228 1
96 1230 4
96 1231 3
96 1233 5
96 1235 2
96 1240 4
96 1242 5
96 1244 3
96 1245 5
96 1246 4
96 1247 4
96 1249 4
96 1252 3
96 1254 4
96 1258 4
96 1259 5
96 1262 4
96 1263 5
96 1265 4
96 1266 3
96 1267 4
96 1269 5
96 1272 4
96 1277 3
96 1278 2
96 1280 4
96 1281 5
96 1282 5
96 1284 3
96 1285 4
96 1287 4
96 1288 5
96 1291 4
96 1292 4
96 1293 5
96 1295 3
96 1297 4
96 1298 4
96 1303 4
96 1304 3
96 1305 2
96 1307 4
96 1321 4
96 1343 2
96 1344 2
96 1345 2
96 1347 1
96 1356 2
96 1358 4
96 1370 4
96 1374 2
96 1375 2
96 1387 4
96 1393 5
96 1394 5
96 1395 4
96 1401 4
96 1429 3
96 1459 2
96 1464 2
96 1466 4
96 1472 3
96 1480 2
96 1500 4
96 1507 3
96 1518 3
96 1569 4
96 1573 3
96 1580 4
96 1589 3
96 1608 4
96 1610 5
96 1617 4
96 1620 3
96 1624 4
96 1633 4
96 1645 3
96 1670 3
96 1672 4
96 1674 4
96 1678 4
96 1680 4
96 1682 3
96 1686 4
96 1717 2
96 1719 3
96 1721 5
96 1722 3
96 1729 3
96 1805 4
96 1833 4
96 1834 3
96 1840 4
96 1876 4
96 1892 4
96 1909 1
96 1912 4
96 1927 5
96 1929 4
96 1947 4
96 1948 3
96 1950 4
96 1952 4
96 1953 5
96 1954 2
96 1956 4
96 1957 4
96 1960 4
96 1961 5
96 1962 5
96 1965 4
96 1968 4
96 1994 3
96 1997 4
96 2000 2
96 2009 3
96 2011 4
96 2013 4
96 2022 2
96 2023 4
96 2028 5
96 2058 3
96 2065 4
96 2067 3
96 2080 4
96 2106 4
96 2108 3
96 2109 3
96 2117 2
96 2118 4
96 2124 3
96 2132 2
96 2150 4
96 2160 2
96 2174 4
96 2176 3
96 2180 4
96 2182 4
96 2183 4
96 2186 4
96 2194 5
96 2202 3
96 2204 4
96 2208 4
96 2212 4
96 2245 4
96 2246 3
96 2268 2
96 2278 5
96 2287 3
96 2291 3
96 2312 5
96 2313 4
96 2333 3
96 2334 3
96 2344 4
96 2346 3
96 2352 4
96 2353 3
96 2359 4
96 2366 4
96 2371 2
96 2384 2
96 2396 5
96 2406 4
96 2420 4
96 2427 2
96 2433 4
96 2436 3
96 2442 3
96 2469 3
96 2470 4
96 2490 3
96 2518 4
96 2527 3
96 2528 2
96 2529 1
96 2551 2
96 2553 2
96 2571 5
96 2580 3
96 2628 4
96 2634 3
96 2657 3
96 2670 4
96 2686 5
96 2688 3
96 2707 4
96 2712 2
96 2716 3
96 2728 4
96 2729 2
96 2736 5
96 2745 4
96 2762 4
96 2763 3
96 2774 3
96 2788 5
96 2791 4
96 2819 4
96 2841 3
96 2852 4
96 2856 2
96 2857 3
96 2858 3
96 2859 5
96 2871 4
96 2889 4
96 2890 4
96 2916 2
96 2917 2
96 2918 3
96 2919 4
96 2929 2
96 2939 4
96 2944 3
96 2947 3
96 2948 3
96 2949 3
96 2951 2
96 2961 4
96 2967 4
96 2968 4
96 2970 4
96 2971 4
96 2973 3
96 2976 2
96 2989 3
96 2991 3
96 2993 3
96 3005 4
96 3011 4
96 3015 4
96 3022 5
96 3028 4
96 3035 4
96 3039 2
96 3044 4
96 3068 4
96 3071 5
96 3072 5
96 3077 4
96 3082 3
96 3088 2
96 3095 4
96 3096 5
96 3098 2
96 3101 4
96 3102 4
96 3104 4
96 3105 4
96 3108 3
96 3111 4
96 3114 4
96 3135 4
96 3147 5
96 3152 4
96 3155 4
96 3167 2
96 3168 4
96 3175 3
96 3176 3
96 3179 4
96 3196 3
96 3198 4
96 3203 4
96 3204 4
96 3210 4
96 3213 2
96 3219 3
96 3249 4
96 3251 3
96 3252 4
96 3253 2
96 3255 4
96 3256 4
96 3259 4
96 3260 3
96 3271 4
96 3296 4
96 3308 3
96 3309 1
96 3350 3
96 3358 3
96 3359 2
96 3361 4
96 3362 4
96 3379 4
96 3384 5
96 3386 4
96 3405 4
96 3418 4
96 3421 2
96 3447 3
96 3448 4
96 3450 4
96 3451 4
96 3461 3
96 3462 4
96 3467 4
96 3471 3
96 3476 3
96 3479 1
96 3498 4
96 3501 5
96 3507 4
96 3513 3
96 3524 2
96 3526 3
96 3527 1
96 3546 3
96 3548 5
96 3551 4
96 3552 2
96 3555 2
96 3557 4
96 3578 5
96 3623 4
96 3627 2
96 3633 3
96 3639 3
96 3654 4
96 3671 4
96 3685 4
96 3686 2
96 3699 1
96 3700 2
96 3702 2
96 3703 2
96 3704 1
96 3723 3
96 3724 4
96 3733 4
96 3735 3
97 145 5
97 165 4
97 480 5
97 514 4
97 517 5
97 595 5
97 1127 3
97 1196 5
97 1221 5
97 1270 4
97 2989 3
97 2990 3
97 3275 1
97 3555 4
97 4033 4
97 4104 2
97 4308 5
97 4816 4
97 4917 4
97 5010 4
97 5299 5
97 5400 4
97 5418 5
97 5449 3
97 5464 5
98 1 4
98 6 5
98 18 3
98 25 5
98 36 5
98 41 5
98 52 4
98 58 5
98 103 3
98 112 4
98 1357 5
98 1401 3
99 111 4
99 296 5
99 318 4
99 527 3
99 541 5
99 750 5
99 858 4
99 924 5
99 1136 5
99 1147 4
99 1676 2
99 1784 3
99 1809 4
99 1968 3
99 2023 3
99 2762 4
99 3798 4
99 4226 5
99 4336 4
99 4720 4
99 4848 5
99 4872 3
99 4973 4
99 4993 3
99 5151 2
99 5218 2
99 5502 2
99 5618 4
99 5690 4
99 5956 2
100 1 1.5
100 10 2.5
100 21 2.5
100 32 3
100 34 3.5
100 47 4
100 50 4
100 66 0.5
100 110 3.5
100 111 3.5
100 253 2.5
100 260 3.5
100 277 0.5
100 288 3.5
100 292 1.5
100 296 4
100 315 1
100 316 1
100 318 4.5
100 329 2
100 342 2
100 344 2.5
100 349 2
100 356 3
100 357 3
100 367 3
100 370 2.5
100 377 2.5
100 380 1.5
100 382 0.5
100 410 0.5
100 432 0.5
100 434 1.5
100 454 2.5
100 457 0.5
100 466 1
100 471 1
100 480 3
100 500 2.5
100 502 0.5
100 520 1
100 527 3.5
100 539 0.5
100 543 0.5
100 552 1
100 585 0.5
100 587 1
100 588 3
100 589 3
100 590 3.5
100 592 3
100 593 3
100 597 0.5
100 608 3.5
100 628 3.5
100 733 3
100 736 1.5
100 780 2
100 788 2
100 818 0.5
100 838 2
100 858 3.5
100 904 4
100 953 4
100 1073 4
100 1079 2.5
100 1089 4
100 1097 2.5
100 1129 3
100 1196 4
100 1198 3.5
100 1210 1.5
100 1233 4.5
100 1259 3
100 1270 3
100 1271 0.5
100 1291 2.5
100 1363 0.5
100 1376 1
100 1380 1
100 1387 3.5
100 1544 2
100 1611 2.5
100 1729 3
100 1931 2.5
100 1977 1.5
100 1984 2
100 2001 1.5
100 2021 2.5
100 2023 2
100 2028 3
100 2042 0.5
100 2054 0.5
100 2105 0.5
100 2117 2.5
100 2122 1
100 2136 1
100 2159 2.5
100 2174 2.5
100 2176 4
100 2186 3
