71557 908 3
71557 910 1.5
71557 911 3
71557 912 4
71557 913 5
71557 919 3
71557 923 4
71557 969 5
71557 1028 3
71557 1036 4
71557 1086 4
71557 1136 4
71557 1193 5
71557 1196 3.5
71557 1198 5
71557 1200 5
71557 1201 4.5
71557 1203 3
71557 1204 3
71557 1207 5
71557 1208 2
71557 1210 4
71557 1214 5
71557 1219 5
71557 1221 4.5
71557 1222 3
71557 1225 3.5
71557 1234 5
71557 1240 1
71557 1250 4
71557 1252 5
71557 1253 4
71557 1254 4.5
71557 1259 4
71557 1262 4
71557 1266 3
71557 1269 3
71557 1270 3.5
71557 1272 5
71557 1276 3.5
71557 1278 4
71557 1291 5
71557 1304 5
71557 1320 0.5
71557 1358 3.5
71557 1387 5
71557 1610 3
71557 1625 4
71557 1674 4
71557 1732 2
71557 1931 3
71557 1945 4
71557 1950 4
71557 1953 3
71557 1961 4.5
71557 2028 4
71557 2081 4.5
71557 2176 2
71557 2186 4.5
71557 2194 3.5
71557 2202 4
71557 2203 4
71557 2353 5
71557 2406 4
71557 2502 4
71557 2571 1
71557 2617 1
71557 2648 3
71557 2761 4
71557 2762 5
71557 2779 3
71557 2819 4
71557 2858 3.5
71557 2918 3.5
71557 2944 3.5
71557 2947 2.5
71557 2948 2.5
71557 3037 3.5
71557 3098 3.5
71557 3104 5
71557 3114 5
71557 3334 3
71557 3347 5
71557 3359 4
71557 3363 4
71557 3365 3.5
71557 3396 4
71557 3468 4.5
71557 3471 3.5
71557 3504 3
71557 3507 3.5
71557 3623 1
71557 3654 3
71557 3671 4.5
71557 3683 3.5
71557 3897 3.5
71557 4034 3
71557 4187 3
71557 4226 4.5
71557 4326 5
71557 4327 3.5
71557 4359 2.5
71557 4855 3
71557 4886 3.5
71557 4973 4.5
71557 5008 4.5
71557 5060 3.5
71557 5187 4
71557 5989 0.5
71557 6183 0.5
71557 6331 4
71557 6461 4
71557 6533 0.5
71557 6539 4
71557 6639 4
71557 6662 1.5
71557 6724 3.5
71557 6870 4
71557 6970 3
71557 7027 5
71557 7076 4
71557 7215 3.5
71557 7216 3
71557 7560 3.5
71557 8337 4
71557 8404 3
71557 8636 3
71557 8798 3.5
71557 8958 5
71557 8961 3
71557 8970 1
71557 26085 4
71557 30707 3.5
71557 33660 4.5
71557 33794 1.5
71557 34338 4
71557 36517 4
71558 1 5
71558 4 3
71558 5 2
71558 11 5
71558 16 4
71558 19 3
71558 21 4
71558 22 3
71558 24 4
71558 25 5
71558 107 4
71558 110 5
71558 141 4
71558 144 4
71558 147 4
71558 150 4
71558 153 3
71558 166 3
71558 186 1
71558 219 4
71558 222 4
71558 224 4
71558 230 4
71558 252 2
71558 253 5
71558 261 5
71558 265 5
71558 266 4
71558 296 5
71558 317 4
71558 318 5
71558 337 4
71558 339 4
71558 342 5
71558 344 4
71558 348 4
71558 350 4
71558 355 3
71558 357 5
71558 364 5
71558 367 4
71558 370 3
71558 371 4
71558 374 2
71558 378 2
71558 380 3
71558 410 3
71558 412 4
71558 436 3
71558 440 5
71558 454 4
71558 466 3
71558 492 3
71558 497 5
71558 509 5
71558 515 4
71558 520 3
71558 527 5
71558 529 5
71558 531 4
71558 534 5
71558 539 5
71558 551 5
71558 580 4
71558 585 3
71558 586 3
71558 588 5
71558 590 5
71558 593 5
71558 595 5
71558 597 4
71558 608 5
71558 661 5
71558 671 5
71558 708 5
71558 719 2
71558 724 3
71558 736 1
71558 765 1
71558 783 4
71558 788 3
71558 802 4
71558 830 3
71558 832 4
71558 838 5
71558 892 4
71558 1021 2
71558 1042 4
71558 1064 4
71558 1094 4
71558 1136 5
71558 1177 4
71558 1188 5
71558 1190 4
71558 1193 4
71558 1204 5
71558 1213 5
71558 1243 5
71558 1265 5
71558 1279 4
71558 1353 3
71558 1357 5
71558 1358 5
71558 1367 5
71558 1377 3
71558 1391 4
71558 1396 4
71558 1411 5
71558 1441 3
71558 1453 3
71558 1480 4
71558 1485 4
71558 1500 5
71558 1517 5
71558 1541 3
71558 1566 5
71558 1569 4
71558 1580 4
71558 1629 4
71558 1665 4
71558 1672 5
71558 1678 4
71558 1680 4
71558 1721 1
71558 1730 4
71558 1777 3
71558 1863 2
71558 1881 3
71558 1883 5
71558 1907 5
71558 1918 3
71558 1923 3
71558 1955 5
71558 1960 5
71558 2004 2
71558 2012 3
71558 2052 3
71558 2053 3
71558 2092 4
71558 2112 4
71558 2124 3
71558 2125 4
71558 2249 4
71558 2253 3
71558 2268 4
71558 2289 5
71558 2291 5
71558 2294 5
71558 2302 5
71558 2321 5
71558 2336 5
71558 2355 5
71558 2396 5
71558 2424 4
71558 2427 4
71558 2501 5
71558 2539 4
71558 2566 3
71558 2598 3
71558 2683 5
71558 2687 5
71558 2690 4
71558 2770 5
71558 2858 5
71558 2953 3
71558 3045 4
71558 3060 5
71558 3072 4
71558 3100 4
71558 3107 3
71558 3108 5
71558 3114 5
71558 3157 4
71558 3175 5
71558 3243 2
71558 3247 4
71558 3248 3
71558 3252 3
71558 3254 4
71558 3255 5
71558 3258 3
71558 3261 3
71558 3418 4
71558 3476 3
71558 3614 4
71558 3649 4
71558 3668 4
71558 3671 4
71558 3675 4
71558 3684 4
71558 3685 4
71558 3686 3
71558 3688 1
71558 3697 3
71558 3698 3
71558 3699 4
71558 3702 4
71558 3704 3
71558 3705 2
71558 3707 3
71558 3708 2
71558 3711 2
71558 3712 3
71558 3715 3
71558 3716 3
71558 3723 4
71558 3733 4
71558 3735 5
71558 3740 3
71558 3771 2
71558 3791 3
71559 1 4
71559 50 5
71559 110 5
71559 246 5
71559 260 5
71559 281 4
71559 296 5
71559 300 4
71559 318 5
71559 344 5
71559 1086 4
71559 1089 5
71559 1090 4
71559 1091 3
71559 1101 4
71559 1193 5
71559 1196 5
71559 1197 4
71559 1200 4
71559 1208 4
71559 1213 5
71559 1214 4
71559 1220 5
71559 1240 5
71559 1242 5
71559 1245 4
71559 1250 3
71559 1259 4
71559 1266 4
71559 1270 5
71559 1276 5
71559 1288 4
71559 1302 5
71559 1307 4
71559 1358 5
71559 1378 4
71559 1387 5
71559 1394 5
71559 1573 3
71559 1625 4
71559 1663 5
71559 1673 4
71559 1704 5
71559 1721 5
71559 1729 4
71559 1784 4
71559 1840 3
71559 1914 3
71559 1923 4
71559 1954 5
71559 1961 4
71559 1968 4
71559 2000 4
71559 2003 2
71559 2011 3
71559 2100 4
71559 2134 5
71559 2136 4
71559 2137 4
71559 2144 4
71559 2174 3
71559 2302 4
71559 2321 4
71559 2329 5
71559 2371 5
71559 2372 3
71559 2405 4
71559 2406 4
71559 2423 4
71559 2457 4
71559 2478 4
71559 2501 4
71559 2541 3
71559 2571 4
71559 2686 5
71559 2716 5
71559 2739 4
71559 2762 4
71559 2770 4
71559 2791 4
71559 2795 5
71559 2797 4
71559 2836 2
71559 2861 2
71559 2881 3
71559 2915 4
71559 2918 5
71559 3039 4
71559 3104 4
71560 10 3
71560 14 3
71560 25 4
71560 26 1
71560 34 5
71560 39 4
71560 45 5
71560 55 5
71560 72 3
71560 83 3
71560 162 4
71560 165 3
71560 185 2
71560 208 1
71560 223 4
71560 231 1
71560 235 4
71560 246 4
71560 253 2
71560 260 5
71560 288 3
71560 292 3
71560 296 5
71560 300 3
71560 316 3
71560 318 4
71560 329 4
71560 334 4
71560 339 3
71560 341 3
71560 345 3
71560 349 3
71560 356 1
71560 357 4
71560 359 3
71560 373 4
71560 380 3
71560 410 4
71560 434 3
71560 457 4
71560 461 3
71560 477 4
71560 480 4
71560 496 4
71560 529 5
71560 532 3
71560 551 2
71560 562 4
71560 585 3
71560 588 5
71560 590 3
71560 592 3
71560 593 5
71560 595 5
71560 608 5
71560 640 2
71560 647 2
71560 648 3
71560 671 3
71560 673 5
71560 708 5
71560 709 2
71560 719 3
71560 728 4
71560 733 3
71560 736 3
71560 743 3
71560 766 3
71560 780 3
71560 783 5
71560 784 2
71560 786 4
71560 788 4
71560 800 5
71560 802 3
71560 804 3
71560 805 4
71560 818 4
71560 830 4
71560 838 5
71560 846 4
71560 852 4
71560 869 3
71560 877 4
71560 986 4
71560 988 4
71560 994 5
71560 1041 5
71560 1042 4
71560 1061 3
71560 1123 4
71561 32 4
71561 103 4
71561 165 5
71561 260 5
71561 526 2
71561 541 5
71561 589 5
71561 596 4
71561 608 3
71561 718 5
71561 1206 5
71561 1208 5
71561 1210 5
71561 1214 4
71561 1215 5
71561 1221 3
71561 1240 5
71561 1252 5
71561 1370 5
71561 1376 3
71561 1573 4
71561 1617 5
71561 2078 4
71561 2087 4
71561 2093 2
71561 2495 4
71561 2571 5
71561 2662 5
71561 2804 2
71561 2947 5
71561 3062 5
71562 2 3.5
71562 19 2
71562 39 3
71562 62 4
71562 110 4
71562 111 4.5
71562 150 4
71562 165 3
71562 208 2.5
71562 231 2
71562 457 4
71562 500 4
71562 524 4
71562 527 5
71562 529 4.5
71562 539 3.5
71562 541 4
71562 587 3
71562 589 3
71562 590 4.5
71562 608 4.5
71562 750 4.5
71562 780 4
71562 784 2
71562 802 4
71562 837 4
71562 852 4
71562 858 5
71562 898 4
71562 899 4
71562 902 4
71562 903 4.5
71562 904 5
71562 908 4.5
71562 909 4.5
71562 910 5
71562 912 5
71562 913 4.5
71562 914 4
71562 919 4.5
71562 920 4
71562 923 5
71562 924 4
71562 930 5
71562 933 4.5
71562 953 4.5
71562 954 4.5
71562 969 4.5
71562 1036 4
71562 1077 4
71562 1078 4.5
71562 1079 4.5
71562 1086 4.5
71562 1090 4
71562 1097 4
71562 1101 4
71562 1103 4
71562 1104 4.5
71562 1124 4.5
71562 1125 4.5
71562 1135 2
71562 1136 4.5
71562 1193 5
71562 1196 4.5
71562 1197 4.5
71562 1198 4.5
71562 1199 4
71562 1200 4.5
71562 1201 4
71562 1203 4.5
71562 1204 5
71562 1206 4.5
71562 1207 5
71562 1208 4.5
71562 1210 4.5
71562 1212 4.5
71562 1214 4
71562 1219 4.5
71562 1220 3.5
71562 1221 4.5
71562 1225 4.5
71562 1230 4.5
71562 1233 4
71562 1234 4.5
71562 1235 4
71562 1237 5
71562 1242 4.5
71562 1244 4
71562 1246 4
71562 1247 5
71562 1248 4.5
71562 1250 5
71562 1252 4.5
71562 1253 4
71562 1256 4.5
71562 1258 4
71562 1259 4.5
71562 1263 4.5
71562 1265 4
71562 1266 4.5
71562 1267 4
71562 1269 4.5
71562 1271 4
71562 1272 4.5
71562 1276 5
71562 1278 4.5
71562 1282 4.5
71562 1283 5
71562 1284 4.5
71562 1287 4.5
71562 1291 4
71562 1292 4
71562 1296 4
71562 1299 4.5
71562 1302 4
71562 1304 5
71562 1307 4.5
71562 1333 4.5
71562 1358 4
71562 1370 3.5
71562 1387 4.5
71562 1394 3.5
71562 1396 4
71562 1408 3.5
71562 1485 2.5
71562 1499 2
71562 1500 4
71562 1552 2.5
71562 1573 2
71562 1580 4
71562 1588 2.5
71562 1610 4
71562 1663 3.5
71562 1674 4
71562 1704 4.5
71562 1721 4
71562 1732 4.5
71562 1747 3.5
71562 1784 4
71562 1792 3
71562 1831 3
71562 1945 5
71562 1947 4.5
71562 1950 4.5
71562 1952 4.5
71562 1953 4.5
71562 1954 4
71562 1955 4
71562 1958 2.5
71562 1959 4
71562 1961 4.5
71562 1962 4
71562 1963 4.5
71562 1968 4
71562 1982 4
71562 1997 4.5
71562 2000 4
71562 2013 3
71562 2028 4.5
71562 2100 4
71562 2105 4
71562 2109 3.5
71562 2115 4
71562 2150 4.5
71562 2174 4
71562 2180 4
71562 2181 4
71562 2183 4
71562 2184 4.5
71562 2186 4.5
71562 2203 4
71562 2206 4
71562 2243 3.5
71562 2245 3.5
71562 2268 4
71562 2291 4
71562 2321 3.5
71562 2329 4.5
71562 2340 2.5
71562 2352 4
71562 2366 4.5
71562 2371 3
71562 2406 3.5
71562 2407 4
71562 2413 4
71562 2431 4
71562 2469 3.5
71562 2470 4
71562 2474 4.5
71562 2529 4
71562 2565 4.5
71562 2571 4.5
71562 2628 4
71562 2686 4.5
71562 2701 2
71562 2716 4.5
71562 2717 3
71562 2720 2
71562 2739 4
71562 2761 4.5
71562 2762 4
71562 2791 4
71562 2797 4
71562 2803 3.5
71562 2857 4
71562 2871 4.5
71562 2915 4
71562 2918 4.5
71562 2947 4.5
71562 2948 3.5
71562 2987 4
71562 3037 4.5
71562 3039 4
71562 3072 4
71562 3088 4.5
71562 3095 4.5
71562 3098 4
71562 3100 4
71562 3101 3.5
71562 3105 4
71562 3108 4
71562 3146 0.5
71562 3147 3.5
71562 3168 4
71562 3175 4.5
71562 3196 4.5
71562 3198 4
71562 3210 3.5
71562 3246 4
71562 3252 3
71562 3256 3.5
71562 3359 4.5
71562 3360 4
71562 3361 3.5
71562 3362 4
71562 3363 4.5
71562 3368 5
71562 3408 4
71562 3418 4
71562 3421 4.5
71562 3435 4
71562 3448 4.5
71562 3462 5
71562 3468 4.5
71562 3469 4.5
71562 3471 4
71562 3499 3.5
71562 3504 4
71562 3507 4.5
71562 3508 4
71562 3551 4.5
71562 3552 4
71562 3578 4
71562 3623 3.5
71562 3654 4.5
71562 3671 3.5
71562 3698 2.5
71562 3702 4
71562 3704 3.5
71562 3730 4
71562 3735 4.5
71562 3752 1.5
71562 3793 3.5
71562 3827 3
71562 3861 2.5
71562 3916 4
71562 3977 1.5
71562 3978 4
71562 4002 4
71562 4007 4
71562 4014 4.5
71562 4022 4
71562 4027 4
71562 4085 4
71562 4148 4
71562 4246 2.5
71562 4306 4
71562 4321 4
71562 4326 4
71562 4327 5
71562 4333 4
71562 4361 4
71562 4367 2.5
71562 4370 3.5
71562 4406 4.5
71562 4467 4
71562 4499 3.5
71562 4623 3.5
71562 4643 3
71562 4679 3.5
71562 4798 5
71562 4816 2
71562 4896 4
71562 4993 5
71562 4995 4
71562 5008 4.5
71562 5049 3.5
71562 5060 4.5
71562 5291 4.5
71562 5299 4
71562 5349 4
71562 5378 4
71562 5418 4
71562 5435 4.5
71562 5502 4.5
71562 5693 3
71562 5747 4
71562 5816 4
71562 5952 5
71562 6218 4
71562 6287 2.5
71562 6297 4
71562 6373 3
71562 6378 3.5
71562 6385 4
71562 6662 4
71562 6777 4.5
71562 6787 4.5
71562 6863 4.5
71562 6874 3.5
71562 6934 3.5
71562 6944 3
71562 6979 4
71562 6993 4
71562 7070 5
71562 7084 5
71562 7091 4.5
71562 7121 4.5
71562 7132 5
71562 7143 3
71562 7151 4
71562 7153 5
71562 7218 4.5
71562 7325 2.5
71562 7373 4
71562 7386 4
71562 7438 4
71562 7706 4.5
71562 7840 4.5
71562 8094 4.5
71562 8132 4
71562 8228 4.5
71562 8337 4.5
71562 8340 3.5
71562 8361 3
71562 8368 4
71562 8376 4
71562 8542 4.5
71562 8623 4
71562 8633 4
71562 8636 4
71562 8644 3
71562 8744 4
71562 8880 3.5
71562 8949 4
71562 8970 4.5
71562 8972 3
71562 31528 4.5
71562 33493 4
71562 39292 4
71562 40815 4.5
71562 45447 3.5
71562 46578 4
71562 48322 0.5
71562 48394 4
71562 54001 4
71562 55269 4
71562 55820 4.5
71562 56782 4.5
71562 64969 1
71563 145 4.5
71563 196 0.5
71563 293 4
71563 356 4
71563 527 4
71563 733 3.5
71563 780 2
71563 1088 3
71563 1092 4.5
71563 1320 0.5
71563 3448 3.5
71563 3753 4
71563 3977 2.5
71563 4383 4.5
71563 4901 4.5
71563 4993 4
71563 4995 4
71563 5418 5
71563 5445 3
71563 5952 4
71563 5989 4
71563 6377 4
71563 6539 3.5
71563 6874 5
71563 7438 5
71563 8644 3
71563 8665 5
71563 27689 3.5
71563 33679 3.5
71563 33794 4
71563 40583 4
71563 44199 4.5
71563 47044 4.5
71564 3 2.5
71564 19 1.5
71564 62 4
71564 104 2
71564 217 2.5
71564 231 3
71564 235 1
71564 260 4
71564 288 3
71564 315 4
71564 653 1
71564 678 4
71564 778 3.5
71564 781 1.5
71564 788 3.5
71564 805 2.5
71564 1079 3.5
71564 1100 1.5
71564 1183 3
71564 1208 4
71564 1220 3.5
71564 1240 3
71564 1247 4
71564 1265 4.5
71564 1270 4
71564 1291 3.5
71564 1302 3
71564 1304 3
71564 1391 2.5
71564 1393 3
71564 1394 4.5
71564 1517 3.5
71564 1527 3
71564 1584 2
71564 1610 2.5
71564 1641 2.5
71564 1784 3
71564 1918 3
71564 2001 3
71564 2058 3
71564 2146 3
71564 2259 3
71564 2268 3.5
71564 2302 1.5
71564 2316 2
71564 2355 4
71564 2420 2
71564 2433 3
71564 2717 2
71564 2779 3
71564 2858 4.5
71564 2959 4
71564 2987 1
71564 2990 2.5
71564 2997 4.5
71564 3114 4
71564 3147 3.5
71564 3174 1.5
71564 3219 3
71564 3254 3
71564 3354 1.5
71564 3408 3
71564 3418 2.5
71564 3471 3.5
71564 3535 2.5
71564 3566 2.5
71564 3649 2.5
71564 3671 3.5
71564 3690 2
71564 3879 3
71564 4018 3.5
71564 4321 4
71564 4372 3
71564 4571 2.5
71564 4880 3
71564 5010 3.5
71564 5418 4
71564 5445 3.5
71564 5459 2.5
71564 5872 3
71564 5945 1
71564 6218 3.5
71564 6333 3
71564 6537 3
71564 6539 4
71564 6636 3.5
71564 6796 3.5
71564 6807 5
71564 7193 4
71564 7257 2.5
71564 7325 3.5
71564 8528 2.5
71564 8596 3
71564 8622 4.5
71564 8636 3
71565 6 3
71565 21 3
71565 34 5
71565 73 5
71565 110 4
71565 111 4
71565 246 4
71565 260 4
71565 265 4
71565 318 4
71565 903 3
71565 908 4
71565 910 4
71565 912 4
71565 923 5
71565 924 5
71565 1027 3
71565 1077 3
71565 1080 5
71565 1095 4
71565 1104 5
71565 1125 4
71565 1178 5
71565 1193 4
71565 1196 4
71565 1198 4
71565 1204 4
71565 1206 4
71565 1207 4
71565 1214 5
71565 1221 5
71565 1224 5
71565 1225 5
71565 1228 4
71565 1230 5
71565 1233 4
71565 1234 5
71565 1237 5
71565 1244 4
71565 1247 4
71565 1250 4
71565 1251 4
71565 1252 5
71565 1258 4
71565 1267 3
71565 1270 4
71565 1278 5
71565 1280 3
71565 1303 4
71565 1304 5
71565 1358 2
71565 1371 2
71565 1372 4
71565 1380 3
71565 1387 4
71565 1394 4
71565 1408 4
71565 1419 4
71565 1547 3
71565 1580 4
71565 1610 5
71565 1617 4
71565 1941 4
71565 1945 5
71565 1959 3
71565 1964 4
71565 2009 4
71565 2013 4
71565 2020 3
71565 2023 5
71565 2028 5
71565 2034 2
71565 2058 4
71565 2132 4
71565 2147 3
71565 2167 1
71565 2336 4
71565 2346 3
71565 2369 4
71565 2394 3
71565 2396 5
71565 2427 2
71565 2495 3
71565 2526 2
71565 2527 3
71565 2528 4
71565 2530 3
71565 2531 4
71565 2532 4
71565 2533 4
71565 2572 5
71565 2622 4
71565 2628 4
71565 2640 4
71565 2660 3
71565 2683 1
71565 2701 3
71565 2710 3
71565 2734 3
71565 2761 3
71565 2779 3
71565 2788 5
71565 2851 3
71565 2987 3
71565 2997 4
71565 3032 3
71565 3037 4
71565 3090 3
71565 3098 4
71565 3099 4
71565 3114 4
71565 3147 4
71565 3159 5
71565 3174 4
71565 3175 4
71565 3244 4
71565 3256 3
71565 3362 4
71565 3363 5
71565 3421 4
71565 3447 4
71565 3461 4
71565 3468 5
71565 3471 4
71565 3504 4
71565 3516 3
71565 3671 5
71565 3702 3
71565 3742 3
71565 3751 4
71565 3789 4
71565 3808 4
71565 3811 4
71565 3812 4
71565 5060 4
71566 1 5
71566 17 4
71566 22 4
71566 25 4
71566 32 4
71566 34 4
71566 36 5
71566 50 4
71566 58 4
71566 62 3
71566 208 4
71566 222 3
71566 224 3
71566 232 4
71566 235 5
71566 236 4
71566 252 4
71566 253 4
71566 265 5
71566 273 3
71566 296 5
71566 300 5
71566 305 3
71566 316 3
71566 317 3
71566 318 4
71566 329 3
71566 339 4
71566 342 4
71566 348 4
71566 349 3
71566 380 4
71566 381 4
71566 434 3
71566 581 4
71566 588 4
71566 590 4
71566 592 4
71566 595 5
71567 32 3
71567 110 5
71567 196 4
71567 256 3
71567 260 5
71567 316 4
71567 442 2
71567 480 4
71567 589 4
71567 780 4
71567 1320 4
71567 1356 5
71567 1391 4
71567 1396 3
71567 1407 2
71567 1527 5
71567 1580 3
71567 1584 3
71567 1598 2
71567 1690 3
71567 1717 1
71567 1721 4
71567 1748 3
71567 1769 3
71567 1792 2
71567 1805 4
71567 1833 3
71567 1876 3
71567 1909 2
71567 1917 4
71567 1920 4
71567 1982 1
71567 1983 1
71567 1984 1
71567 1985 1
71567 1986 1
71567 2012 3
71567 2028 5
71567 2107 1
71567 2126 2
71567 2294 5
71567 2338 2
71567 2384 2
