0	145	4640	0	0
1	145	4640	1	145
2	145	4640	2	290
3	145	4640	3	435
4	145	4640	4	580
5	145	4640	5	725
6	145	4640	6	870
7	145	4640	7	1015
8	145	4640	8	1160
9	145	4640	9	1305
10	145	4640	10	1450
11	145	4640	11	1595
12	145	4640	12	1740
13	145	4640	13	1885
14	145	4640	14	2030
15	145	4640	15	2175
16	145	4640	16	2320
17	145	4640	17	2465
18	145	4640	18	2610
19	145	4640	19	2755
20	145	4640	20	2900
21	145	4640	21	3045
22	145	4640	22	3190
23	145	4640	23	3335
24	145	4640	24	3480
25	145	4640	25	3625
26	145	4640	26	3770
27	145	4640	27	3915
28	145	4640	28	4060
29	145	4640	29	4205
30	145	4640	30	4350
31	145	4640	31	4495
