1,-68,96,32,16,44,5,46,-92,-87,35,75,-53,-91,78,-96,64,-81,-15,76,1,
-9,-25,-71,25,-80,97,74,37,64,60,-36,4,-39,-80,100,-48,-94,10,-49,-30,-1,
-8,-71,95,29,14,39,12,45,-93,-89,37,74,-51,-94,73,-96,65,-81,-16,77,1,
-14,-19,-75,25,-79,97,81,36,69,58,-32,9,-36,-74,100,-43,-96,8,-45,-28,-1,
-7,-67,96,22,13,39,9,46,-94,-91,40,79,-55,-95,74,-98,59,-83,-18,74,1,
-9,-67,97,28,18,39,9,51,-93,-87,40,79,-52,-93,74,-94,70,-82,-15,79,1,
-3,-68,94,27,12,40,6,46,-93,-90,30,77,-56,-94,76,-98,62,-83,-18,75,1,
-2,-72,91,25,13,38,9,46,-97,-88,36,74,-54,-100,73,-98,67,-81,-18,73,1,
-12,-25,-72,23,-82,94,76,36,66,61,-33,6,-41,-74,98,-53,-92,11,-43,-28,-1,
-2,-69,91,30,14,46,9,47,-93,-89,38,74,-50,-95,75,-92,63,-81,-15,83,1,
-9,-23,-73,26,-79,94,77,40,64,59,-34,3,-43,-77,95,-49,-92,12,-45,-30,-1,
-5,-67,96,28,17,37,13,47,-93,-82,38,79,-52,-97,77,-93,65,-81,-16,77,1,
-9,-69,101,25,20,41,9,51,-94,-88,39,79,-52,-91,72,-97,69,-82,-14,81,1,
-5,-69,92,26,16,37,7,49,-94,-90,38,78,-56,-95,73,-95,60,-83,-17,81,1,
-5,-73,97,29,14,42,11,43,-94,-89,34,70,-52,-99,78,-97,68,-82,-18,79,1,
-11,-22,-70,21,-84,98,80,34,67,61,-34,5,-36,-77,104,-46,-95,10,-48,-29,-1,
0,-72,92,29,14,37,7,51,-92,-87,38,80,-53,-97,73,-95,63,-80,-18,79,1,
-11,-23,-72,20,-81,98,76,30,69,62,-33,8,-36,-76,103,-49,-93,9,-49,-29,-1,
-5,-69,95,26,14,43,7,42,-95,-93,35,71,-55,-96,72,-96,60,-85,-18,76,1,
2,-68,98,33,17,41,6,49,-91,-86,39,76,-52,-92,77,-93,66,-79,-14,75,1,
-3,-68,97,27,15,42,12,44,-93,-91,37,76,-53,-95,75,-97,64,-82,-15,73,1,
-13,-26,-70,22,-81,98,78,30,68,61,-31,6,-40,-76,100,-43,-93,9,-42,-30,-1,
-14,-21,-73,23,-80,96,80,32,67,59,-35,3,-39,-80,102,-47,-96,10,-47,-30,-1,
0,-71,99,26,16,42,11,45,-94,-92,38,74,-51,-95,77,-98,69,-82,-16,73,1,
-1,-71,95,27,16,39,8,48,-92,-91,38,75,-54,-93,70,-95,64,-81,-16,81,1,
-13,-26,-76,19,-85,93,71,38,66,60,-38,7,-44,-77,95,-52,-96,9,-49,-32,-1,
-9,-65,98,25,16,38,14,47,-92,-85,37,78,-51,-93,74,-94,61,-81,-13,78,1,
-5,-23,-69,21,-83,102,79,38,68,64,-35,8,-38,-75,101,-45,-94,12,-43,-28,-1,
-3,-69,95,30,13,41,9,46,-93,-92,39,72,-55,-94,77,-96,60,-81,-15,78,1,
-3,-69,98,29,17,40,7,47,-94,-88,43,78,-54,-95,74,-94,63,-80,-12,81,1,
-18,-26,-72,23,-83,96,79,33,66,59,-33,5,-39,-77,102,-50,-95,10,-48,-28,-1,
-10,-26,-72,22,-83,96,78,33,66,59,-35,5,-40,-79,104,-50,-94,10,-46,-31,-1,
-3,-68,98,25,16,41,7,44,-92,-88,37,77,-54,-97,77,-98,61,-82,-15,79,1,
-12,-26,-67,23,-83,95,77,30,65,61,-38,5,-45,-77,96,-47,-91,12,-49,-30,-1,
-11,-22,-70,21,-83,95,77,33,67,59,-37,9,-42,-78,100,-51,-92,10,-48,-29,-1,
-12,-22,-70,19,-82,96,78,35,67,58,-33,6,-42,-76,105,-47,-91,12,-47,-29,-1,
-15,-23,-73,21,-82,93,76,33,65,57,-37,7,-44,-78,98,-50,-92,9,-47,-29,-1,
0,-69,95,25,15,39,6,48,-95,-90,41,75,-54,-96,72,-95,59,-82,-19,76,1,
-15,-23,-75,19,-84,98,77,35,67,58,-32,5,-41,-78,100,-46,-97,11,-45,-28,-1,
-2,-72,95,29,15,39,10,46,-94,-87,36,73,-53,-94,71,-97,58,-80,-18,78,1,
-9,-32,-74,20,-85,96,77,32,66,58,-35,4,-42,-78,98,-46,-96,10,-45,-31,-1,
-9,-24,-74,22,-82,98,80,33,68,60,-37,8,-37,-76,97,-46,-92,8,-47,-28,-1,
-9,-21,-72,20,-85,98,76,34,68,58,-33,8,-41,-73,100,-48,-89,10,-42,-29,-1,
-5,-67,93,28,13,40,9,45,-94,-89,35,76,-55,-94,74,-94,62,-83,-18,76,1,
-6,-70,90,26,14,41,7,47,-94,-88,40,74,-51,-96,73,-95,63,-80,-15,82,1,
-4,-72,98,20,16,40,9,45,-95,-90,36,76,-55,-98,75,-98,61,-84,-16,75,1,
-4,-70,96,29,13,42,11,47,-93,-84,39,76,-54,-95,79,-95,64,-80,-16,80,1,
-14,-20,-72,17,-80,96,75,33,69,62,-36,10,-43,-73,94,-44,-96,9,-46,-29,-1,
-13,-22,-75,25,-73,94,80,32,66,61,-35,6,-40,-77,100,-45,-94,9,-50,-29,-1,
-5,-26,-68,22,-84,97,77,37,65,59,-32,5,-39,-75,99,-48,-95,12,-49,-29,-1,
-4,-69,92,31,12,42,6,44,-91,-89,35,72,-49,-94,73,-94,64,-81,-19,79,1,
-16,-26,-71,19,-84,99,75,36,67,61,-35,6,-41,-79,100,-49,-94,11,-44,-30,-1,
-4,-65,94,29,14,41,3,48,-90,-84,37,78,-51,-93,79,-95,63,-81,-14,73,1,
-3,-72,100,27,16,41,9,50,-92,-86,38,78,-52,-92,76,-94,65,-80,-16,84,1,
-6,-25,-80,24,-82,96,80,36,65,58,-37,6,-42,-75,96,-49,-96,10,-46,-29,-1,
-19,-21,-77,22,-82,95,83,34,66,57,-34,6,-40,-76,99,-50,-96,7,-47,-30,-1,
-4,-70,96,30,15,43,9,46,-96,-89,38,70,-55,-91,72,-95,64,-81,-15,79,1,
-10,-22,-67,19,-84,98,77,26,68,60,-33,8,-43,-73,104,-43,-92,11,-43,-29,-1,
-13,-22,-77,23,-81,96,80,36,68,58,-33,5,-39,-80,99,-48,-93,10,-45,-31,-1,
-14,-22,-77,21,-79,96,74,32,69,57,-36,6,-37,-81,95,-47,-94,5,-46,-30,-1,
-5,-73,93,27,17,43,11,47,-90,-93,41,76,-52,-91,74,-96,70,-82,-13,81,1,
-1,-71,94,30,16,44,8,48,-92,-85,40,79,-52,-95,77,-95,70,-79,-11,79,1,
1,-66,96,30,16,41,9,49,-91,-84,40,78,-52,-94,78,-92,62,-80,-16,80,1,
-3,-69,93,27,15,42,4,47,-93,-92,36,75,-51,-96,73,-94,61,-81,-15,79,1,
-4,-67,95,30,15,40,15,45,-93,-85,39,77,-52,-94,77,-95,69,-80,-14,76,1,
-4,-67,97,30,17,41,13,47,-93,-85,32,78,-51,-95,76,-95,64,-82,-14,78,1,
-8,-25,-70,16,-83,95,77,35,66,58,-35,5,-39,-75,99,-47,-93,10,-47,-27,-1,
1,-72,95,27,17,43,4,49,-90,-91,35,78,-53,-93,73,-96,63,-81,-14,79,1,
-8,-30,-72,27,-84,96,81,38,65,63,-36,8,-43,-76,99,-46,-92,12,-44,-30,-1,
-4,-67,94,34,13,43,12,45,-92,-86,40,76,-53,-92,77,-94,63,-80,-15,77,1,
-10,-24,-72,22,-81,94,74,33,67,61,-34,6,-41,-75,100,-46,-98,11,-48,-31,-1,
-2,-67,97,28,11,41,9,45,-92,-89,40,74,-51,-93,75,-95,62,-78,-16,78,1,
-8,-21,-71,26,-80,98,82,35,66,61,-34,6,-42,-72,100,-44,-91,10,-44,-29,-1,
-2,-69,98,32,18,41,11,49,-93,-85,40,82,-54,-92,76,-94,68,-79,-12,77,1,
-9,-20,-68,20,-83,96,79,38,66,57,-32,5,-46,-73,100,-44,-90,13,-44,-29,-1,
-4,-69,94,31,16,38,13,48,-93,-88,38,75,-51,-91,71,-93,60,-79,-17,81,1,
-7,-67,95,28,14,40,10,47,-92,-87,38,76,-51,-94,76,-96,69,-81,-17,80,1,
-2,-66,99,30,18,43,9,46,-91,-90,38,75,-54,-92,76,-95,68,-82,-13,78,1,
-7,-26,-73,25,-83,98,79,33,65,61,-36,4,-44,-73,96,-50,-94,14,-47,-30,-1,
0,-69,97,26,15,43,13,48,-93,-86,42,75,-54,-93,73,-93,59,-80,-15,82,1,
1,-70,95,30,17,41,11,50,-91,-84,42,77,-53,-93,76,-95,68,-79,-12,83,1,
-15,-25,-71,26,-85,95,83,32,65,60,-33,4,-43,-75,99,-52,-95,13,-46,-28,-1,
-1,-72,92,26,15,42,7,46,-94,-90,40,77,-54,-96,72,-97,67,-81,-15,74,1,
-6,-70,93,24,17,37,9,46,-94,-91,37,74,-54,-98,72,-95,60,-83,-17,80,1,
-10,-23,-73,18,-82,97,71,34,69,59,-31,4,-40,-73,93,-48,-96,12,-46,-30,-1,
0,-70,97,29,19,41,12,46,-91,-87,41,74,-52,-92,72,-92,65,-80,-14,77,1,
-12,-27,-75,24,-82,95,79,34,64,60,-39,6,-39,-80,99,-52,-90,9,-48,-27,-1,
0,-71,91,31,16,41,6,46,-92,-91,37,74,-54,-94,72,-95,58,-82,-16,79,1,
-13,-22,-74,24,-82,96,81,34,67,60,-33,6,-37,-78,100,-52,-91,7,-44,-30,-1,
-14,-24,-69,19,-82,99,78,31,69,57,-28,4,-38,-77,102,-47,-91,9,-42,-30,-1,
-11,-27,-73,22,-82,93,79,35,67,58,-37,8,-44,-79,96,-45,-92,10,-47,-30,-1,
-11,-27,-73,20,-84,98,81,32,66,59,-32,4,-40,-74,102,-49,-90,9,-47,-30,-1,
-4,-69,95,29,17,43,14,47,-92,-83,40,79,-55,-94,79,-95,64,-83,-15,78,1,
-15,-19,-72,24,-80,96,76,36,67,61,-35,5,-41,-75,96,-46,-92,9,-46,-31,-1,
-10,-21,-69,18,-81,94,75,31,66,60,-36,4,-41,-76,97,-52,-92,9,-48,-31,-1,
-5,-67,98,29,15,39,8,47,-92,-89,37,76,-54,-94,77,-95,65,-83,-18,74,1,
-1,-70,96,29,17,41,6,48,-92,-88,38,76,-54,-94,76,-96,67,-82,-19,83,1,
-4,-71,101,29,16,38,9,47,-96,-90,37,77,-55,-95,74,-98,64,-81,-17,71,1,
-2,-70,96,30,15,39,9,47,-92,-87,42,74,-54,-94,74,-95,57,-81,-17,81,1,
-14,-24,-71,23,-81,94,74,34,65,59,-36,3,-46,-79,98,-48,-94,12,-45,-31,-1,
2,-69,99,31,14,43,13,45,-92,-86,39,74,-51,-94,76,-94,66,-79,-14,76,1,
-6,-26,-72,17,-83,97,76,37,68,58,-32,8,-40,-73,102,-49,-92,12,-46,-28,-1,
-10,-66,90,23,13,38,13,46,-96,-87,34,77,-51,-98,72,-98,63,-82,-17,74,1,
-3,-68,99,25,17,40,10,49,-94,-84,38,79,-55,-92,72,-94,63,-81,-15,77,1,
-13,-23,-73,22,-81,96,76,33,68,57,-32,5,-37,-76,96,-41,-100,10,-47,-28,-1,
-1,-70,96,33,13,42,10,45,-91,-89,42,77,-54,-92,77,-95,60,-80,-14,76,1,
-5,-69,95,29,12,40,11,47,-95,-90,45,75,-51,-95,73,-94,65,-80,-15,76,1,
-8,-69,92,28,13,41,7,47,-92,-89,35,79,-54,-95,76,-97,66,-83,-17,77,1,
-9,-25,-73,21,-83,98,78,37,66,61,-35,6,-40,-78,100,-52,-91,10,-45,-30,-1,
-12,-24,-70,24,-84,98,81,36,67,59,-35,5,-40,-75,96,-47,-95,10,-46,-30,-1,
-5,-69,96,26,13,40,4,47,-95,-88,40,75,-56,-94,74,-95,65,-80,-18,78,1,
-2,-69,97,28,13,42,10,46,-92,-88,39,74,-52,-95,75,-94,63,-81,-17,80,1,
-8,-70,95,27,14,39,12,44,-95,-86,34,76,-53,-98,77,-97,64,-82,-15,77,1,
-6,-67,96,28,15,38,9,47,-94,-89,39,72,-54,-92,71,-94,64,-81,-17,79,1,
-5,-68,92,28,16,39,13,47,-95,-93,38,82,-52,-95,73,-93,63,-79,-13,80,1,
-1,-70,97,26,17,40,9,49,-96,-88,36,76,-51,-94,72,-96,65,-79,-14,80,1,
1,-70,96,28,16,45,13,46,-91,-90,44,74,-54,-92,76,-94,61,-82,-12,76,1,
-14,-22,-70,18,-83,97,80,35,68,61,-33,9,-41,-77,100,-46,-91,9,-43,-29,-1,
-18,-20,-75,20,-83,95,77,36,67,62,-38,6,-40,-76,95,-49,-96,10,-48,-28,-1,
-2,-73,95,28,16,41,9,48,-95,-91,39,75,-53,-95,72,-96,66,-79,-15,80,1,
-13,-22,-71,19,-81,94,79,36,67,59,-34,6,-44,-76,103,-49,-91,11,-46,-30,-1,
-13,-20,-70,20,-82,99,82,36,67,61,-33,6,-40,-74,100,-46,-95,9,-41,-29,-1,
-20,-26,-72,19,-84,94,75,32,64,57,-35,6,-43,-79,102,-50,-91,8,-49,-30,-1,
-6,-69,90,29,10,38,6,47,-96,-90,40,74,-54,-96,71,-95,56,-80,-17,75,1,
2,-67,93,29,17,45,13,44,-94,-84,32,77,-53,-95,75,-99,59,-81,-12,75,1,
-9,-21,-66,25,-81,97,82,32,67,64,-33,7,-38,-73,102,-42,-94,11,-44,-28,-1,
-13,-29,-73,18,-88,96,71,37,65,58,-39,6,-42,-79,97,-47,-97,9,-49,-30,-1,
-10,-25,-70,17,-81,95,75,35,65,60,-34,7,-42,-76,101,-51,-91,9,-47,-27,-1,
-16,-20,-77,20,-84,98,72,34,67,60,-37,5,-39,-79,99,-52,-97,11,-48,-29,-1,
-3,-70,92,30,14,41,9,47,-94,-91,44,76,-52,-94,73,-95,59,-78,-11,72,1,
-17,-27,-75,20,-86,98,80,38,66,61,-33,0,-39,-76,99,-50,-98,11,-47,-32,-1,
1,-69,95,31,16,42,7,46,-92,-91,35,73,-53,-91,74,-97,62,-81,-16,78,1,
-15,-22,-72,21,-85,94,77,30,66,57,-31,5,-42,-72,99,-52,-90,10,-48,-28,-1,
-13,-20,-72,20,-83,99,79,31,68,64,-35,11,-39,-75,101,-49,-94,9,-42,-27,-1,
-5,-71,98,27,14,42,6,47,-93,-88,36,77,-51,-96,75,-99,63,-82,-16,79,1,
-11,-19,-74,26,-81,95,76,37,68,59,-33,7,-40,-78,99,-48,-91,9,-44,-30,-1,
-3,-71,99,27,18,38,2,48,-92,-93,39,75,-56,-93,73,-95,67,-82,-18,80,1,
-13,-27,-70,17,-84,95,80,30,66,58,-33,7,-43,-77,94,-48,-93,7,-43,-30,-1,
-5,-19,-74,23,-78,99,81,34,68,64,-35,9,-42,-74,97,-47,-90,11,-37,-26,-1,
0,-73,89,26,13,44,2,45,-96,-90,40,77,-56,-94,71,-95,61,-82,-15,73,1,
-12,-22,-74,19,-86,96,77,34,67,59,-34,7,-41,-75,100,-53,-96,10,-47,-31,-1,
-1,-69,100,28,19,41,11,49,-94,-89,37,78,-54,-94,75,-97,57,-82,-14,76,1,
-7,-69,93,27,17,39,6,48,-92,-86,36,72,-57,-95,77,-96,65,-83,-15,80,1,
-6,-68,97,26,15,41,3,47,-96,-86,38,77,-53,-96,72,-97,64,-81,-16,75,1,
-6,-26,-75,22,-82,100,79,34,66,63,-35,8,-43,-74,98,-45,-95,10,-41,-30,-1,
-7,-68,94,30,13,40,6,45,-92,-89,34,77,-52,-95,78,-95,59,-81,-17,78,1,
-1,-71,97,31,13,41,6,45,-93,-87,40,74,-53,-93,77,-95,63,-79,-16,76,1,
-14,-24,-73,22,-81,93,77,32,67,57,-33,8,-38,-80,103,-47,-92,7,-48,-30,-1,
-12,-26,-71,19,-80,96,79,32,68,61,-34,8,-39,-77,101,-46,-94,7,-44,-29,-1,
0,-70,97,28,17,43,6,47,-92,-90,38,79,-52,-93,74,-96,68,-80,-14,78,1,
-7,-70,95,25,15,43,11,46,-94,-90,39,76,-51,-93,72,-96,61,-82,-17,77,1,
-16,-26,-76,19,-83,92,75,28,65,58,-38,5,-44,-80,98,-47,-99,8,-50,-32,-1,
-14,-28,-77,26,-81,95,74,30,67,59,-36,9,-41,-79,98,-49,-91,9,-46,-29,-1,
0,-70,95,28,14,39,11,46,-93,-92,44,74,-54,-95,75,-95,66,-78,-13,80,1,
-13,-19,-73,22,-84,99,77,34,71,58,-31,7,-37,-75,99,-48,-94,11,-45,-28,-1,
-4,-72,95,27,11,39,8,48,-97,-84,41,79,-50,-96,69,-93,60,-80,-18,73,1,
-3,-69,99,26,14,45,6,49,-93,-86,42,76,-51,-92,76,-95,63,-80,-14,78,1,
-10,-27,-73,25,-86,95,77,36,66,58,-33,6,-39,-75,100,-47,-90,11,-47,-28,-1,
0,-69,94,30,18,42,7,48,-90,-86,37,75,-51,-93,76,-94,63,-81,-15,80,1,
-3,-68,98,32,17,40,9,50,-91,-85,41,77,-52,-91,76,-94,69,-80,-16,83,1,
-13,-28,-68,24,-86,95,80,36,63,59,-36,7,-46,-76,102,-45,-90,11,-47,-28,-1,
4,-70,93,32,14,46,12,47,-90,-90,42,70,-50,-92,75,-93,65,-80,-15,78,1,
-15,-23,-71,26,-85,96,77,36,64,62,-38,3,-41,-77,98,-50,-95,10,-50,-32,-1,
-1,-69,97,28,17,38,7,45,-93,-89,36,75,-54,-96,72,-96,60,-82,-17,76,1,
-14,-26,-71,23,-87,98,75,34,66,59,-36,6,-41,-77,99,-45,-92,10,-45,-29,-1,
-8,-23,-73,23,-82,98,75,41,66,60,-36,10,-40,-75,100,-44,-94,11,-46,-26,-1,
-1,-70,94,29,12,39,6,48,-93,-88,40,78,-57,-94,74,-95,62,-82,-20,76,1,
-5,-69,94,29,15,38,12,45,-95,-87,31,76,-54,-96,72,-96,63,-81,-17,80,1,
-13,-25,-69,17,-77,95,77,34,67,62,-33,4,-41,-77,100,-51,-89,11,-47,-29,-1,
-2,-70,98,30,16,41,10,48,-93,-87,43,75,-51,-94,75,-95,68,-79,-13,77,1,
-9,-25,-73,27,-83,97,76,37,67,61,-30,4,-38,-75,102,-50,-94,12,-46,-31,-1,
1,-73,94,28,16,41,8,48,-92,-87,38,73,-53,-96,74,-96,60,-81,-16,82,1,
-15,-23,-72,23,-85,95,80,36,66,59,-36,6,-37,-76,100,-49,-91,10,-48,-26,-1,
-7,-65,94,28,16,41,8,49,-93,-86,41,80,-50,-94,75,-94,67,-80,-15,82,1,
-12,-22,-71,17,-78,98,75,35,68,61,-31,7,-40,-76,104,-46,-93,11,-45,-27,-1,
-11,-20,-71,25,-82,97,80,34,66,60,-37,8,-44,-74,96,-48,-93,12,-45,-29,-1,
-1,-71,93,30,18,41,13,48,-93,-86,41,74,-53,-93,73,-94,63,-80,-14,80,1,
-1,-66,94,27,14,40,14,50,-93,-88,45,80,-53,-92,74,-95,66,-79,-14,75,1,
0,-68,103,29,16,41,9,51,-94,-86,41,79,-53,-95,76,-94,66,-80,-15,78,1,
1,-67,90,29,12,43,8,48,-95,-89,41,77,-50,-96,72,-95,62,-81,-14,72,1,
-16,-28,-73,20,-82,98,74,32,67,59,-37,4,-40,-76,96,-48,-92,10,-49,-31,-1,
0,-65,95,31,15,39,11,48,-92,-88,39,78,-52,-92,73,-94,61,-79,-15,81,1,
-6,-67,91,26,12,37,8,48,-93,-83,36,75,-50,-95,71,-92,65,-80,-18,79,1,
-3,-69,93,28,15,40,14,47,-94,-92,37,74,-56,-93,69,-93,61,-82,-16,79,1,
-13,-26,-69,22,-79,96,76,37,67,59,-36,8,-40,-78,99,-41,-94,8,-47,-30,-1,
-10,-27,-73,19,-82,93,79,26,66,53,-34,5,-46,-78,99,-44,-98,8,-49,-33,-1,
-13,-25,-75,24,-83,97,77,32,67,59,-36,2,-39,-78,97,-44,-95,9,-49,-31,-1,
-7,-70,95,25,14,42,3,47,-96,-90,35,76,-57,-94,73,-98,62,-84,-18,79,1,
-14,-26,-71,20,-86,95,78,36,66,57,-33,1,-40,-78,100,-50,-94,10,-47,-32,-1,
-8,-21,-71,25,-82,96,76,34,67,60,-35,6,-38,-78,100,-49,-90,8,-46,-30,-1,
-3,-69,95,27,15,40,7,46,-94,-91,39,73,-55,-93,73,-94,57,-80,-15,82,1,
-15,-24,-75,23,-82,98,75,35,70,59,-35,8,-40,-79,99,-46,-89,9,-43,-30,-1,
-4,-69,94,27,16,42,7,45,-98,-84,30,76,-49,-99,73,-98,63,-80,-13,74,1,
-7,-31,-67,17,-79,96,77,39,64,62,-33,6,-44,-77,101,-46,-94,12,-45,-28,-1,
-11,-24,-75,22,-83,97,81,33,66,59,-34,6,-41,-76,99,-46,-92,10,-48,-29,-1,
-6,-71,97,30,11,42,7,45,-94,-92,40,74,-52,-97,77,-94,59,-81,-16,74,1,
-2,-69,94,27,15,39,8,46,-92,-88,44,78,-56,-96,74,-94,61,-82,-15,75,1,
-7,-28,-68,18,-81,94,81,35,64,61,-35,7,-46,-75,98,-48,-92,9,-43,-31,-1,
-15,-21,-76,16,-82,97,79,29,68,58,-38,7,-42,-77,99,-49,-95,9,-46,-28,-1,
-4,-66,99,28,15,41,8,45,-93,-90,38,79,-51,-92,76,-94,63,-80,-15,75,1,
-9,-28,-73,26,-81,99,78,33,66,62,-33,5,-43,-74,100,-44,-94,12,-46,-31,-1,
-3,-68,93,23,11,39,5,47,-93,-91,43,74,-52,-95,71,-93,62,-80,-16,79,1,
-3,-68,99,29,16,44,10,48,-95,-83,41,72,-50,-93,76,-94,70,-81,-14,74,1,
-11,-27,-72,22,-81,94,82,36,64,63,-36,5,-45,-77,101,-51,-95,11,-48,-31,-1,
0,-74,97,27,16,44,8,46,-91,-94,37,74,-51,-93,72,-96,59,-82,-18,77,1,
-8,-20,-70,28,-82,102,79,38,68,63,-33,7,-40,-75,102,-43,-90,15,-42,-27,-1,
3,-72,98,24,17,40,3,49,-90,-87,36,75,-53,-95,75,-96,63,-81,-15,80,1,
-12,-22,-72,22,-82,96,77,32,67,60,-33,5,-39,-76,104,-50,-93,11,-48,-29,-1,
-9,-25,-72,22,-82,98,74,33,68,60,-34,7,-38,-76,100,-49,-93,9,-47,-30,-1,
-5,-71,96,29,16,38,6,51,-92,-88,33,78,-52,-97,74,-95,64,-81,-18,81,1,
-6,-67,91,27,14,40,12,45,-95,-88,43,78,-56,-95,71,-96,62,-82,-14,79,1,
-8,-69,97,25,16,39,12,46,-95,-91,34,77,-53,-96,73,-96,64,-82,-17,76,1,
-7,-69,99,29,15,38,10,44,-93,-96,36,79,-52,-91,69,-92,62,-80,-16,77,1,
-6,-69,96,32,19,39,8,48,-92,-84,31,76,-53,-92,76,-94,67,-81,-15,83,1,
0,-69,97,30,15,44,9,48,-94,-88,33,77,-52,-95,76,-97,62,-81,-17,78,1,
-12,-16,-72,24,-84,96,79,31,67,60,-35,9,-39,-76,97,-48,-98,11,-47,-27,-1,
-11,-24,-75,27,-78,94,80,31,68,61,-31,10,-39,-78,105,-45,-86,9,-42,-27,-1,
1,-68,101,26,20,40,12,50,-89,-84,43,77,-51,-90,74,-92,70,-79,-12,80,1,
-10,-24,-72,19,-89,98,77,31,66,59,-36,6,-40,-76,102,-53,-92,10,-49,-31,-1,
-3,-67,95,34,17,41,8,48,-92,-88,35,77,-54,-92,78,-95,65,-82,-16,80,1,
-6,-73,97,25,14,40,7,45,-90,-90,33,76,-51,-93,74,-95,58,-81,-19,75,1,
-6,-71,96,30,15,39,8,46,-95,-92,39,73,-55,-93,73,-94,59,-80,-17,80,1,
-14,-20,-76,22,-83,97,72,35,67,56,-38,6,-43,-75,95,-45,-96,9,-49,-30,-1,
-6,-69,96,33,15,37,7,46,-94,-87,36,79,-54,-94,74,-93,63,-80,-18,77,1,
-9,-23,-72,20,-84,96,77,30,67,60,-36,8,-42,-77,100,-49,-89,10,-43,-28,-1,
-13,-24,-79,20,-80,97,76,34,67,59,-38,9,-41,-76,97,-45,-95,8,-47,-28,-1,
-14,-27,-73,20,-84,96,79,36,68,61,-35,8,-41,-75,102,-49,-93,10,-46,-30,-1,
-1,-70,94,29,15,38,7,46,-93,-88,35,74,-55,-93,72,-96,62,-80,-17,77,1,
-8,-69,90,28,13,41,3,48,-93,-90,40,78,-53,-96,75,-96,65,-80,-14,78,1,
-9,-22,-73,23,-82,99,77,33,68,60,-32,7,-38,-73,101,-43,-90,11,-45,-26,-1,
-12,-28,-72,18,-84,98,74,33,67,61,-32,6,-38,-72,99,-48,-94,9,-45,-29,-1,
-1,-69,95,28,15,42,8,45,-94,-90,37,77,-52,-91,71,-98,64,-81,-16,74,1,
-13,-28,-73,21,-85,97,76,33,67,57,-34,2,-39,-77,97,-49,-97,9,-48,-32,-1,
-10,-22,-73,23,-82,99,78,35,67,59,-33,7,-39,-75,99,-44,-93,9,-46,-30,-1,
-13,-25,-73,18,-78,95,79,32,67,59,-36,8,-42,-80,99,-46,-92,7,-44,-29,-1,
-3,-69,102,32,16,43,12,48,-91,-89,38,81,-48,-92,76,-93,63,-80,-15,76,1,
-3,-69,94,24,18,38,4,47,-92,-91,35,74,-51,-96,70,-95,57,-82,-16,81,1,
-13,-24,-72,25,-82,94,74,33,67,61,-32,7,-40,-76,100,-51,-88,11,-46,-29,-1,
-6,-70,89,26,14,39,7,46,-95,-84,37,74,-54,-97,75,-97,63,-80,-17,80,1,
-7,-70,94,28,13,40,6,48,-95,-83,38,72,-54,-96,76,-95,62,-81,-19,79,1,
-12,-20,-75,23,-85,98,80,30,69,58,-37,6,-39,-78,95,-45,-94,9,-46,-30,-1,
-13,-16,-71,24,-81,99,75,37,68,60,-36,8,-38,-75,99,-46,-94,11,-46,-27,-1,
-8,-24,-77,22,-78,93,80,31,66,62,-34,6,-41,-74,98,-50,-96,8,-46,-30,-1,
-7,-71,93,30,15,38,10,47,-95,-88,33,74,-50,-96,72,-95,63,-79,-17,77,1,
-10,-28,-76,19,-84,94,79,31,67,56,-33,5,-39,-77,99,-48,-91,7,-47,-31,-1,
-4,-72,97,29,16,37,10,48,-94,-94,37,76,-54,-94,75,-96,67,-81,-17,77,1,
-16,-23,-71,25,-78,96,80,30,68,61,-32,5,-39,-76,99,-47,-94,11,-46,-28,-1,
-8,-73,96,23,14,38,7,45,-95,-92,37,71,-54,-98,73,-98,65,-82,-18,78,1,
-4,-71,94,26,15,40,9,47,-91,-89,38,74,-52,-92,77,-98,63,-81,-16,74,1,
-6,-24,-76,23,-81,96,79,34,67,57,-35,5,-40,-77,99,-48,-91,11,-48,-29,-1,
-9,-70,97,29,12,40,8,43,-91,-89,35,75,-53,-94,78,-98,63,-81,-16,76,1,
-8,-65,96,29,17,41,11,47,-94,-86,38,76,-53,-92,76,-96,65,-81,-15,76,1,
-2,-68,93,27,16,39,12,47,-92,-88,40,75,-52,-97,72,-96,62,-84,-17,73,1,
-12,-27,-82,19,-83,95,75,29,68,55,-36,10,-44,-78,97,-48,-97,8,-45,-32,-1,
-4,-68,95,25,17,41,9,45,-94,-90,36,77,-53,-95,71,-96,65,-81,-18,80,1,
-12,-22,-76,28,-84,96,73,39,64,59,-38,7,-41,-79,95,-51,-94,8,-45,-32,-1,
-13,-25,-73,15,-84,97,69,36,66,59,-35,4,-40,-75,101,-50,-94,10,-51,-29,-1,
-11,-25,-75,25,-82,97,77,28,68,61,-37,7,-40,-75,97,-46,-92,11,-46,-30,-1,
-13,-25,-76,22,-86,95,76,34,65,61,-35,6,-42,-75,100,-52,-96,11,-49,-30,-1,
-13,-26,-72,17,-86,96,76,38,67,58,-36,6,-43,-76,96,-47,-96,10,-45,-29,-1,
-12,-21,-74,22,-84,92,79,34,66,59,-35,4,-37,-76,97,-54,-92,10,-47,-28,-1,
-13,-24,-72,24,-83,98,77,36,67,58,-30,3,-37,-75,101,-48,-92,12,-46,-28,-1,
-8,-69,97,29,14,41,6,45,-95,-88,34,77,-55,-94,77,-98,64,-83,-16,72,1,
-10,-27,-76,20,-82,97,74,34,66,60,-35,4,-42,-80,97,-45,-91,8,-45,-34,-1,
-15,-28,-73,23,-83,94,78,37,64,61,-36,4,-43,-76,98,-49,-95,10,-49,-31,-1,
-4,-69,94,28,17,42,12,48,-93,-82,39,79,-53,-91,73,-96,62,-83,-14,76,1,
-7,-69,95,24,17,40,6,44,-93,-88,37,70,-55,-97,78,-97,64,-82,-13,81,1,
0,-69,94,26,18,41,10,46,-92,-86,35,81,-52,-94,74,-95,66,-80,-14,78,1,
-3,-71,97,28,16,42,9,45,-95,-89,36,72,-55,-94,75,-97,65,-81,-18,79,1,
-2,-69,87,29,12,44,6,46,-96,-89,36,70,-50,-97,72,-94,61,-81,-14,82,1,
-3,-65,96,29,17,39,12,49,-94,-83,35,81,-50,-95,76,-92,58,-79,-15,83,1,
-10,-21,-75,25,-83,99,73,34,68,60,-37,8,-40,-77,98,-47,-96,11,-45,-30,-1,
-2,-71,95,25,18,43,9,47,-92,-88,39,75,-51,-93,73,-97,58,-82,-16,79,1,
-2,-68,99,30,16,42,14,47,-91,-90,39,78,-52,-91,79,-93,66,-79,-12,82,1,
-5,-71,97,29,17,40,9,48,-94,-87,37,77,-55,-95,76,-97,66,-83,-17,78,1,
-17,-27,-79,27,-81,96,77,37,65,57,-36,5,-40,-81,101,-47,-96,10,-49,-29,-1,
-4,-67,93,26,16,39,8,50,-92,-85,40,77,-53,-94,76,-94,67,-82,-15,82,1,
-12,-27,-70,19,-81,92,75,33,66,60,-33,7,-43,-75,97,-48,-97,11,-48,-29,-1,
-6,-69,96,29,14,39,9,48,-94,-86,41,79,-53,-92,70,-92,65,-79,-15,78,1,
-11,-27,-68,24,-82,95,78,31,66,60,-34,6,-41,-76,98,-44,-88,10,-46,-27,-1,
-7,-71,96,27,16,36,5,48,-93,-89,41,73,-54,-94,74,-94,61,-80,-20,84,1,
-15,-19,-75,24,-82,93,75,33,66,60,-37,6,-42,-79,99,-48,-93,11,-49,-28,-1,
-3,-70,97,28,16,39,11,47,-90,-87,43,74,-53,-93,77,-91,62,-79,-15,84,1,
-2,-69,97,27,19,40,12,47,-95,-89,42,74,-55,-90,68,-95,63,-81,-15,79,1,
-12,-28,-71,19,-86,94,75,29,64,59,-36,7,-45,-75,98,-47,-96,8,-46,-31,-1,
-11,-24,-71,28,-82,93,79,34,67,57,-30,5,-38,-74,99,-46,-92,12,-51,-29,-1,
0,-71,90,24,17,42,5,45,-94,-95,38,72,-51,-95,69,-96,62,-83,-15,75,1,
-9,-29,-68,21,-82,95,79,36,66,60,-31,7,-40,-73,103,-46,-91,11,-49,-29,-1,
0,-71,94,28,15,39,12,48,-90,-89,41,79,-55,-91,70,-95,65,-81,-16,74,1,
-4,-72,95,31,14,40,6,44,-95,-92,42,73,-55,-93,68,-94,57,-82,-17,76,1,
-9,-72,94,27,11,41,9,45,-97,-88,37,76,-58,-94,75,-98,60,-84,-19,74,1,
-4,-67,92,29,14,42,8,48,-91,-88,39,76,-48,-95,76,-92,62,-82,-14,79,1,
-15,-22,-73,19,-82,95,79,27,68,57,-32,7,-41,-78,102,-48,-94,8,-43,-30,-1,
-3,-66,95,29,18,41,14,47,-91,-86,41,78,-52,-91,77,-96,67,-81,-12,78,1,
-11,-24,-72,23,-79,96,75,39,67,60,-30,4,-38,-78,102,-53,-90,11,-46,-29,-1,
-5,-68,101,26,15,37,13,46,-94,-91,37,81,-55,-94,73,-95,62,-82,-18,76,1,
-4,-70,97,25,16,41,9,42,-93,-86,38,70,-53,-96,72,-94,58,-82,-17,78,1,
1,-72,94,24,17,40,5,48,-97,-92,37,76,-56,-95,68,-98,64,-81,-17,75,1,
-12,-23,-75,23,-83,96,75,32,66,60,-34,2,-42,-74,98,-50,-95,12,-47,-32,-1,
-11,-24,-70,21,-83,95,84,35,66,62,-33,6,-39,-72,102,-49,-94,12,-46,-27,-1,
-7,-22,-74,24,-82,100,78,40,69,62,-34,6,-36,-75,101,-50,-90,13,-46,-28,-1,
-9,-19,-73,21,-82,97,76,33,66,60,-39,9,-43,-75,99,-48,-93,11,-46,-28,-1,
-7,-70,99,27,15,40,3,48,-95,-86,35,76,-55,-95,74,-97,59,-82,-19,78,1,
-4,-70,91,29,12,40,5,43,-92,-89,35,73,-55,-96,76,-96,59,-82,-18,76,1,
-6,-67,95,26,19,40,6,46,-96,-87,31,78,-54,-95,74,-97,59,-82,-14,76,1,
-4,-70,94,28,14,42,5,43,-95,-92,35,71,-56,-96,73,-98,62,-86,-17,73,1,
-5,-67,93,30,14,41,15,44,-93,-82,37,79,-52,-98,78,-95,59,-80,-13,79,1,
-12,-27,-69,18,-80,95,77,29,70,59,-33,10,-43,-72,99,-41,-93,10,-49,-30,-1,
-9,-29,-72,22,-85,98,76,34,66,59,-35,3,-42,-78,101,-48,-92,12,-47,-31,-1,
1,-73,93,27,17,38,1,48,-92,-89,37,74,-56,-95,70,-96,66,-82,-18,75,1,
-6,-70,96,23,13,40,6,45,-95,-91,37,73,-53,-97,72,-98,61,-82,-18,77,1,
-6,-22,-70,24,-81,99,80,35,67,62,-31,8,-38,-73,100,-48,-93,11,-43,-28,-1,
0,-68,92,26,16,42,12,44,-92,-92,41,76,-50,-94,69,-95,64,-83,-13,72,1,
-2,-69,96,27,18,40,10,47,-94,-90,40,75,-55,-92,71,-94,60,-81,-15,80,1,
-15,-24,-74,20,-82,92,73,27,66,56,-34,4,-41,-80,98,-48,-94,7,-51,-31,-1,
-20,-23,-75,17,-84,95,77,31,66,56,-34,6,-39,-75,98,-50,-91,6,-49,-29,-1,
0,-68,96,26,16,38,11,46,-95,-87,40,71,-55,-94,68,-94,60,-78,-13,78,1,
-12,-27,-70,20,-82,98,73,35,65,59,-35,7,-43,-79,99,-44,-93,10,-46,-28,-1,
-15,-20,-72,20,-85,98,75,30,67,59,-32,6,-41,-77,104,-48,-92,11,-42,-29,-1,
2,-74,92,27,19,41,9,49,-91,-91,38,77,-54,-96,74,-96,66,-83,-15,80,1,
0,-72,97,27,17,40,9,49,-93,-92,40,76,-52,-96,75,-96,65,-81,-16,79,1,
-13,-25,-73,19,-80,97,81,32,65,60,-35,4,-43,-80,103,-52,-94,9,-46,-32,-1,
-5,-70,96,31,17,42,7,49,-94,-88,43,76,-55,-93,73,-94,66,-83,-18,77,1,
-13,-23,-71,25,-85,93,75,35,65,58,-36,8,-43,-79,99,-44,-92,10,-46,-31,-1,
-9,-22,-69,22,-81,98,79,35,68,62,-33,8,-38,-78,104,-46,-90,11,-43,-27,-1,
-9,-24,-74,22,-81,96,76,34,67,59,-32,9,-40,-74,101,-46,-88,10,-48,-28,-1,
-9,-22,-71,22,-82,98,76,34,69,60,-31,10,-39,-72,102,-44,-93,12,-45,-27,-1,
-12,-26,-71,19,-81,95,78,33,64,59,-37,5,-45,-74,95,-43,-97,10,-51,-30,-1,
-2,-69,101,29,16,39,8,46,-93,-90,36,76,-51,-94,76,-92,65,-79,-16,79,1,
-13,-22,-70,20,-80,97,77,37,66,63,-33,9,-39,-78,104,-48,-89,9,-43,-28,-1,
-16,-23,-71,23,-83,96,76,34,67,60,-34,7,-42,-76,103,-45,-93,11,-47,-29,-1,
-1,-69,94,33,11,40,7,45,-91,-89,37,76,-52,-91,75,-96,69,-81,-15,72,1,
0,-69,95,25,13,42,8,49,-90,-86,36,79,-53,-96,77,-96,67,-83,-19,75,1,
0,-68,93,28,16,44,13,44,-97,-89,45,70,-54,-95,71,-96,59,-81,-13,75,1,
-14,-26,-72,21,-81,95,78,32,65,60,-32,9,-40,-80,108,-49,-92,7,-45,-29,-1,
-13,-27,-75,22,-87,96,76,28,67,58,-35,5,-39,-77,96,-51,-93,9,-46,-30,-1,
-13,-25,-74,18,-82,94,75,36,63,55,-36,4,-43,-81,101,-50,-88,7,-50,-31,-1,
-13,-23,-70,18,-84,96,75,32,68,59,-34,8,-40,-76,99,-48,-93,10,-48,-29,-1,
-14,-25,-73,21,-84,98,73,31,69,58,-34,5,-42,-78,97,-45,-97,9,-45,-35,-1,
-4,-68,100,28,18,47,9,50,-93,-89,47,77,-49,-92,74,-92,65,-80,-11,82,1,
0,-68,98,29,16,45,12,50,-89,-85,45,77,-52,-93,80,-94,68,-80,-13,83,1,
-2,-71,96,20,15,47,5,46,-94,-87,40,73,-50,-96,76,-98,69,-82,-15,74,1,
-1,-69,97,27,16,41,9,45,-90,-88,35,75,-54,-93,76,-98,65,-83,-14,73,1,
-16,-21,-70,24,-84,92,75,32,66,58,-31,6,-43,-74,95,-43,-99,11,-45,-28,-1,
-9,-23,-70,22,-83,97,77,29,67,59,-36,9,-42,-74,97,-47,-85,11,-47,-28,-1,
-11,-21,-76,21,-80,93,76,31,68,58,-36,8,-38,-77,97,-46,-92,9,-49,-26,-1,
-8,-26,-73,24,-80,93,80,33,63,58,-34,4,-43,-76,99,-49,-92,10,-48,-29,-1,
-8,-26,-74,18,-89,97,77,32,66,60,-39,3,-43,-77,97,-51,-95,11,-46,-33,-1,
-5,-23,-72,26,-81,98,75,31,67,63,-35,10,-38,-76,99,-51,-88,11,-45,-27,-1,
-11,-23,-77,20,-82,92,79,30,64,57,-35,3,-40,-76,99,-51,-93,7,-49,-28,-1,
-4,-66,96,28,17,37,13,49,-93,-88,38,81,-48,-93,71,-93,70,-78,-15,79,1,
-12,-25,-67,24,-82,98,80,37,66,62,-32,0,-41,-76,102,-48,-95,15,-47,-31,-1,
-1,-71,97,24,14,40,7,46,-94,-90,34,75,-52,-95,72,-97,67,-80,-16,78,1,
-11,-21,-73,24,-80,98,81,35,70,59,-34,7,-39,-78,103,-45,-92,12,-45,-29,-1,
-16,-22,-69,24,-85,97,80,31,66,60,-39,4,-41,-78,96,-46,-93,10,-47,-30,-1,
-5,-68,99,29,15,41,10,49,-92,-87,41,78,-51,-92,74,-93,64,-81,-16,78,1,
0,-71,97,30,16,43,13,45,-92,-88,38,75,-54,-94,77,-96,64,-82,-13,75,1,
-9,-27,-75,17,-85,99,75,35,65,62,-36,3,-44,-76,97,-50,-94,9,-42,-33,-1,
-2,-67,95,30,12,41,5,47,-91,-87,40,73,-50,-93,77,-95,62,-79,-17,76,1,
-4,-68,94,22,14,40,4,48,-94,-89,32,77,-51,-95,72,-97,61,-80,-16,79,1,
-7,-70,95,26,15,38,14,48,-94,-86,39,74,-55,-95,73,-97,66,-84,-19,75,1,
-3,-71,90,26,14,41,4,45,-93,-91,39,68,-50,-91,67,-94,64,-81,-14,74,1,
-2,-66,95,31,17,41,3,46,-92,-81,37,77,-53,-93,78,-95,60,-79,-12,78,1,
-7,-71,93,28,14,37,7,43,-93,-90,33,73,-52,-96,71,-95,63,-81,-19,82,1,
2,-70,94,30,16,43,8,47,-90,-92,43,75,-51,-90,71,-93,57,-81,-15,80,1,
1,-72,99,31,14,44,4,47,-93,-88,37,75,-53,-96,76,-95,65,-81,-15,73,1,
-16,-24,-75,22,-79,94,77,31,66,56,-31,3,-42,-80,101,-49,-93,9,-45,-31,-1,
-4,-71,97,26,16,39,6,48,-93,-88,36,76,-55,-97,74,-95,61,-82,-17,80,1,
-8,-20,-71,19,-78,96,77,34,67,60,-32,6,-38,-74,103,-46,-95,10,-48,-27,-1,
-10,-22,-72,24,-80,98,80,37,64,64,-37,8,-44,-82,104,-50,-91,11,-40,-29,-1,
-6,-20,-67,24,-86,98,80,37,67,63,-38,6,-40,-76,101,-45,-93,14,-45,-26,-1,
-6,-68,94,29,16,43,4,49,-93,-85,38,78,-53,-95,78,-95,64,-82,-14,81,1,
-6,-25,-71,23,-82,99,75,39,66,61,-30,6,-39,-73,103,-48,-92,12,-44,-29,-1,
-3,-71,95,30,15,40,10,48,-93,-93,40,79,-57,-93,73,-95,60,-81,-16,74,1,
-9,-21,-74,27,-81,98,81,41,67,62,-33,5,-37,-74,100,-43,-92,11,-43,-28,-1,
-1,-67,97,30,15,40,14,45,-91,-89,36,69,-52,-95,78,-94,66,-81,-16,78,1,
-8,-69,96,26,16,40,6,46,-92,-90,38,74,-54,-93,74,-96,62,-83,-16,76,1,
-12,-19,-75,25,-81,94,76,35,65,59,-32,4,-40,-75,104,-53,-89,10,-50,-31,-1,
-7,-22,-71,18,-82,98,78,33,68,61,-33,7,-40,-73,99,-45,-96,11,-44,-28,-1,
-7,-68,97,27,15,37,13,45,-98,-87,35,74,-55,-92,69,-94,63,-81,-16,71,1,
-7,-25,-77,20,-80,99,77,30,70,58,-33,4,-36,-80,98,-47,-91,9,-44,-29,-1,
-3,-66,103,31,16,42,11,47,-92,-87,43,74,-51,-90,74,-93,67,-80,-14,75,1,
-4,-68,94,29,14,40,10,47,-92,-83,39,77,-54,-94,78,-95,62,-80,-17,79,1,
-2,-68,93,31,18,41,13,48,-91,-89,40,78,-53,-93,76,-95,66,-79,-10,82,1,
-5,-68,94,27,16,39,12,46,-90,-88,34,80,-55,-94,77,-96,66,-83,-14,76,1,
-2,-71,93,29,13,39,7,47,-92,-93,39,75,-51,-96,73,-94,64,-83,-17,71,1,
-8,-67,93,29,14,39,8,46,-95,-88,36,75,-54,-97,76,-98,62,-80,-15,82,1,
-13,-19,-71,19,-83,94,79,33,67,58,-33,7,-41,-72,97,-47,-95,9,-44,-28,-1,
-5,-71,95,25,16,41,7,45,-91,-86,41,72,-53,-95,74,-98,71,-83,-20,79,1,
-11,-24,-74,21,-85,96,78,34,65,60,-35,8,-41,-75,97,-45,-93,7,-45,-30,-1,
-12,-22,-75,20,-78,95,80,30,69,58,-33,10,-45,-76,101,-45,-95,9,-43,-32,-1,
2,-69,98,29,18,40,6,50,-92,-89,40,80,-52,-95,74,-97,72,-80,-12,76,1,
-14,-26,-73,20,-82,95,76,34,65,58,-37,7,-45,-78,97,-43,-95,8,-47,-32,-1,
0,-70,97,28,14,39,5,48,-93,-88,41,73,-54,-91,71,-93,62,-77,-18,81,1,
-13,-21,-73,24,-87,98,74,36,67,58,-39,9,-39,-83,98,-49,-88,8,-44,-30,-1,
-13,-20,-74,23,-84,96,77,35,67,59,-34,7,-43,-74,97,-49,-95,11,-45,-30,-1,
-7,-70,93,28,15,42,10,48,-94,-87,39,75,-50,-96,76,-95,62,-81,-13,80,1,
-6,-69,93,22,15,40,9,48,-95,-91,40,77,-55,-94,71,-96,60,-81,-16,77,1,
-10,-24,-70,19,-79,96,76,38,68,61,-31,6,-41,-77,98,-46,-97,11,-44,-30,-1,
-3,-71,94,25,13,40,8,47,-94,-88,36,74,-54,-96,72,-98,63,-83,-20,76,1,
-12,-27,-71,20,-85,95,78,31,65,59,-34,6,-41,-76,100,-45,-91,9,-48,-28,-1,
-8,-69,95,26,10,38,7,46,-94,-90,35,75,-53,-95,72,-94,62,-81,-19,78,1,
-8,-63,92,27,16,40,10,45,-93,-91,34,71,-51,-95,75,-95,60,-81,-15,80,1,
-10,-69,94,28,11,39,11,46,-96,-89,31,76,-53,-100,80,-97,61,-84,-19,75,1,
-5,-68,96,33,11,45,10,47,-96,-88,41,69,-53,-93,78,-93,60,-80,-16,78,1,
-14,-21,-74,24,-81,95,75,34,66,60,-37,9,-38,-81,101,-50,-88,7,-43,-27,-1,
-4,-68,96,25,17,39,10,48,-95,-85,40,76,-53,-96,71,-95,65,-81,-17,76,1,
-8,-21,-71,20,-83,96,79,34,65,59,-35,11,-42,-76,101,-48,-90,9,-42,-27,-1,
-3,-70,95,32,17,40,3,49,-93,-91,42,77,-53,-94,73,-93,68,-80,-14,78,1,
0,-69,93,31,15,41,13,48,-94,-89,41,77,-52,-93,71,-93,62,-81,-16,78,1,
-15,-26,-72,16,-78,96,75,27,66,63,-39,7,-42,-78,99,-49,-94,7,-46,-31,-1,
2,-69,93,31,17,44,5,49,-91,-87,42,77,-53,-94,76,-96,66,-82,-15,82,1,
-13,-26,-67,21,-82,98,83,37,66,61,-33,3,-39,-78,104,-47,-89,11,-44,-28,-1,
-10,-20,-77,21,-84,98,77,40,68,62,-37,8,-40,-77,98,-48,-97,12,-44,-29,-1,
-4,-69,93,29,16,40,7,49,-94,-91,39,76,-54,-94,72,-96,67,-81,-15,81,1,
-4,-70,96,30,16,37,6,45,-93,-87,35,73,-55,-96,75,-98,60,-82,-18,74,1,
-15,-29,-69,21,-83,96,77,28,66,60,-31,7,-46,-75,104,-48,-90,13,-43,-28,-1,
-2,-71,94,29,16,42,10,47,-92,-91,41,77,-55,-94,76,-97,65,-82,-14,75,1,
1,-72,97,31,18,42,6,49,-92,-84,43,77,-51,-92,74,-93,67,-78,-11,78,1,
-13,-24,-70,18,-82,97,73,34,66,61,-36,8,-43,-79,102,-47,-93,9,-46,-31,-1,
-12,-23,-73,18,-83,96,80,32,67,58,-36,11,-44,-76,103,-45,-93,9,-42,-28,-1,
0,-66,94,32,15,39,8,47,-94,-88,37,77,-52,-96,73,-94,65,-79,-15,78,1,
-10,-23,-74,16,-82,94,75,28,68,55,-38,5,-40,-77,98,-48,-88,6,-50,-32,-1,
-13,-23,-71,17,-89,97,73,33,66,57,-36,6,-40,-78,95,-51,-95,8,-46,-30,-1,
1,-70,100,30,15,41,14,48,-92,-91,42,75,-54,-93,74,-95,65,-83,-15,71,1,
-3,-71,93,30,16,37,8,45,-94,-94,35,76,-57,-95,72,-96,64,-82,-16,73,1,
-4,-68,96,28,14,41,7,47,-94,-88,40,73,-52,-89,74,-94,64,-79,-17,80,1,
-12,-21,-71,20,-81,98,73,38,67,59,-34,5,-41,-76,99,-45,-94,12,-44,-28,-1,
-13,-25,-73,18,-86,95,75,31,65,58,-37,6,-41,-78,97,-52,-92,7,-47,-31,-1,
0,-66,94,33,16,43,9,51,-96,-85,43,75,-52,-93,75,-93,63,-77,-12,80,1,
-12,-24,-68,22,-84,94,78,33,67,59,-32,7,-38,-74,99,-46,-94,10,-47,-26,-1,
-4,-69,98,28,16,41,8,45,-95,-92,40,76,-55,-93,74,-95,64,-80,-12,73,1,
-15,-25,-72,22,-81,97,77,36,67,58,-34,4,-41,-76,96,-45,-96,11,-48,-30,-1,
-14,-25,-78,23,-82,93,80,31,64,58,-37,6,-43,-78,97,-51,-94,7,-47,-30,-1,
0,-72,97,26,16,43,9,46,-93,-87,38,72,-52,-95,73,-97,63,-81,-17,83,1,
-16,-30,-72,22,-79,91,80,33,63,61,-35,5,-44,-76,101,-49,-93,8,-47,-29,-1,
-5,-69,94,30,15,39,11,46,-91,-86,36,76,-51,-94,75,-95,67,-81,-17,79,1,
-15,-25,-78,24,-82,96,80,29,66,54,-34,2,-40,-78,98,-47,-93,9,-48,-29,-1,
-11,-24,-71,16,-82,95,78,30,68,59,-31,11,-40,-74,103,-49,-89,6,-43,-28,-1,
-6,-69,93,26,16,41,10,49,-91,-87,41,73,-52,-90,73,-91,64,-80,-13,84,1,
0,-71,93,28,16,39,7,47,-93,-88,34,72,-51,-97,70,-94,60,-80,-18,80,1,
-17,-21,-74,25,-84,98,78,35,69,62,-34,7,-34,-75,101,-51,-91,9,-47,-28,-1,
-5,-70,100,26,15,38,9,44,-94,-93,38,75,-56,-96,75,-97,61,-81,-16,74,1,
2,-65,93,28,17,44,4,49,-91,-87,38,78,-55,-92,76,-94,68,-82,-12,75,1,
-12,-28,-77,17,-87,96,74,30,66,59,-37,5,-43,-79,100,-51,-96,9,-47,-33,-1,
-9,-22,-73,23,-78,97,83,35,68,59,-33,7,-35,-77,101,-47,-89,9,-47,-26,-1,
-5,-69,92,27,15,41,13,46,-96,-86,43,71,-52,-94,70,-93,65,-81,-16,79,1,
-6,-69,94,27,13,39,10,45,-96,-92,38,74,-57,-93,71,-96,63,-83,-18,71,1,
1,-70,93,27,14,40,11,49,-95,-88,36,81,-53,-98,74,-97,60,-82,-16,73,1,
-7,-70,99,28,17,36,11,45,-95,-87,34,77,-57,-96,72,-96,63,-81,-16,78,1,
-12,-24,-76,23,-76,94,76,33,67,57,-31,5,-42,-77,99,-42,-92,9,-47,-30,-1,
-11,-20,-74,24,-85,96,74,32,69,57,-35,5,-41,-78,95,-44,-95,11,-44,-30,-1,
-11,-24,-77,20,-76,92,79,29,66,57,-33,5,-45,-78,101,-47,-90,8,-46,-31,-1,
-10,-22,-76,27,-77,99,79,37,67,61,-35,5,-39,-76,101,-45,-93,12,-47,-30,-1,
-11,-21,-71,21,-86,98,74,33,66,58,-36,4,-42,-73,95,-42,-94,11,-47,-29,-1,
-10,-23,-71,24,-81,97,78,31,68,61,-32,5,-38,-77,97,-50,-94,9,-43,-31,-1,
-4,-69,96,29,16,41,11,49,-91,-92,44,80,-51,-93,76,-94,64,-80,-14,84,1,
-10,-26,-73,21,-80,95,78,36,67,59,-33,6,-42,-77,99,-47,-97,9,-45,-32,-1,
-12,-24,-71,19,-86,97,75,34,66,60,-36,5,-38,-80,102,-50,-93,9,-48,-31,-1,
-13,-23,-69,23,-82,93,75,33,65,60,-33,9,-42,-72,101,-48,-92,9,-50,-29,-1,
-12,-18,-71,21,-79,98,75,36,67,61,-35,3,-42,-73,99,-48,-95,13,-47,-28,-1,
-3,-68,95,32,16,42,10,49,-92,-90,40,78,-55,-90,74,-92,65,-79,-13,83,1,
-13,-20,-76,16,-82,97,73,34,67,59,-38,5,-43,-77,96,-47,-97,9,-46,-31,-1,
1,-69,97,31,15,43,12,47,-93,-89,34,78,-52,-94,75,-96,65,-81,-18,82,1,
1,-68,94,31,19,42,11,47,-93,-89,37,75,-52,-95,71,-94,67,-80,-12,82,1,
0,-72,91,27,16,39,9,49,-94,-85,36,74,-52,-98,72,-96,68,-82,-18,79,1,
-2,-67,99,28,19,40,11,48,-91,-90,43,78,-56,-92,75,-92,58,-82,-12,79,1,
-12,-21,-72,22,-81,96,78,33,67,59,-35,6,-41,-77,98,-47,-92,10,-45,-30,-1,
-3,-69,97,30,13,41,11,48,-95,-85,39,74,-51,-95,75,-94,63,-80,-18,78,1,
-5,-72,92,27,12,40,8,48,-95,-89,40,75,-52,-92,67,-96,59,-80,-20,83,1,
-11,-25,-70,25,-83,95,83,34,66,59,-35,9,-41,-76,100,-42,-89,9,-45,-26,-1,
-9,-25,-70,22,-76,94,78,34,66,61,-31,8,-41,-73,100,-49,-95,9,-47,-29,-1,
-5,-22,-69,20,-80,97,81,32,69,60,-33,9,-41,-71,97,-46,-89,12,-41,-26,-1,
0,-66,92,31,17,42,4,47,-93,-89,33,80,-51,-95,72,-95,65,-80,-13,77,1,
-9,-26,-71,19,-81,98,81,40,66,60,-37,7,-39,-76,97,-44,-88,8,-46,-28,-1,
-2,-69,92,28,17,41,9,47,-94,-88,35,75,-53,-96,75,-96,62,-83,-13,77,1,
-6,-68,96,25,13,40,7,47,-94,-87,40,74,-54,-95,75,-94,60,-81,-19,84,1,
-12,-22,-71,23,-82,96,76,32,69,58,-37,8,-39,-78,99,-42,-93,10,-47,-27,-1,
-2,-67,95,29,18,38,9,49,-92,-88,37,75,-53,-93,73,-94,62,-83,-17,78,1,
-10,-26,-70,23,-83,95,77,38,67,61,-35,9,-41,-77,103,-46,-93,11,-48,-30,-1,
-7,-71,96,26,16,40,11,45,-96,-84,36,75,-53,-97,73,-97,68,-81,-14,77,1,
-6,-71,95,27,14,41,10,47,-95,-88,39,74,-52,-93,70,-95,59,-81,-17,77,1,
-6,-34,-71,19,-82,94,77,30,65,61,-31,6,-41,-75,103,-50,-89,8,-45,-30,-1,
-16,-22,-71,22,-81,97,82,35,66,62,-33,4,-38,-76,102,-49,-92,10,-46,-29,-1,
-4,-72,92,26,13,38,12,45,-95,-91,31,75,-56,-96,70,-97,59,-83,-18,72,1,
-4,-68,95,24,13,39,8,46,-96,-91,40,77,-55,-98,73,-97,63,-82,-16,71,1,
-12,-26,-73,24,-83,99,76,29,68,59,-34,6,-42,-77,98,-45,-91,10,-45,-31,-1,
-11,-20,-66,23,-80,96,75,36,68,63,-35,11,-42,-71,100,-44,-89,13,-47,-26,-1,
-4,-71,93,24,16,40,12,50,-93,-89,40,76,-53,-94,74,-95,60,-82,-16,83,1,
-11,-19,-73,24,-80,93,79,27,68,59,-33,11,-41,-76,98,-44,-90,9,-43,-28,-1,
-3,-73,96,30,15,40,6,46,-93,-90,37,75,-54,-93,76,-96,63,-78,-14,77,1,
-11,-25,-74,24,-89,94,77,35,64,58,-37,6,-46,-71,96,-48,-93,13,-45,-29,-1,
-2,-71,101,30,16,37,9,44,-92,-95,40,73,-54,-95,72,-93,61,-81,-16,77,1,
-3,-69,97,28,14,38,9,46,-95,-92,37,76,-53,-97,74,-95,61,-81,-14,73,1,
-14,-20,-69,16,-80,96,73,36,67,62,-37,4,-40,-77,100,-50,-95,11,-48,-28,-1,
-3,-68,98,30,15,40,8,47,-89,-90,41,77,-53,-93,80,-94,63,-79,-13,79,1,
-13,-22,-77,19,-84,96,77,37,67,59,-37,6,-39,-78,95,-49,-93,8,-47,-29,-1,
-11,-27,-76,23,-80,97,77,35,65,63,-34,6,-40,-73,100,-50,-93,10,-47,-29,-1,
-11,-25,-73,20,-84,94,77,29,66,59,-34,9,-40,-75,101,-52,-91,8,-48,-28,-1,
-13,-23,-70,21,-81,96,74,34,67,60,-33,6,-41,-74,101,-51,-93,12,-47,-28,-1,
-8,-23,-71,24,-83,95,73,42,65,61,-32,6,-38,-76,100,-50,-95,10,-46,-30,-1,
-2,-72,98,29,15,41,10,47,-92,-85,39,77,-52,-95,75,-94,65,-80,-14,77,1,
0,-70,94,28,17,41,7,46,-94,-91,43,78,-56,-94,72,-98,66,-81,-15,80,1,
-14,-25,-72,22,-80,94,74,34,65,59,-36,5,-45,-78,96,-46,-93,10,-47,-30,-1,
-10,-28,-71,21,-82,98,76,35,65,59,-33,3,-41,-79,103,-50,-91,12,-47,-31,-1,
-10,-25,-71,22,-84,97,79,27,68,58,-36,7,-43,-72,101,-42,-96,10,-48,-31,-1,
-7,-32,-68,21,-84,94,80,37,65,61,-36,4,-41,-78,98,-48,-95,10,-48,-31,-1,
-4,-69,93,30,13,39,11,47,-95,-88,40,76,-55,-96,74,-95,60,-79,-18,84,1,
-2,-70,94,28,15,38,10,49,-95,-89,41,73,-54,-95,71,-94,62,-82,-18,74,1,
-3,-72,92,27,12,38,7,48,-95,-88,34,75,-54,-98,74,-97,64,-79,-15,79,1,
-12,-30,-71,21,-84,94,79,30,64,61,-34,4,-44,-74,97,-48,-94,10,-46,-29,-1,
2,-70,94,27,16,41,11,46,-93,-91,36,73,-52,-95,72,-97,65,-82,-16,78,1,
-9,-23,-68,22,-80,96,76,38,66,62,-32,7,-41,-78,104,-51,-88,12,-43,-29,-1,
-3,-72,96,27,14,43,11,48,-93,-91,40,77,-53,-94,77,-96,69,-82,-17,76,1,
-15,-18,-68,26,-77,95,81,34,66,62,-32,9,-42,-73,105,-43,-94,12,-45,-25,-1,
-1,-67,92,29,15,42,10,48,-92,-88,43,75,-51,-94,74,-93,66,-80,-14,80,1,
-8,-27,-74,23,-82,96,77,33,65,59,-36,7,-45,-78,99,-47,-88,10,-43,-29,-1,
-1,-71,95,32,14,42,7,46,-97,-89,36,76,-56,-95,76,-98,60,-81,-16,75,1,
-3,-68,95,25,15,43,8,50,-92,-83,38,79,-48,-92,74,-95,63,-80,-15,80,1,
-10,-21,-63,24,-81,95,78,40,65,64,-32,8,-40,-72,101,-42,-91,13,-47,-26,-1,
-11,-28,-73,24,-82,97,79,31,66,61,-37,4,-39,-79,101,-47,-92,8,-45,-31,-1,
-2,-70,94,25,16,42,14,48,-94,-85,43,73,-50,-96,74,-94,64,-81,-14,79,1,
-6,-70,98,29,17,39,13,47,-93,-92,42,76,-57,-93,74,-95,62,-83,-15,79,1,
-14,-28,-70,22,-83,95,80,27,64,61,-35,5,-41,-78,99,-48,-95,8,-47,-30,-1,
-13,-16,-72,22,-80,97,78,39,68,61,-35,10,-39,-75,102,-47,-90,11,-46,-26,-1,
-5,-72,95,25,14,34,3,46,-95,-95,34,69,-61,-94,68,-97,60,-83,-21,77,1,
-3,-66,97,23,17,43,10,50,-93,-90,39,75,-53,-92,74,-97,64,-84,-16,78,1,
2,-68,99,29,20,43,10,48,-91,-87,40,77,-51,-91,76,-95,67,-79,-13,80,1,
-7,-70,97,27,15,40,9,46,-95,-88,35,77,-50,-95,74,-95,59,-80,-16,78,1,
-4,-71,97,25,17,42,7,47,-92,-85,35,74,-52,-95,74,-97,64,-84,-18,81,1,
-11,-27,-68,24,-84,94,77,32,66,61,-32,6,-42,-72,95,-46,-95,10,-45,-31,-1,
-5,-70,97,27,15,41,8,46,-94,-89,38,75,-49,-94,74,-97,61,-80,-15,79,1,
-5,-68,92,26,15,41,13,45,-95,-88,42,76,-53,-93,70,-96,67,-82,-15,78,1,
-8,-70,95,24,13,42,12,44,-95,-90,35,76,-53,-95,73,-99,61,-82,-17,77,1,
-14,-28,-72,24,-80,95,80,36,63,60,-33,3,-41,-76,103,-47,-91,9,-48,-30,-1,
-10,-29,-74,18,-82,95,74,31,66,58,-34,5,-43,-79,98,-53,-97,9,-50,-34,-1,
-3,-66,94,28,16,43,9,48,-92,-88,40,81,-53,-90,75,-93,61,-79,-11,82,1,
-4,-72,100,25,15,39,12,47,-92,-92,40,74,-51,-96,73,-96,59,-82,-20,80,1,
-1,-71,99,25,15,41,8,47,-95,-90,38,76,-56,-93,72,-96,60,-79,-14,80,1,
0,-67,92,28,16,42,7,47,-92,-90,38,73,-53,-93,74,-93,63,-84,-15,81,1,
-10,-19,-70,28,-81,95,80,36,67,59,-34,8,-42,-70,98,-40,-93,13,-47,-26,-1,
-10,-17,-76,23,-84,94,80,30,68,59,-36,10,-41,-74,98,-49,-95,8,-44,-31,-1,
-10,-21,-73,19,-82,101,78,35,67,58,-39,5,-42,-75,98,-45,-93,10,-46,-29,-1,
-7,-24,-73,24,-84,97,76,37,66,59,-36,7,-42,-78,97,-45,-91,11,-45,-30,-1,
-2,-65,95,32,13,43,9,46,-93,-85,38,74,-51,-91,75,-91,63,-79,-17,81,1,
-6,-26,-71,28,-84,96,79,39,65,63,-36,8,-42,-74,98,-47,-88,13,-46,-29,-1,
-4,-68,98,30,17,42,9,47,-92,-85,35,80,-51,-92,76,-98,68,-81,-14,75,1,
-12,-32,-73,17,-77,98,79,32,67,59,-33,6,-43,-77,98,-44,-93,7,-44,-32,-1,
-2,-70,93,29,15,42,7,48,-92,-88,36,76,-53,-95,75,-95,57,-81,-15,82,1,
-12,-25,-71,22,-84,96,79,34,65,60,-37,4,-43,-78,96,-45,-96,10,-45,-30,-1,
0,-67,92,30,14,42,8,47,-94,-93,40,78,-54,-92,71,-94,63,-80,-15,78,1,
-13,-16,-75,24,-79,100,75,34,71,62,-33,7,-41,-73,101,-42,-96,13,-43,-29,-1,
-3,-66,97,30,15,41,13,48,-94,-86,39,79,-52,-92,74,-95,63,-81,-17,74,1,
-6,-68,97,36,19,40,15,49,-89,-86,39,83,-53,-90,78,-92,61,-83,-15,76,1,
-6,-69,89,25,14,41,11,47,-94,-89,44,74,-53,-96,72,-95,62,-84,-15,75,1,
-13,-23,-72,21,-83,95,76,32,67,58,-31,7,-40,-78,99,-47,-91,9,-43,-27,-1,
-2,-69,92,26,12,39,12,49,-93,-89,39,79,-54,-97,77,-97,57,-82,-18,77,1,
-9,-25,-77,20,-83,96,75,35,68,57,-36,9,-41,-78,97,-49,-89,9,-45,-29,-1,
-14,-25,-74,25,-87,95,81,34,63,60,-39,5,-43,-78,98,-49,-95,11,-47,-28,-1,
0,-70,89,28,12,40,5,50,-95,-87,41,72,-53,-94,70,-94,62,-80,-18,77,1,
-3,-72,96,28,17,42,11,47,-91,-88,39,79,-54,-92,74,-96,65,-83,-15,76,1,
-8,-72,94,25,12,39,9,44,-97,-94,35,74,-55,-98,69,-97,62,-82,-17,77,1,
-5,-72,96,27,18,42,12,49,-92,-87,36,76,-52,-90,70,-96,72,-83,-17,78,1,
-5,-70,90,28,17,41,10,47,-95,-87,40,77,-53,-92,70,-98,63,-82,-14,73,1,
-4,-66,95,28,16,42,6,47,-93,-85,37,80,-51,-96,74,-93,62,-80,-14,83,1,
-7,-25,-70,22,-84,95,81,36,66,59,-35,9,-42,-76,98,-46,-88,10,-43,-27,-1,
-14,-27,-77,18,-82,93,77,32,64,57,-38,5,-44,-79,97,-49,-99,6,-50,-34,-1,
-12,-24,-73,22,-81,98,82,31,68,63,-34,2,-40,-72,101,-48,-96,11,-47,-33,-1,
-4,-70,96,29,15,42,9,45,-95,-90,35,73,-55,-96,74,-96,57,-82,-18,87,1,
-11,-20,-77,22,-84,94,80,28,67,56,-37,5,-39,-76,97,-48,-93,10,-50,-26,-1,
-3,-72,95,32,16,37,8,48,-92,-92,37,78,-52,-94,74,-96,63,-78,-14,78,1,
-9,-26,-77,23,-82,98,79,34,65,60,-34,6,-40,-77,99,-51,-89,8,-43,-30,-1,
-7,-68,97,31,15,38,12,47,-93,-86,40,77,-51,-92,73,-93,65,-79,-16,78,1,
-2,-66,94,25,13,40,8,47,-93,-89,38,75,-50,-94,72,-95,61,-81,-17,78,1,
6,-69,97,33,16,44,12,48,-92,-87,38,74,-49,-92,74,-94,59,-78,-12,82,1,
-4,-66,95,28,15,43,6,46,-93,-84,38,75,-51,-95,77,-96,66,-82,-14,78,1,
-2,-73,98,26,17,40,8,45,-95,-88,35,75,-55,-95,76,-99,64,-83,-15,74,1,
-6,-68,96,26,15,39,7,47,-97,-88,36,75,-55,-95,69,-96,67,-82,-18,78,1,
-8,-22,-69,25,-82,99,77,36,66,62,-31,6,-38,-75,103,-43,-94,13,-44,-27,-1,
-9,-27,-76,23,-85,98,77,33,67,58,-33,7,-38,-77,102,-48,-91,9,-45,-31,-1,
-10,-31,-72,23,-80,92,80,35,64,59,-33,4,-42,-80,102,-51,-91,10,-48,-30,-1,
-3,-70,94,26,12,39,5,47,-92,-90,35,76,-55,-94,72,-94,59,-81,-16,77,1,
-10,-21,-72,21,-82,98,73,36,69,62,-34,9,-38,-76,101,-49,-90,10,-44,-29,-1,
-2,-67,95,28,15,42,12,48,-91,-86,39,77,-53,-90,75,-96,66,-81,-16,79,1,
0,-68,94,28,15,42,6,49,-93,-89,36,78,-54,-94,73,-94,63,-81,-17,76,1,
-1,-67,94,29,19,42,8,46,-93,-87,36,76,-53,-91,74,-96,66,-82,-14,76,1,
-2,-71,93,28,14,41,7,44,-94,-88,37,71,-50,-96,72,-96,65,-79,-15,82,1,
-14,-20,-72,19,-81,94,76,28,68,59,-36,4,-41,-77,95,-45,-92,10,-46,-29,-1,
-4,-74,96,28,19,37,11,46,-95,-92,36,74,-54,-96,73,-97,66,-81,-17,80,1,
-9,-70,96,29,13,40,9,47,-96,-88,34,74,-52,-94,69,-95,61,-80,-16,77,1,
-4,-69,96,26,17,37,15,49,-91,-91,42,77,-55,-93,76,-95,65,-80,-16,86,1,
-4,-72,93,28,13,38,7,47,-94,-90,38,78,-57,-95,75,-95,62,-80,-17,77,1,
-1,-74,95,30,14,43,3,45,-93,-91,37,74,-52,-95,72,-97,63,-81,-16,77,1,
-4,-72,94,27,14,39,11,45,-92,-90,37,71,-53,-95,71,-93,62,-80,-16,76,1,
-7,-73,99,25,20,40,7,49,-94,-87,37,82,-55,-95,78,-99,67,-81,-15,82,1,
-1,-66,92,27,16,42,9,48,-92,-85,39,75,-54,-94,77,-95,63,-83,-15,80,1,
-4,-70,92,30,15,40,9,48,-95,-85,36,76,-50,-97,74,-94,63,-80,-16,76,1,
0,-66,96,25,14,42,8,44,-94,-93,36,71,-52,-94,70,-95,65,-81,-14,74,1,
-2,-71,94,27,14,43,4,47,-96,-91,37,74,-50,-97,71,-95,63,-79,-14,78,1,
-6,-69,92,28,17,41,12,47,-94,-88,41,77,-52,-96,76,-97,64,-83,-12,77,1,
-1,-67,90,28,13,41,6,45,-94,-91,37,78,-52,-96,72,-95,62,-80,-13,77,1,
0,-70,93,25,19,41,11,45,-94,-90,35,78,-53,-95,70,-97,65,-83,-14,75,1,
-4,-71,93,25,15,40,7,46,-93,-90,36,79,-56,-95,75,-98,64,-84,-16,75,1,
-15,-23,-72,24,-86,95,79,33,67,57,-38,10,-37,-78,102,-48,-90,9,-51,-26,-1,
-9,-68,92,25,16,40,10,46,-95,-89,35,80,-52,-98,75,-97,60,-84,-15,77,1,
-8,-24,-68,22,-79,95,78,37,67,61,-34,5,-39,-76,102,-48,-90,12,-50,-28,-1,
-17,-24,-72,21,-80,93,76,32,66,62,-36,6,-41,-77,100,-47,-91,10,-49,-28,-1,
-11,-24,-73,23,-83,98,75,36,65,60,-35,5,-41,-73,100,-47,-97,12,-50,-30,-1,
-10,-20,-73,25,-82,95,77,31,66,60,-34,6,-39,-77,103,-45,-94,10,-49,-29,-1,
-4,-70,95,25,14,44,12,47,-93,-88,42,77,-52,-94,72,-96,62,-83,-17,82,1,
-10,-70,91,27,13,41,8,45,-96,-95,39,76,-51,-95,71,-98,59,-81,-16,74,1,
-2,-67,99,29,13,42,12,45,-91,-87,38,76,-53,-93,78,-93,63,-80,-14,78,1,
-6,-72,92,26,16,38,3,47,-95,-88,36,73,-54,-96,71,-96,69,-82,-19,76,1,
-10,-25,-69,18,-77,96,82,29,66,63,-35,6,-42,-76,105,-47,-93,11,-48,-28,-1,
-15,-18,-77,21,-82,93,80,31,67,56,-33,4,-43,-73,95,-49,-98,10,-45,-30,-1,
-4,-69,98,26,15,39,10,49,-94,-85,41,75,-49,-98,74,-93,59,-80,-16,75,1,
0,-71,96,29,19,42,11,48,-93,-86,41,80,-53,-95,76,-97,69,-81,-16,79,1,
-2,-68,99,31,18,40,9,50,-94,-85,42,79,-53,-94,76,-94,64,-81,-14,74,1,
-1,-73,91,29,15,39,0,46,-95,-92,35,74,-56,-98,74,-97,58,-82,-18,80,1,
-5,-67,92,24,11,40,6,46,-95,-87,36,77,-55,-96,73,-98,59,-80,-17,77,1,
-1,-66,94,28,13,42,13,44,-95,-85,38,72,-52,-96,74,-95,59,-82,-16,71,1,
-8,-72,91,28,13,39,10,46,-95,-91,39,78,-54,-96,70,-93,60,-83,-15,71,1,
-10,-25,-74,19,-82,97,80,30,65,58,-35,5,-41,-75,98,-49,-89,7,-45,-30,-1,
-8,-71,97,23,16,41,10,48,-96,-92,40,74,-53,-94,72,-97,66,-82,-15,73,1,
-1,-69,96,25,15,41,7,46,-94,-91,36,73,-51,-96,72,-95,61,-80,-17,82,1,
-16,-26,-77,22,-80,97,75,28,67,57,-31,3,-39,-78,100,-49,-94,7,-45,-32,-1,
-7,-70,97,23,19,37,15,48,-92,-88,36,76,-54,-95,74,-98,69,-83,-16,80,1,
-3,-70,99,25,13,40,8,45,-94,-93,37,74,-53,-97,75,-98,67,-83,-18,73,1,
-5,-72,93,24,14,40,11,46,-95,-90,38,74,-51,-95,68,-95,59,-82,-16,76,1,
-8,-27,-68,19,-84,96,79,33,65,60,-33,8,-42,-75,99,-46,-92,10,-46,-29,-1,
-11,-20,-71,15,-86,95,73,36,66,59,-36,6,-41,-74,98,-52,-95,10,-49,-31,-1,
-11,-23,-70,18,-83,94,76,35,65,61,-35,6,-40,-78,100,-47,-91,9,-48,-29,-1,
-10,-20,-71,18,-84,101,76,33,68,59,-33,8,-43,-74,102,-44,-89,11,-43,-29,-1,
-8,-20,-68,24,-79,95,81,40,65,62,-36,9,-39,-73,102,-48,-91,12,-48,-25,-1,
-12,-28,-72,20,-83,96,78,28,67,58,-32,2,-44,-76,99,-46,-97,12,-46,-32,-1,
-8,-21,-72,21,-83,99,73,33,68,58,-36,7,-39,-74,98,-45,-94,12,-46,-27,-1,
-9,-23,-73,19,-79,98,76,35,66,60,-38,3,-42,-80,98,-48,-94,10,-47,-32,-1,
-4,-66,97,30,17,45,14,46,-95,-87,39,76,-51,-92,75,-94,61,-82,-13,74,1,
1,-72,98,30,15,43,4,48,-93,-88,38,77,-55,-93,77,-97,67,-81,-16,76,1,
-9,-25,-73,24,-83,99,76,37,67,62,-37,8,-40,-75,95,-49,-92,11,-45,-28,-1,
-1,-71,95,31,15,42,12,49,-95,-87,36,76,-48,-95,70,-93,64,-79,-14,72,1,
-13,-29,-71,16,-86,97,74,37,64,61,-38,7,-43,-73,96,-45,-97,9,-47,-29,-1,
-10,-20,-70,19,-83,101,79,35,68,61,-34,11,-37,-73,105,-44,-92,11,-46,-26,-1,
-7,-68,91,27,12,40,6,45,-94,-91,39,73,-53,-93,69,-96,62,-81,-17,79,1,
-18,-23,-74,18,-85,94,79,36,64,55,-34,0,-43,-78,97,-49,-99,7,-48,-33,-1,
-7,-22,-69,17,-78,95,80,37,66,61,-36,4,-42,-73,99,-46,-95,11,-47,-29,-1,
-11,-21,-71,18,-80,98,78,31,70,61,-34,9,-39,-75,100,-44,-88,9,-43,-27,-1,
-4,-24,-77,21,-84,97,76,35,66,58,-38,4,-40,-80,101,-46,-94,10,-48,-32,-1,
-10,-20,-73,25,-83,97,76,34,68,57,-35,8,-39,-72,97,-44,-91,10,-49,-28,-1,
-16,-22,-71,22,-81,92,78,33,67,59,-32,7,-44,-75,97,-45,-96,12,-47,-27,-1,
-7,-67,92,24,10,38,5,46,-94,-84,38,74,-54,-95,71,-96,64,-81,-20,74,1,
0,-67,97,29,15,44,14,46,-92,-89,45,78,-51,-94,77,-95,64,-79,-12,83,1,
-9,-26,-71,23,-79,98,82,40,68,63,-30,7,-39,-73,103,-45,-94,10,-44,-29,-1,
2,-70,96,32,14,42,7,50,-91,-84,41,76,-52,-94,78,-94,67,-80,-14,78,1,
-11,-19,-70,20,-82,99,72,36,68,60,-31,6,-39,-73,98,-50,-95,13,-44,-27,-1,
-16,-27,-72,13,-84,97,74,31,67,59,-33,5,-40,-75,97,-51,-91,6,-47,-32,-1,
-13,-23,-70,24,-81,95,78,32,67,61,-32,8,-38,-78,101,-48,-91,9,-46,-27,-1,
0,-71,95,25,13,41,6,47,-95,-84,39,73,-52,-96,70,-96,60,-80,-18,75,1,
-12,-27,-74,16,-83,92,78,38,66,54,-32,8,-41,-79,101,-51,-91,8,-46,-28,-1,
-7,-70,94,24,14,40,6,47,-92,-89,44,74,-54,-96,76,-96,62,-83,-16,77,1,
-16,-26,-76,23,-81,94,81,33,64,59,-37,5,-41,-79,99,-54,-92,6,-47,-32,-1,
0,-68,94,29,18,40,6,49,-91,-85,36,77,-51,-94,73,-95,63,-81,-16,75,1,
-2,-69,89,30,13,41,13,47,-93,-83,34,76,-51,-95,75,-94,64,-79,-16,80,1,
-6,-70,93,25,15,41,8,47,-93,-90,39,75,-50,-96,74,-97,62,-83,-16,78,1,
-10,-24,-72,23,-79,95,74,36,66,60,-33,8,-39,-79,101,-45,-96,11,-45,-27,-1,
-8,-68,95,21,14,39,9,47,-97,-88,38,77,-51,-97,70,-96,66,-83,-17,73,1,
-5,-72,98,31,15,38,9,46,-94,-89,36,77,-53,-99,78,-97,61,-81,-19,80,1,
-15,-21,-73,23,-82,98,77,33,68,60,-34,5,-41,-76,97,-46,-94,11,-45,-30,-1,
-6,-23,-74,25,-79,96,80,35,66,60,-36,5,-44,-77,97,-46,-90,11,-43,-31,-1,
0,-71,96,29,15,43,9,47,-93,-86,38,77,-53,-98,81,-96,61,-82,-15,81,1,
-8,-17,-72,20,-79,98,80,43,68,62,-34,5,-38,-74,106,-48,-93,12,-47,-28,-1,
-3,-66,96,29,14,42,9,47,-94,-89,38,72,-53,-94,76,-95,59,-81,-16,77,1,
-1,-67,95,32,19,40,15,50,-92,-85,37,78,-50,-94,78,-93,67,-79,-13,80,1,
-6,-20,-70,24,-84,95,81,33,64,60,-35,5,-43,-74,100,-46,-91,13,-49,-27,-1,
-15,-31,-68,19,-83,94,78,31,63,60,-36,5,-43,-80,103,-51,-94,7,-51,-33,-1,
-1,-69,94,29,13,42,5,47,-91,-89,41,75,-51,-94,75,-95,59,-80,-15,78,1,
-12,-25,-74,22,-78,95,82,36,68,62,-31,6,-40,-75,100,-46,-96,10,-43,-29,-1,
-1,-66,93,26,16,40,7,51,-92,-89,37,80,-51,-95,75,-96,68,-82,-16,78,1,
-14,-26,-69,22,-82,92,78,33,65,58,-33,5,-40,-77,101,-48,-96,9,-50,-28,-1,
-2,-65,95,27,17,41,14,47,-93,-88,39,78,-53,-95,75,-97,62,-83,-16,80,1,
-7,-69,85,23,12,36,11,46,-92,-90,33,77,-51,-99,74,-96,64,-81,-15,78,1,
-14,-26,-68,24,-84,95,73,39,68,60,-33,9,-39,-77,101,-48,-91,12,-49,-29,-1,
0,-69,93,28,18,43,6,48,-95,-83,34,78,-54,-92,72,-96,67,-82,-16,80,1,
-14,-26,-77,19,-84,95,77,33,65,55,-35,3,-39,-80,99,-52,-95,6,-48,-31,-1,
0,-71,98,32,17,41,12,48,-89,-86,39,77,-51,-96,80,-94,62,-80,-17,81,1,
-3,-70,100,28,17,43,7,45,-93,-94,40,80,-56,-94,76,-98,67,-84,-16,73,1,
0,-72,96,28,15,41,3,46,-94,-90,40,76,-54,-98,75,-96,65,-81,-15,73,1,
-7,-75,99,22,14,38,5,48,-95,-88,39,75,-56,-96,74,-96,63,-81,-18,72,1,
-15,-25,-71,21,-85,94,72,33,66,57,-37,7,-43,-79,98,-44,-91,8,-46,-30,-1,
-10,-17,-67,20,-82,97,78,34,68,60,-30,8,-41,-73,102,-40,-98,11,-44,-29,-1,
-14,-21,-75,27,-82,92,77,31,65,59,-37,7,-38,-79,98,-50,-91,6,-48,-30,-1,
-4,-70,94,24,17,41,11,48,-93,-88,36,78,-51,-98,76,-96,64,-83,-15,77,1,
-11,-24,-68,23,-81,98,82,28,69,61,-28,6,-42,-74,104,-43,-96,11,-42,-30,-1,
-12,-27,-74,26,-83,96,83,36,67,60,-35,7,-40,-79,101,-49,-88,11,-44,-27,-1,
-8,-70,93,28,13,39,12,48,-92,-90,41,74,-51,-93,72,-92,60,-82,-18,78,1,
-1,-69,96,28,14,41,10,47,-93,-89,45,71,-53,-92,72,-94,57,-80,-15,81,1,
-3,-25,-71,21,-83,99,79,34,66,61,-35,5,-43,-77,100,-48,-92,13,-45,-30,-1,
-18,-23,-77,16,-80,96,74,34,67,57,-35,7,-42,-77,101,-47,-93,8,-48,-28,-1,
-8,-26,-71,23,-81,96,75,35,67,60,-37,7,-42,-81,99,-44,-93,12,-47,-30,-1,
-12,-71,96,27,13,38,12,43,-95,-90,40,70,-54,-94,72,-97,64,-83,-19,72,1,
1,-72,95,26,14,40,10,46,-95,-94,38,75,-56,-96,72,-101,64,-84,-19,74,1,
-14,-25,-74,20,-80,97,81,35,67,61,-37,7,-41,-77,101,-46,-85,9,-42,-27,-1,
-10,-25,-74,22,-83,98,78,35,66,62,-32,5,-42,-78,102,-50,-96,10,-42,-31,-1,
-3,-71,93,30,15,35,9,43,-94,-86,28,78,-55,-95,73,-97,63,-80,-18,73,1,
-1,-71,96,25,18,43,13,48,-93,-86,37,76,-52,-95,75,-97,65,-82,-15,79,1,
-10,-23,-74,26,-78,95,76,34,68,58,-35,9,-42,-79,96,-45,-92,10,-45,-30,-1,
-5,-73,93,23,16,39,3,46,-93,-92,40,71,-57,-95,71,-96,64,-85,-19,74,1,
0,-68,98,26,16,42,14,46,-92,-88,43,74,-53,-92,73,-94,64,-81,-14,78,1,
-5,-70,95,24,15,39,10,47,-93,-93,36,70,-53,-97,74,-95,62,-82,-16,80,1,
-12,-25,-72,23,-84,95,75,38,66,57,-32,10,-39,-77,102,-51,-88,10,-47,-28,-1,
0,-68,97,30,15,42,10,47,-90,-87,36,77,-53,-92,77,-92,62,-79,-15,84,1,
-5,-68,92,29,17,38,7,49,-94,-86,31,74,-52,-95,75,-95,65,-82,-16,81,1,
-12,-31,-73,18,-84,93,72,35,65,56,-34,5,-42,-78,98,-47,-93,9,-50,-30,-1,
-12,-26,-71,19,-85,95,82,31,68,60,-36,8,-38,-73,96,-44,-91,9,-48,-27,-1,
-9,-33,-70,22,-86,94,81,32,64,59,-34,4,-42,-78,96,-43,-95,8,-45,-31,-1,
-12,-25,-75,18,-86,98,72,27,67,56,-37,5,-40,-81,99,-53,-92,7,-49,-33,-1,
-2,-70,98,29,16,43,14,47,-95,-85,40,77,-52,-94,76,-96,62,-82,-13,72,1,
-10,-20,-68,24,-80,97,83,34,68,61,-33,11,-40,-73,105,-44,-87,12,-47,-25,-1,
0,-66,95,29,16,41,9,48,-92,-86,35,76,-52,-95,74,-96,68,-81,-17,80,1,
-10,-19,-71,23,-76,95,79,35,69,61,-29,8,-41,-72,97,-45,-91,10,-41,-28,-1,
-3,-67,93,31,12,40,10,44,-94,-86,38,78,-54,-96,77,-96,63,-81,-15,74,1,
-7,-67,93,30,13,43,4,46,-94,-88,35,76,-55,-95,77,-97,58,-83,-19,83,1,
-1,-68,94,31,12,39,5,44,-95,-90,37,72,-54,-92,70,-93,61,-77,-17,76,1,
-15,-23,-72,21,-84,94,79,33,66,55,-35,5,-40,-81,99,-47,-93,9,-48,-30,-1,
-11,-25,-73,25,-85,100,76,33,68,60,-33,7,-39,-77,100,-48,-93,10,-42,-31,-1,
-6,-69,95,27,15,39,12,47,-93,-91,40,75,-53,-93,72,-92,66,-79,-15,81,1,
-1,-67,92,26,15,42,6,47,-91,-88,35,75,-51,-95,73,-93,63,-82,-17,79,1,
-3,-69,98,31,15,42,8,47,-95,-86,41,76,-52,-91,76,-92,58,-80,-15,76,1,
-2,-70,94,30,16,42,7,48,-92,-88,36,75,-52,-90,71,-93,62,-79,-14,79,1,
-15,-23,-75,22,-83,94,75,29,66,58,-32,3,-39,-80,105,-48,-98,9,-48,-32,-1,
-6,-74,91,31,17,40,8,50,-95,-88,37,75,-49,-99,75,-96,65,-81,-15,81,1,
-6,-70,96,28,18,41,11,45,-95,-88,35,79,-54,-95,77,-97,66,-82,-15,75,1,
-4,-68,96,28,15,41,7,48,-93,-90,37,76,-54,-90,71,-95,62,-80,-16,85,1,
0,-71,95,28,17,45,8,46,-93,-87,40,71,-50,-92,69,-94,65,-81,-12,77,1,
-9,-24,-73,21,-83,97,75,33,66,60,-34,7,-41,-77,100,-54,-91,10,-45,-30,-1,
-1,-69,93,24,14,41,3,48,-96,-91,39,75,-54,-93,69,-95,62,-79,-16,76,1,
-13,-29,-72,19,-81,95,76,31,67,58,-32,5,-40,-78,100,-49,-89,9,-48,-30,-1,
0,-69,93,26,16,41,8,47,-93,-86,40,72,-51,-93,71,-94,63,-79,-14,75,1,
-9,-24,-72,24,-79,96,79,32,67,60,-33,7,-44,-78,98,-48,-90,10,-41,-30,-1,
-5,-71,96,30,18,37,6,47,-92,-90,32,76,-53,-94,75,-94,65,-83,-17,80,1,
-8,-20,-73,22,-80,98,80,33,69,61,-35,10,-39,-76,99,-47,-92,11,-44,-27,-1,
-8,-29,-68,19,-83,98,75,37,68,61,-33,7,-39,-78,99,-42,-90,11,-43,-29,-1,
-7,-26,-69,23,-76,96,82,38,66,64,-32,7,-43,-74,102,-44,-89,12,-43,-29,-1,
-8,-23,-75,21,-83,98,75,37,67,58,-34,4,-38,-75,101,-47,-91,11,-48,-29,-1,
-13,-20,-72,19,-84,96,74,36,68,59,-37,8,-42,-76,93,-43,-95,10,-46,-28,-1,
0,-70,92,33,14,39,8,47,-91,-87,32,79,-53,-95,78,-97,61,-80,-16,80,1,
-12,-22,-71,22,-85,95,76,36,68,58,-35,10,-40,-73,97,-46,-95,9,-45,-27,-1,
-8,-66,94,28,12,37,6,48,-94,-85,39,76,-50,-96,74,-93,63,-80,-16,75,1,
-10,-28,-73,24,-82,99,74,32,66,61,-39,6,-45,-77,98,-48,-95,12,-46,-33,-1,
-9,-25,-65,19,-81,95,72,37,68,61,-34,8,-41,-78,97,-46,-85,10,-43,-28,-1,
-5,-71,95,30,14,40,11,47,-93,-86,41,76,-52,-94,73,-95,66,-79,-15,79,1,
-3,-69,94,32,17,42,8,46,-95,-87,35,80,-55,-93,74,-96,65,-81,-14,76,1,
0,-71,91,25,13,45,2,47,-97,-90,37,79,-54,-98,72,-98,64,-83,-16,75,1,
-4,-72,98,28,19,41,12,45,-93,-92,33,77,-51,-95,71,-95,61,-83,-17,76,1,
-12,-21,-72,22,-79,92,77,33,66,58,-36,9,-45,-72,95,-43,-93,10,-49,-28,-1,
0,-72,93,24,14,41,9,47,-96,-90,37,74,-55,-98,73,-98,58,-82,-18,77,1,
-3,-72,96,26,14,41,10,45,-95,-89,34,76,-51,-96,75,-98,65,-81,-17,76,1,
-8,-22,-71,18,-83,97,75,32,68,57,-33,3,-39,-76,101,-46,-99,12,-50,-29,-1,
-2,-68,94,27,13,41,11,48,-93,-88,39,75,-52,-98,79,-96,68,-82,-16,77,1,
-13,-25,-77,20,-84,97,79,33,65,58,-35,3,-39,-77,100,-51,-94,10,-49,-29,-1,
-11,-20,-69,21,-87,97,77,35,67,60,-35,9,-42,-73,100,-46,-91,12,-45,-27,-1,
-6,-73,90,29,13,41,2,45,-92,-86,35,74,-53,-96,74,-95,64,-82,-18,78,1,
1,-70,100,26,16,43,6,45,-92,-95,36,73,-52,-95,76,-97,63,-81,-15,74,1,
-2,-74,93,31,14,44,10,50,-92,-83,45,72,-49,-91,74,-93,65,-79,-15,77,1,
-5,-71,94,32,17,41,10,46,-92,-87,38,76,-54,-96,80,-97,60,-83,-15,75,1,
-4,-68,95,26,14,38,13,46,-94,-89,41,78,-54,-95,72,-95,61,-82,-17,76,1,
-5,-26,-73,19,-83,98,78,35,68,61,-33,10,-40,-77,104,-48,-92,9,-44,-30,-1,
0,-70,97,26,16,38,9,47,-90,-93,43,81,-57,-96,75,-94,64,-82,-17,80,1,
-10,-23,-74,25,-80,95,82,30,67,63,-33,8,-39,-75,103,-50,-91,10,-44,-28,-1,
-12,-22,-76,26,-86,98,82,27,67,60,-36,9,-42,-76,100,-46,-94,9,-40,-29,-1,
3,-71,99,27,18,40,4,50,-95,-87,39,78,-52,-98,76,-98,60,-81,-14,75,1,
-14,-20,-75,27,-81,98,78,37,68,60,-32,8,-40,-74,99,-44,-93,11,-44,-29,-1,
-10,-70,94,24,10,41,5,47,-94,-93,37,73,-53,-94,72,-95,60,-83,-19,80,1,
-11,-19,-71,20,-80,98,74,33,71,59,-31,8,-39,-73,100,-44,-93,11,-48,-28,-1,
-8,-68,93,25,15,39,8,46,-93,-90,36,73,-54,-94,72,-96,61,-84,-18,74,1,
-10,-19,-77,24,-82,99,74,35,69,61,-36,9,-37,-76,101,-44,-92,12,-47,-27,-1,
-5,-72,95,25,16,39,10,46,-94,-94,43,74,-55,-95,72,-96,63,-81,-16,74,1,
-10,-22,-73,20,-81,97,77,36,65,59,-33,5,-40,-75,98,-47,-93,9,-47,-30,-1,
6,-68,98,34,17,43,10,50,-91,-86,44,78,-50,-93,75,-92,68,-77,-12,84,1,
-3,-74,96,27,14,37,10,47,-93,-92,38,69,-53,-98,73,-97,61,-81,-20,82,1,
0,-72,99,28,17,39,15,47,-92,-88,38,74,-50,-95,74,-97,62,-81,-16,76,1,
-14,-22,-75,17,-80,93,76,34,66,59,-35,6,-45,-72,94,-50,-98,10,-46,-29,-1,
-11,-30,-75,22,-79,94,77,30,66,58,-31,7,-45,-76,98,-45,-95,9,-43,-31,-1,
-15,-30,-74,21,-81,100,85,37,67,60,-35,5,-40,-78,97,-46,-94,10,-44,-28,-1,
-12,-20,-68,21,-87,96,74,36,67,59,-32,8,-40,-70,99,-47,-93,12,-47,-27,-1,
2,-68,93,25,18,41,9,48,-96,-84,40,76,-55,-98,72,-96,62,-82,-13,77,1,
-5,-72,96,27,16,43,8,44,-93,-95,43,75,-52,-93,72,-95,61,-84,-17,81,1,
-5,-68,93,27,16,38,9,43,-94,-91,36,72,-56,-96,72,-96,61,-83,-17,74,1,
0,-71,90,29,10,39,2,46,-97,-86,32,72,-53,-99,72,-97,62,-80,-19,74,1,
-13,-22,-72,25,-79,95,82,32,65,60,-32,3,-42,-77,103,-46,-95,12,-46,-30,-1,
-15,-27,-68,17,-77,95,79,30,67,63,-30,5,-45,-75,98,-52,-92,10,-43,-31,-1,
-5,-66,92,26,12,39,9,45,-92,-88,37,70,-50,-95,73,-93,60,-81,-18,78,1,
-13,-27,-69,20,-83,96,80,33,67,61,-33,6,-38,-76,104,-47,-97,9,-47,-30,-1,
-9,-23,-68,21,-83,96,83,31,66,62,-33,6,-40,-76,106,-49,-87,11,-46,-28,-1,
-12,-24,-69,19,-81,97,78,28,68,62,-35,9,-43,-76,102,-46,-93,10,-45,-31,-1,
-10,-28,-72,23,-84,96,80,37,67,58,-34,7,-43,-75,97,-41,-89,11,-41,-30,-1,
-5,-69,91,29,18,43,11,46,-92,-88,36,72,-50,-92,70,-94,64,-80,-12,82,1,
0,-72,95,29,15,40,8,46,-94,-89,38,73,-54,-96,74,-95,60,-80,-16,78,1,
-12,-20,-74,25,-81,98,80,31,67,60,-34,7,-37,-78,103,-48,-94,9,-47,-28,-1,
0,-72,97,28,18,43,11,45,-91,-85,32,82,-52,-95,76,-96,62,-83,-17,80,1,
-4,-71,98,30,18,41,8,47,-96,-89,38,77,-52,-94,72,-96,61,-81,-14,72,1,
-15,-24,-79,23,-85,95,80,30,66,60,-37,7,-42,-76,101,-51,-94,9,-47,-32,-1,
-5,-70,97,27,14,39,11,44,-92,-96,33,77,-52,-93,72,-95,60,-82,-18,78,1,
-4,-67,95,30,17,42,12,49,-93,-80,35,78,-51,-93,77,-98,67,-83,-16,80,1,
0,-66,96,30,16,45,12,49,-92,-84,36,79,-50,-95,79,-95,66,-80,-12,79,1,
-5,-68,96,29,15,41,11,44,-93,-87,36,73,-52,-92,73,-94,62,-79,-15,83,1,
-4,-70,94,28,14,36,6,48,-97,-88,36,73,-53,-98,70,-94,63,-81,-19,76,1,
-12,-21,-70,23,-79,97,77,37,70,60,-34,4,-40,-78,97,-46,-95,13,-46,-28,-1,
-10,-24,-72,24,-86,102,74,36,66,61,-36,7,-39,-78,100,-49,-91,11,-43,-28,-1,
-15,-25,-75,23,-84,99,78,39,67,62,-36,6,-37,-79,104,-51,-95,11,-46,-29,-1,
0,-67,94,28,15,41,8,48,-93,-88,43,76,-56,-92,75,-94,59,-80,-16,80,1,
-1,-67,98,28,15,43,11,49,-90,-84,44,78,-49,-95,79,-93,64,-79,-11,74,1,
0,-67,96,28,15,40,8,47,-93,-86,38,72,-53,-94,75,-95,64,-81,-18,80,1,
-15,-25,-75,15,-83,93,73,36,64,56,-37,6,-44,-80,99,-53,-95,9,-48,-28,-1,
-9,-23,-75,18,-85,97,68,32,68,59,-33,6,-41,-72,96,-49,-97,11,-47,-31,-1,
-4,-67,96,30,19,40,6,49,-91,-85,32,79,-54,-94,76,-95,60,-84,-16,81,1,
1,-69,97,30,16,42,5,47,-92,-91,40,77,-54,-95,76,-94,62,-81,-14,78,1,
-1,-70,95,32,14,42,1,46,-93,-90,35,78,-54,-95,75,-94,64,-80,-15,79,1,
-1,-70,92,27,14,42,10,47,-92,-87,38,76,-54,-95,75,-95,62,-82,-18,78,1,
-4,-67,101,30,16,41,8,48,-93,-92,34,78,-51,-90,71,-92,67,-78,-15,76,1,
-12,-23,-70,16,-81,97,73,35,68,59,-35,5,-41,-77,96,-43,-95,7,-47,-31,-1,
-17,-23,-72,22,-81,97,75,34,66,58,-36,4,-43,-82,99,-51,-90,9,-45,-33,-1,
-6,-71,98,29,13,37,10,47,-94,-88,35,74,-52,-94,71,-94,59,-78,-15,76,1,
-4,-68,96,28,18,42,10,50,-91,-86,38,81,-52,-96,77,-96,59,-83,-14,77,1,
-3,-72,99,32,19,40,7,48,-95,-84,34,79,-52,-93,71,-94,69,-79,-13,80,1,
-10,-26,-76,22,-83,96,73,36,66,60,-34,8,-42,-79,99,-49,-98,11,-45,-31,-1,
-3,-73,91,27,14,41,8,47,-96,-91,38,74,-53,-97,68,-95,59,-82,-16,79,1,
-13,-33,-70,17,-80,97,74,36,67,59,-34,4,-42,-80,98,-46,-96,8,-46,-32,-1,
-2,-71,95,29,11,38,4,46,-92,-89,35,75,-54,-98,76,-96,60,-83,-20,75,1,
-1,-70,97,28,11,39,5,46,-92,-94,36,73,-58,-92,74,-95,57,-81,-20,79,1,
-11,-20,-70,24,-79,96,78,36,69,61,-30,5,-39,-74,98,-43,-96,13,-46,-29,-1,
-5,-70,101,23,16,42,7,44,-94,-95,39,71,-54,-94,71,-96,61,-82,-15,73,1,
-13,-20,-75,25,-85,98,74,36,68,57,-38,6,-39,-78,96,-45,-97,11,-48,-30,-1,
-12,-24,-73,24,-87,99,73,34,66,61,-38,5,-40,-82,100,-48,-94,12,-46,-30,-1,
-10,-22,-77,19,-79,98,76,37,67,58,-32,10,-42,-77,104,-46,-94,10,-44,-28,-1,
-6,-70,95,26,17,41,9,48,-94,-92,37,76,-53,-95,74,-96,67,-82,-15,80,1,
-9,-29,-71,20,-80,97,76,38,65,60,-31,5,-42,-76,100,-47,-91,9,-43,-30,-1,
0,-68,95,24,16,41,2,48,-92,-86,36,75,-51,-95,73,-95,60,-81,-17,79,1,
-15,-25,-70,19,-82,98,77,35,66,60,-35,3,-41,-79,100,-49,-93,11,-47,-31,-1,
-9,-19,-73,22,-86,97,75,32,68,58,-33,10,-38,-77,101,-45,-95,7,-45,-29,-1,
-10,-24,-65,17,-83,99,78,33,69,60,-33,9,-39,-77,104,-44,-94,11,-47,-28,-1,
-15,-23,-74,22,-81,92,77,41,63,58,-34,5,-44,-76,97,-52,-92,8,-46,-31,-1,
-14,-24,-77,23,-80,95,76,31,66,61,-34,5,-39,-77,99,-51,-95,9,-45,-28,-1,
-5,-69,97,28,15,38,11,44,-96,-91,36,75,-57,-92,70,-98,68,-80,-17,74,1,
-5,-73,94,29,14,39,10,44,-92,-94,38,75,-54,-96,72,-95,62,-81,-15,76,1,
-4,-66,90,34,16,43,6,47,-94,-86,38,78,-48,-99,75,-92,68,-81,-11,74,1,
0,-68,92,32,14,42,11,48,-91,-86,39,72,-50,-93,75,-93,65,-80,-15,80,1,
-2,-71,94,31,17,42,9,47,-92,-91,34,72,-51,-94,77,-97,65,-81,-13,79,1,
-1,-70,98,28,13,42,5,48,-96,-89,40,71,-53,-96,73,-93,60,-79,-16,82,1,
-9,-23,-73,17,-85,97,73,40,68,57,-33,5,-36,-75,98,-46,-95,11,-47,-28,-1,
-6,-64,94,31,14,39,13,43,-93,-86,37,76,-54,-91,74,-96,68,-79,-13,75,1,
-2,-71,95,29,17,37,12,48,-95,-84,36,79,-57,-94,72,-97,62,-80,-16,74,1,
-3,-68,94,28,15,44,8,46,-91,-86,38,76,-54,-89,74,-95,61,-81,-14,82,1,
4,-69,93,27,16,40,5,49,-94,-83,41,75,-54,-94,72,-93,62,-78,-15,80,1,
-1,-69,94,29,13,41,8,47,-94,-88,35,76,-51,-94,73,-96,60,-80,-18,76,1,
-1,-70,95,30,14,41,5,49,-94,-87,43,78,-54,-92,73,-93,63,-78,-16,80,1,
-7,-27,-73,23,-81,98,74,34,65,59,-35,6,-42,-77,102,-49,-88,10,-45,-30,-1,
-11,-23,-71,21,-84,94,79,35,65,59,-36,5,-42,-71,98,-46,-95,12,-50,-28,-1,
-16,-25,-71,18,-84,97,73,30,66,62,-35,9,-43,-78,101,-47,-96,8,-41,-30,-1,
-16,-19,-78,19,-81,95,76,34,66,56,-36,6,-41,-78,98,-47,-96,7,-47,-30,-1,
-11,-25,-71,19,-87,96,76,31,65,57,-37,7,-43,-77,98,-49,-92,9,-48,-30,-1,
-17,-24,-71,17,-86,98,75,33,66,59,-37,6,-37,-78,101,-49,-94,7,-50,-28,-1,
-12,-24,-69,22,-81,99,80,35,65,63,-37,4,-42,-75,97,-47,-95,11,-48,-29,-1,
-12,-18,-71,23,-86,97,83,30,67,61,-39,9,-39,-75,97,-41,-92,10,-43,-24,-1,
-5,-68,94,29,14,40,11,49,-92,-89,42,78,-54,-91,74,-94,66,-81,-17,79,1,
-12,-23,-75,25,-80,92,79,37,66,59,-36,4,-40,-76,97,-46,-92,10,-51,-31,-1,
-6,-69,100,28,14,40,12,47,-91,-86,39,73,-49,-92,75,-93,63,-79,-15,78,1,
-3,-72,95,30,13,42,7,48,-94,-90,42,76,-56,-93,75,-97,58,-81,-16,79,1,
-2,-69,94,26,15,45,8,46,-95,-89,39,78,-51,-97,73,-98,63,-82,-16,76,1,
2,-73,98,29,18,42,14,47,-91,-92,39,78,-53,-94,78,-97,65,-82,-11,71,1,
-12,-23,-74,19,-86,95,76,32,66,58,-34,7,-40,-77,101,-52,-95,8,-45,-30,-1,
-9,-24,-74,22,-83,98,75,36,66,61,-36,5,-42,-76,95,-47,-95,12,-45,-29,-1,
0,-66,96,30,14,44,9,47,-94,-86,42,75,-51,-95,76,-93,60,-80,-14,74,1,
-11,-23,-74,17,-83,92,76,32,66,56,-33,4,-43,-76,97,-50,-93,8,-49,-32,-1,
-1,-68,98,29,16,42,6,47,-94,-85,35,76,-56,-93,76,-95,63,-82,-15,74,1,
-11,-23,-73,21,-81,97,76,32,67,58,-34,3,-42,-76,98,-49,-96,11,-47,-33,-1,
-3,-68,96,27,13,44,5,48,-91,-93,46,73,-55,-93,75,-93,61,-82,-14,80,1,
-1,-69,103,30,15,41,12,46,-94,-89,41,75,-52,-92,74,-93,58,-79,-15,81,1,
0,-66,92,27,18,46,9,48,-92,-88,45,77,-56,-90,73,-93,64,-84,-11,78,1,
-16,-28,-69,17,-82,94,76,37,65,61,-35,4,-40,-79,102,-47,-97,10,-50,-30,-1,
-1,-71,93,28,16,40,4,47,-95,-90,41,75,-52,-95,70,-95,62,-80,-13,75,1,
-8,-71,98,25,18,42,14,44,-93,-88,38,73,-50,-96,74,-94,67,-80,-12,80,1,
0,-69,97,26,14,42,11,46,-92,-84,35,76,-49,-96,76,-95,59,-81,-18,78,1,
-1,-72,95,21,18,42,11,48,-92,-92,39,74,-54,-94,73,-99,62,-84,-14,80,1,
-7,-25,-69,21,-81,95,83,34,67,61,-31,6,-39,-74,104,-50,-86,11,-45,-29,-1,
-11,-66,94,27,15,38,7,47,-94,-85,39,77,-55,-95,73,-94,67,-82,-16,78,1,
-11,-21,-72,28,-78,95,79,34,67,61,-32,10,-39,-76,104,-47,-89,11,-46,-28,-1,
-10,-20,-71,22,-87,99,76,33,67,60,-34,6,-39,-77,100,-46,-89,11,-44,-29,-1,
5,-69,90,31,11,44,5,49,-93,-88,35,76,-52,-96,77,-95,59,-80,-19,80,1,
-4,-71,90,30,11,38,12,44,-95,-93,37,71,-51,-96,69,-94,60,-79,-17,79,1,
-13,-26,-71,20,-81,96,74,35,65,60,-35,5,-43,-76,98,-47,-96,10,-47,-31,-1,
-3,-66,97,24,12,41,6,45,-96,-90,39,72,-55,-97,74,-96,63,-81,-18,73,1,
2,-72,96,28,16,40,4,48,-92,-87,39,77,-56,-97,78,-98,63,-83,-16,77,1,
-2,-69,94,33,17,41,9,49,-95,-87,40,78,-53,-95,72,-94,68,-81,-15,76,1,
-2,-71,99,32,14,40,10,50,-97,-90,41,78,-55,-93,75,-93,64,-79,-15,77,1,
-12,-20,-75,25,-83,98,83,42,67,59,-36,5,-38,-79,100,-48,-87,10,-44,-28,-1,
-7,-69,95,25,15,41,11,46,-93,-91,37,78,-52,-93,71,-94,63,-82,-15,77,1,
-12,-21,-68,24,-83,98,75,37,66,61,-36,7,-38,-76,104,-44,-92,11,-49,-28,-1,
-3,-67,95,29,17,41,13,49,-91,-89,42,79,-50,-94,74,-95,70,-83,-14,78,1,
-18,-31,-75,19,-82,95,76,31,63,62,-38,3,-46,-82,99,-54,-98,9,-47,-34,-1,
-1,-70,95,33,16,43,5,48,-92,-86,36,78,-51,-93,74,-93,60,-79,-14,81,1,
-6,-67,99,31,14,44,10,46,-92,-90,39,73,-50,-89,74,-92,61,-81,-16,79,1,
-14,-23,-76,26,-86,96,78,37,65,59,-35,6,-37,-81,99,-50,-92,7,-43,-29,-1,
-1,-67,97,30,19,44,16,49,-92,-88,42,78,-49,-91,75,-93,67,-80,-12,80,1,
1,-71,95,28,19,42,9,48,-91,-86,37,78,-52,-93,75,-97,63,-82,-12,76,1,
-2,-71,92,28,15,40,7,48,-96,-89,35,75,-54,-98,73,-94,59,-82,-19,80,1,
-9,-26,-72,15,-81,96,78,41,66,60,-33,2,-38,-76,102,-51,-95,10,-48,-29,-1,
-11,-17,-73,22,-81,96,73,34,68,61,-36,8,-40,-76,98,-49,-91,11,-47,-29,-1,
-7,-67,94,28,12,43,7,47,-95,-87,40,75,-54,-91,74,-95,62,-81,-15,78,1,
-12,-25,-71,17,-78,95,75,34,66,61,-36,6,-44,-75,95,-45,-97,10,-47,-30,-1,
0,-69,98,28,16,43,8,49,-93,-90,40,76,-52,-90,72,-94,62,-79,-15,81,1,
-10,-21,-73,17,-81,93,78,35,65,56,-33,5,-40,-78,104,-47,-92,9,-49,-29,-1,
1,-70,91,33,14,41,5,50,-95,-85,43,78,-53,-94,74,-93,64,-77,-15,79,1,
-5,-70,93,28,14,39,13,44,-96,-89,42,73,-58,-96,72,-95,55,-82,-16,74,1,
0,-70,99,28,16,44,10,47,-93,-83,40,76,-51,-94,73,-93,59,-79,-13,80,1,
-3,-66,90,27,13,39,10,47,-90,-89,43,77,-56,-93,73,-96,64,-82,-17,81,1,
-10,-20,-71,26,-80,97,77,35,66,61,-35,2,-38,-77,101,-49,-95,13,-50,-30,-1,
0,-70,93,28,17,42,8,49,-93,-89,35,75,-54,-92,75,-97,63,-84,-16,79,1,
-13,-26,-73,19,-85,93,74,30,65,58,-36,10,-43,-76,100,-47,-96,7,-48,-32,-1,
0,-71,98,29,16,43,10,48,-91,-86,39,74,-48,-91,75,-94,60,-78,-16,82,1,
2,-73,92,27,17,40,3,48,-94,-89,36,74,-51,-101,72,-97,64,-82,-17,79,1,
-8,-69,92,27,10,41,6,45,-95,-89,38,76,-52,-95,73,-95,59,-80,-16,76,1,
-14,-25,-79,19,-82,97,70,30,69,59,-36,6,-40,-79,91,-52,-95,7,-45,-33,-1,
-10,-19,-73,24,-82,94,80,35,66,61,-36,7,-43,-76,98,-49,-94,12,-44,-29,-1,
-7,-73,91,24,12,42,5,43,-97,-93,35,70,-57,-98,72,-100,58,-85,-20,69,1,
-6,-73,88,20,14,37,3,45,-95,-91,32,70,-55,-100,69,-98,64,-85,-18,74,1,
-9,-68,98,26,15,46,6,45,-91,-88,43,77,-51,-91,77,-97,66,-82,-15,78,1,
-12,-70,93,24,17,36,9,47,-97,-90,32,77,-55,-95,71,-97,67,-81,-18,81,1,
-14,-24,-73,21,-82,97,74,32,66,61,-35,4,-41,-78,100,-50,-95,10,-47,-31,-1,
0,-71,100,33,15,43,13,44,-91,-87,36,78,-53,-93,81,-98,62,-80,-17,80,1,
-1,-67,96,28,17,42,11,49,-92,-85,46,76,-50,-91,73,-91,64,-77,-12,84,1,
-11,-20,-73,23,-80,99,77,34,67,58,-35,5,-39,-75,97,-44,-90,9,-46,-28,-1,
-2,-70,92,28,13,41,10,44,-94,-91,39,69,-50,-94,68,-92,59,-81,-15,72,1,
-5,-73,100,25,17,38,11,45,-95,-92,35,75,-56,-95,73,-99,62,-83,-18,75,1,
-11,-21,-77,21,-82,95,73,31,66,56,-33,5,-39,-75,99,-45,-95,7,-47,-30,-1,
-12,-19,-72,25,-82,97,74,35,68,59,-32,7,-39,-76,103,-45,-94,12,-47,-29,-1,
-15,-22,-74,20,-79,95,74,34,66,59,-35,5,-45,-76,98,-45,-98,9,-46,-32,-1,
-12,-22,-76,24,-80,95,80,29,67,61,-35,6,-39,-79,102,-49,-93,9,-45,-30,-1,
0,-67,98,28,18,40,14,50,-95,-88,42,80,-54,-94,74,-95,65,-81,-13,77,1,
-12,-21,-72,23,-85,96,78,31,67,60,-33,9,-40,-73,100,-44,-92,9,-45,-29,-1,
0,-70,93,26,16,41,6,48,-92,-94,41,78,-54,-95,73,-97,68,-82,-14,76,1,
-11,-26,-73,19,-80,94,81,33,67,60,-34,7,-41,-74,98,-48,-95,11,-46,-26,-1,
-12,-26,-71,20,-83,97,73,29,68,63,-33,7,-41,-76,100,-48,-92,10,-41,-29,-1,
-8,-22,-70,26,-85,95,79,33,65,58,-37,8,-42,-76,97,-47,-91,12,-48,-28,-1,
0,-68,91,31,15,43,11,45,-93,-87,36,74,-53,-93,72,-96,61,-83,-13,72,1,
-9,-23,-67,25,-83,100,79,38,68,64,-36,8,-41,-75,98,-44,-93,13,-41,-28,-1,
-17,-24,-70,23,-86,92,79,28,64,58,-34,0,-43,-77,99,-52,-92,10,-51,-33,-1,
-13,-24,-77,19,-85,97,73,32,67,59,-38,4,-40,-82,100,-51,-92,7,-45,-33,-1,
0,-70,92,31,15,41,8,47,-91,-89,37,75,-55,-94,75,-96,59,-82,-15,79,1,
-15,-28,-71,20,-85,95,77,35,66,55,-36,4,-41,-78,101,-43,-92,9,-50,-31,-1,
0,-71,92,26,16,44,9,44,-93,-89,38,73,-54,-94,71,-99,60,-85,-16,74,1,
-13,-27,-69,21,-81,96,72,30,66,60,-33,5,-40,-78,98,-47,-95,8,-47,-32,-1,
-6,-69,100,26,16,39,13,46,-92,-90,38,75,-53,-93,76,-95,66,-81,-15,78,1,
-12,-23,-71,22,-85,96,74,36,68,63,-38,11,-43,-73,101,-47,-94,14,-46,-27,-1,
-9,-19,-72,21,-78,98,74,41,69,63,-34,10,-38,-77,97,-44,-92,11,-44,-25,-1,
-6,-25,-74,24,-84,98,78,35,67,61,-34,6,-42,-76,102,-47,-94,14,-44,-29,-1,
-12,-24,-72,26,-83,97,77,33,67,61,-32,8,-38,-76,100,-49,-91,12,-45,-27,-1,
-10,-24,-74,20,-82,95,71,30,67,59,-35,6,-42,-77,98,-49,-92,9,-47,-34,-1,
-5,-69,95,27,17,39,8,47,-94,-83,37,75,-51,-95,74,-93,64,-78,-16,84,1,
-12,-30,-72,21,-88,96,76,31,65,58,-34,4,-42,-76,97,-49,-96,12,-49,-29,-1,
-2,-70,96,27,16,41,6,48,-92,-91,39,76,-52,-95,74,-96,66,-81,-16,81,1,
-15,-26,-72,20,-84,95,74,33,65,59,-35,4,-39,-81,101,-50,-94,10,-47,-28,-1,
-7,-23,-68,20,-77,100,80,36,69,63,-34,8,-39,-77,102,-46,-89,12,-41,-28,-1,
-16,-17,-71,26,-82,97,74,34,67,57,-31,6,-36,-74,101,-46,-95,11,-48,-26,-1,
-5,-68,96,27,11,41,10,48,-93,-86,37,74,-53,-94,75,-93,60,-81,-18,76,1,
-3,-67,93,27,17,39,7,49,-94,-91,38,77,-54,-94,71,-94,62,-81,-15,79,1,
-14,-27,-74,23,-81,91,78,26,66,57,-39,7,-43,-79,99,-50,-94,9,-50,-29,-1,
-14,-21,-73,20,-81,99,79,32,65,61,-37,4,-40,-78,98,-46,-95,10,-46,-28,-1,
-4,-72,93,29,13,42,9,45,-95,-90,45,73,-51,-94,71,-94,66,-77,-13,77,1,
-10,-25,-65,21,-84,97,80,36,64,64,-33,7,-40,-75,102,-48,-93,11,-45,-27,-1,
-7,-21,-68,23,-83,98,80,32,67,60,-35,10,-45,-76,102,-43,-88,11,-43,-30,-1,
-11,-25,-69,24,-85,95,78,33,63,61,-34,5,-42,-78,100,-48,-95,9,-45,-31,-1,
-6,-68,97,27,15,40,9,44,-95,-88,37,70,-51,-94,70,-96,63,-81,-16,79,1,
-2,-71,96,26,14,46,7,48,-93,-86,38,76,-54,-93,76,-97,64,-82,-15,80,1,
2,-69,102,28,15,41,7,44,-94,-87,36,72,-54,-94,77,-95,66,-79,-17,82,1,
4,-72,95,32,16,41,12,46,-94,-87,35,73,-52,-94,73,-94,64,-80,-17,77,1,
-10,-20,-75,22,-82,96,80,32,67,58,-37,8,-43,-76,99,-49,-95,11,-45,-29,-1,
0,-72,93,28,15,38,7,48,-96,-86,37,80,-57,-97,69,-96,63,-80,-17,75,1,
1,-71,95,31,15,42,9,46,-94,-93,38,71,-53,-90,69,-93,60,-81,-19,76,1,
-2,-74,95,24,17,40,8,47,-96,-94,39,72,-55,-96,70,-98,59,-83,-19,74,1,
1,-70,96,27,17,40,10,47,-92,-91,41,80,-55,-93,73,-96,64,-80,-15,79,1,
-15,-20,-73,22,-82,98,75,35,68,58,-37,7,-41,-75,95,-41,-98,12,-48,-27,-1,
2,-70,98,27,15,42,13,47,-96,-86,40,74,-51,-95,74,-97,65,-78,-16,82,1,
-18,-20,-74,21,-79,93,78,35,67,58,-34,6,-42,-75,94,-47,-99,8,-46,-29,-1,
-12,-23,-68,19,-80,93,77,41,66,59,-34,8,-40,-76,101,-45,-92,11,-48,-25,-1,
-6,-72,92,29,15,41,12,46,-94,-89,40,77,-53,-96,73,-95,65,-82,-14,77,1,
-8,-26,-73,22,-81,97,78,39,67,61,-32,9,-41,-75,103,-52,-91,11,-44,-29,-1,
-14,-25,-75,17,-85,93,72,30,65,57,-38,5,-42,-79,98,-52,-90,8,-51,-30,-1,
-3,-74,90,33,15,41,11,47,-95,-84,37,76,-53,-94,73,-95,66,-79,-14,77,1,
-1,-71,92,26,14,42,13,45,-94,-82,39,73,-53,-96,75,-96,61,-81,-15,73,1,
-2,-70,94,28,15,39,7,46,-96,-85,36,77,-54,-99,74,-98,65,-80,-17,73,1,
-15,-22,-73,21,-83,98,79,36,67,61,-37,3,-37,-76,102,-51,-97,10,-49,-29,-1,
-4,-69,95,30,13,39,8,49,-93,-90,41,77,-55,-92,73,-94,63,-82,-20,82,1,
-1,-69,94,28,13,41,13,46,-93,-89,40,75,-51,-91,70,-95,62,-79,-15,73,1,
-15,-20,-78,21,-81,96,75,36,67,58,-34,3,-43,-75,96,-51,-99,10,-46,-33,-1,
-2,-67,95,29,16,41,7,49,-93,-88,38,76,-54,-93,75,-96,64,-81,-17,83,1,
-2,-66,99,26,18,41,9,48,-93,-83,42,79,-52,-93,74,-96,64,-78,-13,80,1,
-1,-70,95,30,15,42,11,45,-93,-85,42,71,-52,-93,77,-95,67,-78,-13,81,1,
-15,-23,-72,16,-84,96,76,37,67,55,-31,6,-41,-76,102,-48,-93,7,-45,-31,-1,
-13,-29,-76,20,-82,94,73,29,65,59,-34,5,-43,-78,98,-50,-97,9,-45,-30,-1,
