-1,-72,96,27,13,42,6,45,-93,-92,34,77,-53,-93,74,-97,63,-82,-20,75,1,
-3,-71,93,25,16,39,8,47,-97,-89,41,74,-55,-98,71,-96,60,-82,-16,76,1,
-10,-29,-74,20,-83,95,79,33,64,59,-36,5,-44,-73,97,-48,-96,9,-46,-29,-1,
-2,-70,92,31,16,40,10,48,-95,-86,33,75,-54,-95,74,-98,69,-81,-16,80,1,
-6,-32,-74,21,-84,94,76,29,65,57,-33,4,-42,-75,101,-51,-96,12,-47,-30,-1,
-4,-68,93,25,12,39,5,46,-95,-89,36,73,-52,-93,72,-95,64,-79,-17,81,1,
-1,-69,96,28,14,41,6,47,-94,-90,38,78,-54,-94,73,-96,64,-81,-15,73,1,
-6,-69,97,30,16,41,7,46,-94,-87,34,77,-52,-96,77,-97,67,-82,-15,79,1,
-1,-66,97,29,15,42,5,47,-92,-86,40,77,-54,-91,74,-94,61,-82,-18,76,1,
-14,-20,-73,17,-82,95,74,31,67,59,-35,7,-41,-75,99,-48,-93,8,-47,-31,-1,
-8,-19,-70,28,-79,99,75,42,70,61,-35,9,-36,-78,102,-43,-89,12,-47,-27,-1,
-10,-19,-72,23,-82,99,73,35,69,60,-35,8,-40,-77,99,-47,-95,13,-43,-28,-1,
-7,-67,89,30,10,41,9,46,-93,-83,36,74,-49,-95,77,-93,65,-79,-16,77,1,
-9,-66,93,28,18,41,11,47,-93,-86,38,75,-53,-92,70,-93,67,-82,-14,81,1,
-8,-28,-72,23,-79,98,83,33,65,64,-35,5,-43,-75,101,-45,-94,10,-44,-31,-1,
-15,-24,-75,19,-83,96,79,34,65,59,-39,5,-44,-76,98,-49,-97,8,-50,-32,-1,
-17,-23,-74,23,-85,96,74,33,65,57,-36,2,-44,-80,100,-51,-96,11,-49,-33,-1,
0,-69,99,29,17,39,10,47,-92,-87,38,79,-53,-94,75,-94,60,-80,-13,78,1,
-9,-29,-69,18,-77,97,75,35,67,60,-31,5,-40,-78,101,-48,-92,9,-45,-31,-1,
-11,-29,-68,21,-83,95,80,34,67,61,-34,4,-39,-75,99,-42,-91,11,-49,-27,-1,
-4,-70,99,27,14,36,11,47,-91,-85,38,75,-54,-95,79,-96,63,-81,-18,80,1,
-5,-23,-72,21,-76,99,76,32,71,62,-30,9,-37,-75,102,-43,-92,10,-43,-29,-1,
-15,-22,-75,25,-85,95,77,38,67,56,-34,5,-41,-80,99,-49,-94,11,-43,-31,-1,
-12,-18,-75,22,-80,97,79,38,68,62,-39,10,-41,-77,97,-45,-90,10,-44,-26,-1,
-7,-22,-74,28,-80,98,81,31,67,60,-37,3,-41,-74,98,-45,-92,12,-47,-31,-1,
-14,-22,-76,25,-80,96,80,38,65,60,-35,5,-43,-76,100,-50,-93,11,-47,-30,-1,
-1,-68,93,28,15,42,10,47,-92,-88,35,76,-50,-96,75,-95,65,-81,-17,80,1,
-12,-25,-71,25,-82,97,76,36,66,61,-35,8,-40,-75,100,-42,-96,11,-50,-29,-1,
-9,-24,-75,23,-81,96,79,31,68,58,-33,4,-37,-78,102,-46,-91,9,-47,-29,-1,
-13,-24,-69,22,-85,94,81,35,67,61,-34,9,-41,-75,101,-45,-92,10,-46,-27,-1,
-10,-26,-74,14,-84,94,72,33,64,57,-37,5,-41,-77,97,-53,-93,8,-50,-29,-1,
-1,-71,93,27,13,45,8,43,-94,-90,32,71,-51,-96,75,-96,59,-82,-15,74,1,
-1,-67,92,26,14,41,10,51,-95,-83,43,75,-54,-96,72,-93,64,-82,-18,79,1,
-13,-25,-70,21,-88,96,76,38,64,59,-36,7,-42,-76,101,-46,-94,10,-49,-29,-1,
-7,-67,98,28,15,37,1,48,-94,-89,30,79,-52,-92,70,-98,64,-80,-17,75,1,
-10,-21,-72,28,-85,94,75,30,67,57,-32,5,-39,-74,99,-46,-95,11,-49,-29,-1,
-1,-68,92,26,13,41,9,46,-92,-90,41,76,-53,-93,70,-95,63,-80,-15,77,1,
-10,-22,-72,22,-85,96,76,35,67,59,-36,12,-43,-77,96,-47,-90,7,-43,-31,-1,
-3,-72,94,28,15,39,11,44,-94,-87,36,74,-52,-97,71,-95,57,-79,-14,77,1,
-16,-20,-74,23,-82,95,74,34,67,62,-38,9,-41,-77,100,-52,-91,10,-46,-28,-1,
-14,-22,-74,22,-83,98,77,34,69,57,-33,3,-38,-80,101,-47,-95,12,-46,-29,-1,
-14,-24,-75,18,-82,95,79,31,65,62,-39,6,-40,-78,99,-50,-93,8,-47,-29,-1,
-7,-68,97,31,19,38,18,47,-94,-95,39,80,-53,-93,73,-93,64,-81,-12,81,1,
0,-68,92,32,13,41,15,45,-90,-89,40,74,-51,-90,72,-93,60,-81,-14,75,1,
-11,-25,-77,21,-81,94,73,29,66,57,-35,5,-42,-77,95,-50,-99,10,-48,-30,-1,
-11,-24,-72,20,-81,94,75,27,66,59,-35,6,-39,-80,98,-51,-92,8,-47,-30,-1,
0,-73,97,26,14,39,6,49,-95,-84,40,74,-55,-97,71,-94,62,-79,-16,80,1,
-11,-23,-73,24,-80,94,81,31,67,58,-30,6,-38,-78,99,-42,-92,7,-43,-28,-1,
-10,-26,-73,25,-85,96,80,25,68,59,-32,8,-42,-78,100,-48,-90,9,-41,-33,-1,
-12,-26,-75,23,-82,99,82,35,68,62,-39,5,-38,-77,96,-47,-95,10,-47,-30,-1,
-12,-28,-77,21,-82,92,75,34,63,58,-36,8,-44,-79,99,-53,-96,7,-48,-31,-1,
-14,-23,-76,17,-82,98,74,34,69,59,-37,4,-37,-80,98,-50,-93,9,-46,-29,-1,
-13,-24,-72,17,-80,96,74,34,67,62,-34,8,-43,-75,99,-47,-99,11,-45,-28,-1,
-10,-19,-72,26,-83,96,71,30,67,59,-33,8,-44,-76,99,-50,-92,13,-45,-30,-1,
-4,-70,97,28,17,40,12,47,-92,-89,38,79,-53,-94,74,-96,65,-83,-18,76,1,
-2,-71,99,24,15,41,6,46,-97,-84,38,73,-50,-99,72,-98,62,-78,-18,78,1,
-5,-68,93,28,15,41,11,47,-94,-87,42,76,-52,-96,74,-96,65,-80,-16,85,1,
-11,-19,-69,19,-78,96,81,38,67,61,-31,7,-40,-75,106,-46,-93,11,-46,-27,-1,
-10,-25,-73,24,-80,97,80,41,67,62,-34,9,-43,-76,104,-44,-93,12,-45,-29,-1,
-4,-65,93,28,12,38,8,45,-92,-85,34,75,-53,-92,72,-94,61,-80,-18,74,1,
-4,-66,95,32,16,39,11,48,-91,-85,38,76,-52,-93,78,-94,61,-82,-18,79,1,
-9,-67,90,29,16,38,9,45,-93,-91,33,79,-53,-94,70,-96,69,-81,-15,78,1,
3,-68,93,29,14,43,16,48,-92,-89,45,77,-54,-90,72,-94,63,-81,-14,76,1,
-2,-70,93,31,14,43,10,45,-93,-89,44,74,-50,-92,77,-96,58,-79,-15,81,1,
0,-70,94,24,15,41,6,45,-92,-90,37,73,-56,-97,76,-97,59,-83,-19,79,1,
-1,-68,99,30,17,37,14,49,-91,-83,38,77,-53,-93,78,-94,64,-80,-15,77,1,
-16,-19,-67,20,-79,97,79,27,69,61,-34,5,-40,-79,100,-46,-94,9,-43,-31,-1,
-1,-65,98,33,16,44,8,48,-92,-91,47,82,-54,-91,76,-91,62,-79,-11,84,1,
-1,-74,92,25,16,39,5,45,-93,-91,38,72,-57,-94,70,-98,60,-84,-19,76,1,
0,-68,93,32,16,41,9,46,-93,-89,34,77,-55,-94,74,-95,61,-81,-15,80,1,
-2,-68,96,28,14,44,8,48,-94,-84,37,78,-49,-91,74,-93,64,-78,-13,75,1,
-7,-67,90,29,14,38,9,48,-95,-89,40,77,-52,-96,74,-93,63,-79,-14,82,1,
-11,-30,-78,21,-80,95,74,34,64,58,-35,3,-40,-83,101,-50,-95,7,-48,-32,-1,
-4,-64,93,25,17,41,10,50,-91,-86,36,80,-52,-92,76,-95,66,-82,-14,81,1,
0,-71,97,29,13,39,7,48,-96,-90,34,67,-51,-96,71,-95,61,-77,-17,81,1,
-11,-22,-71,19,-76,100,75,37,69,61,-32,7,-41,-77,99,-47,-90,11,-43,-29,-1,
-1,-67,94,30,14,41,11,45,-93,-89,37,76,-53,-96,75,-97,62,-83,-15,75,1,
-7,-69,94,28,18,40,8,47,-92,-88,38,78,-55,-94,76,-97,66,-83,-16,76,1,
-9,-28,-76,20,-87,93,78,33,63,62,-36,7,-45,-75,101,-53,-90,9,-42,-31,-1,
-10,-29,-70,20,-84,97,80,33,67,59,-34,5,-40,-79,103,-46,-88,9,-45,-30,-1,
-1,-71,97,29,17,42,8,50,-88,-90,38,76,-51,-91,76,-92,64,-82,-14,84,1,
-13,-24,-73,26,-85,96,82,35,64,61,-40,8,-47,-75,99,-42,-93,13,-47,-28,-1,
-3,-66,99,28,22,44,9,49,-94,-85,37,77,-50,-92,75,-94,69,-82,-14,83,1,
-13,-20,-71,20,-78,96,78,35,69,58,-30,7,-40,-79,102,-44,-91,8,-44,-30,-1,
-14,-22,-77,23,-83,91,77,30,65,57,-37,5,-44,-77,97,-52,-94,9,-50,-31,-1,
-15,-27,-73,21,-83,96,79,31,65,60,-38,5,-41,-81,100,-46,-92,7,-47,-31,-1,
-16,-23,-71,19,-82,94,70,35,65,58,-34,2,-42,-75,99,-47,-97,12,-51,-29,-1,
-4,-69,96,27,14,36,9,45,-96,-89,34,79,-52,-102,75,-94,59,-80,-18,80,1,
-4,-70,92,28,15,41,10,45,-95,-87,39,72,-52,-95,72,-96,65,-80,-15,76,1,
-9,-24,-71,18,-85,97,77,37,65,59,-37,7,-41,-73,98,-46,-94,10,-49,-27,-1,
-6,-65,94,30,14,38,11,48,-93,-87,33,76,-54,-95,80,-96,58,-82,-17,82,1,
-1,-71,92,26,16,39,10,49,-93,-88,40,73,-55,-95,73,-95,64,-82,-17,81,1,
-13,-69,93,28,16,38,14,47,-94,-88,37,76,-51,-95,72,-93,64,-83,-15,81,1,
-3,-69,95,28,15,39,12,42,-95,-86,38,74,-55,-94,73,-93,61,-81,-15,75,1,
-1,-70,93,27,15,40,9,49,-92,-83,35,75,-54,-95,74,-95,62,-82,-20,79,1,
-3,-70,95,28,16,43,9,49,-93,-89,37,76,-54,-91,75,-96,63,-81,-16,80,1,
0,-69,97,31,18,39,10,47,-93,-88,34,78,-53,-94,76,-94,69,-80,-13,80,1,
-12,-19,-73,21,-82,96,80,35,68,58,-32,7,-38,-78,103,-50,-89,8,-44,-29,-1,
-2,-64,97,26,12,38,8,48,-94,-86,43,76,-53,-95,76,-93,61,-78,-15,77,1,
-14,-23,-73,18,-84,99,75,35,67,59,-34,2,-39,-76,101,-50,-94,10,-48,-31,-1,
-10,-29,-77,22,-84,97,74,38,64,60,-38,6,-43,-79,99,-50,-92,9,-45,-32,-1,
-11,-22,-71,21,-81,96,78,34,68,62,-34,6,-40,-76,97,-46,-95,10,-45,-30,-1,
-6,-70,92,26,13,40,2,45,-98,-88,31,75,-54,-98,72,-98,64,-82,-19,73,1,
-5,-72,97,27,17,41,2,47,-97,-89,39,74,-54,-96,69,-95,60,-83,-17,73,1,
-10,-19,-75,25,-78,97,77,37,69,60,-34,9,-39,-77,98,-41,-91,10,-42,-27,-1,
-1,-71,102,30,16,43,9,49,-92,-85,42,79,-50,-92,76,-93,65,-78,-13,80,1,
-2,-69,93,23,14,41,11,45,-92,-92,40,72,-55,-94,73,-98,60,-83,-14,77,1,
3,-67,92,29,14,42,7,47,-92,-82,36,74,-52,-93,75,-94,67,-81,-17,78,1,
-5,-66,93,30,17,41,9,49,-92,-86,39,78,-51,-92,73,-94,63,-82,-14,78,1,
-10,-20,-73,19,-85,98,75,35,67,58,-37,5,-41,-75,102,-46,-97,11,-48,-30,-1,
-12,-23,-78,23,-84,95,75,32,66,56,-36,7,-40,-77,97,-46,-97,9,-48,-28,-1,
-13,-29,-76,19,-81,94,73,33,66,57,-34,4,-41,-76,97,-50,-95,9,-52,-31,-1,
-13,-18,-73,23,-78,100,79,33,69,63,-32,7,-40,-75,104,-47,-93,12,-42,-28,-1,
-12,-24,-71,19,-81,96,77,33,67,58,-34,9,-39,-80,101,-48,-90,9,-44,-27,-1,
-2,-73,93,31,11,41,7,46,-92,-86,37,73,-52,-97,77,-96,63,-81,-18,77,1,
-6,-69,97,27,19,39,9,48,-93,-88,38,78,-58,-92,75,-95,65,-82,-15,80,1,
-1,-67,96,28,14,41,8,50,-91,-86,42,76,-53,-93,75,-92,59,-80,-15,82,1,
0,-67,93,29,14,39,7,48,-96,-87,37,76,-54,-94,69,-94,60,-79,-18,78,1,
0,-69,92,29,15,40,13,49,-94,-88,37,75,-50,-96,71,-97,64,-80,-16,80,1,
-9,-17,-70,25,-83,99,80,30,68,59,-34,9,-41,-75,101,-41,-94,12,-42,-26,-1,
-13,-29,-76,20,-82,95,76,38,65,57,-36,1,-41,-78,99,-54,-94,10,-51,-32,-1,
-14,-20,-73,30,-84,98,78,37,67,57,-34,7,-41,-80,101,-42,-92,11,-46,-29,-1,
-11,-26,-71,23,-83,97,77,34,64,59,-35,5,-39,-76,101,-51,-87,9,-48,-29,-1,
-13,-19,-75,22,-81,98,79,35,68,62,-35,8,-37,-76,102,-49,-92,9,-44,-27,-1,
-11,-28,-74,23,-86,95,70,32,66,57,-37,8,-43,-75,96,-49,-95,9,-48,-30,-1,
-10,-27,-70,21,-81,96,78,33,67,60,-35,6,-43,-76,98,-45,-91,8,-45,-33,-1,
-19,-30,-74,20,-79,92,80,26,66,59,-36,7,-46,-79,100,-49,-94,7,-48,-32,-1,
-14,-24,-75,24,-83,96,76,28,69,62,-35,8,-40,-77,98,-48,-93,9,-47,-31,-1,
0,-69,93,32,13,42,7,44,-90,-88,42,73,-55,-93,80,-96,62,-79,-12,77,1,
4,-71,97,31,12,42,2,46,-92,-86,37,70,-50,-94,76,-94,64,-78,-17,80,1,
-12,-23,-72,17,-80,94,81,33,67,59,-33,7,-41,-76,98,-48,-91,9,-45,-27,-1,
-4,-70,92,28,14,40,11,43,-96,-88,34,73,-55,-94,70,-96,60,-82,-19,74,1,
-12,-22,-75,19,-79,98,76,34,67,62,-35,3,-42,-75,98,-50,-96,10,-45,-31,-1,
-7,-26,-69,20,-76,94,81,36,65,64,-35,3,-43,-78,98,-49,-89,11,-49,-32,-1,
-11,-21,-74,22,-86,96,75,37,63,59,-37,7,-44,-79,100,-51,-92,9,-45,-31,-1,
-11,-34,-77,20,-84,94,77,29,64,59,-37,6,-44,-79,101,-54,-92,9,-45,-31,-1,
-15,-19,-75,25,-80,99,78,32,69,60,-31,5,-38,-78,101,-47,-95,9,-42,-31,-1,
0,-66,94,33,17,43,8,47,-94,-88,36,80,-52,-92,71,-93,65,-80,-15,79,1,
-11,-26,-77,20,-80,92,79,33,64,58,-33,9,-43,-72,100,-45,-98,9,-47,-25,-1,
-11,-22,-74,19,-81,98,74,39,68,61,-37,11,-39,-78,102,-46,-93,9,-45,-27,-1,
-11,-25,-70,21,-84,97,80,30,68,60,-30,5,-40,-74,102,-44,-95,10,-43,-30,-1,
-5,-69,98,31,16,41,12,45,-95,-89,38,78,-54,-92,75,-95,62,-80,-12,74,1,
-11,-21,-68,19,-78,94,76,34,66,58,-34,7,-41,-76,98,-46,-91,9,-48,-27,-1,
-5,-20,-75,23,-79,102,76,33,69,60,-32,7,-38,-75,103,-46,-91,9,-44,-31,-1,
-10,-24,-71,18,-88,98,74,33,67,58,-36,6,-39,-80,99,-48,-92,10,-46,-30,-1,
0,-71,100,28,12,43,11,47,-92,-89,44,73,-52,-91,76,-94,63,-80,-16,78,1,
-2,-72,95,32,15,38,8,44,-92,-95,33,74,-54,-93,73,-94,64,-80,-17,77,1,
-8,-24,-66,19,-83,96,77,33,67,60,-33,8,-42,-70,98,-46,-89,11,-46,-28,-1,
-14,-21,-73,19,-79,98,76,35,67,60,-35,8,-43,-75,100,-45,-89,11,-45,-26,-1,
-2,-66,100,25,15,41,9,46,-93,-86,37,78,-52,-96,74,-94,67,-81,-13,73,1,
-18,-24,-72,24,-81,92,83,32,67,60,-32,6,-40,-79,103,-47,-95,9,-45,-28,-1,
-9,-23,-70,22,-84,97,80,30,67,62,-29,7,-43,-71,103,-47,-93,12,-41,-31,-1,
-6,-21,-74,21,-83,95,78,32,69,63,-35,8,-38,-76,101,-51,-87,9,-43,-29,-1,
-18,-28,-77,19,-83,94,73,35,66,59,-34,2,-39,-81,95,-53,-94,7,-46,-32,-1,
-5,-69,96,28,14,40,5,47,-94,-85,38,75,-54,-93,73,-93,61,-81,-18,79,1,
-10,-16,-73,24,-84,97,80,35,69,60,-33,10,-36,-77,103,-49,-91,10,-42,-27,-1,
-5,-69,93,25,16,40,10,48,-94,-85,35,76,-54,-95,75,-96,60,-82,-15,83,1,
-9,-20,-74,20,-81,97,74,34,68,62,-33,6,-38,-74,101,-50,-97,11,-45,-29,-1,
-3,-69,98,26,14,43,6,48,-92,-90,42,78,-54,-94,77,-99,61,-82,-15,81,1,
-12,-19,-74,26,-85,96,76,38,67,57,-35,8,-37,-78,101,-45,-95,9,-48,-28,-1,
-13,-25,-69,22,-81,98,76,37,67,60,-32,8,-41,-74,99,-45,-93,12,-46,-27,-1,
-5,-67,90,28,15,39,5,46,-94,-87,34,77,-54,-94,72,-96,65,-82,-16,75,1,
-13,-25,-72,22,-79,98,80,39,67,59,-32,6,-40,-76,100,-48,-92,9,-46,-31,-1,
-4,-20,-74,18,-78,100,83,39,70,62,-31,6,-37,-72,102,-48,-93,11,-42,-28,-1,
-15,-28,-70,24,-82,96,80,35,65,61,-35,3,-41,-77,99,-47,-94,12,-47,-28,-1,
-5,-69,93,27,17,42,7,45,-95,-88,36,75,-53,-96,75,-98,61,-82,-16,78,1,
-15,-26,-70,23,-80,93,77,37,67,59,-30,6,-42,-74,98,-46,-94,11,-45,-28,-1,
-3,-67,96,29,18,43,13,47,-94,-86,38,79,-53,-92,74,-95,63,-81,-14,80,1,
-4,-68,95,23,13,39,8,48,-94,-88,39,74,-53,-96,75,-96,60,-81,-15,79,1,
-10,-26,-75,22,-79,100,78,37,68,62,-33,5,-40,-73,99,-45,-92,12,-45,-28,-1,
-8,-27,-71,24,-83,99,82,33,66,63,-36,8,-38,-76,100,-50,-92,9,-43,-28,-1,
-16,-19,-72,22,-78,97,76,36,67,61,-37,4,-39,-77,98,-48,-94,10,-48,-28,-1,
-9,-21,-74,14,-88,99,75,34,67,61,-38,5,-41,-74,96,-50,-93,9,-44,-32,-1,
0,-67,92,30,12,42,10,47,-94,-85,38,77,-52,-93,75,-95,58,-80,-14,77,1,
-10,-23,-72,29,-84,96,82,29,65,61,-33,3,-40,-77,101,-47,-94,11,-45,-31,-1,
-5,-71,98,28,16,39,11,51,-92,-87,36,79,-55,-93,77,-94,64,-81,-18,80,1,
-14,-28,-70,21,-80,98,81,36,66,59,-30,5,-38,-74,105,-44,-93,11,-47,-26,-1,
-7,-22,-69,19,-83,98,77,38,69,61,-34,10,-39,-75,101,-43,-92,11,-45,-28,-1,
-17,-29,-75,19,-89,95,77,31,65,59,-42,6,-42,-78,97,-52,-93,8,-51,-32,-1,
-10,-18,-73,24,-86,96,74,30,66,59,-38,6,-42,-81,101,-52,-93,12,-45,-29,-1,
-2,-69,94,28,15,41,8,46,-94,-90,32,76,-51,-95,73,-98,66,-82,-18,75,1,
-12,-26,-73,20,-82,97,75,35,66,61,-35,5,-40,-75,97,-46,-95,11,-48,-30,-1,
-3,-68,92,25,15,41,9,46,-96,-87,41,73,-52,-94,71,-96,59,-82,-15,78,1,
3,-72,94,30,17,42,13,45,-92,-90,38,74,-52,-92,73,-93,60,-79,-12,77,1,
0,-74,97,25,15,42,9,45,-93,-88,37,75,-53,-95,74,-99,64,-81,-15,76,1,
0,-71,97,28,10,40,5,46,-93,-89,39,70,-52,-96,75,-95,59,-80,-20,79,1,
-17,-21,-79,23,-81,91,74,32,66,55,-33,5,-42,-75,97,-50,-94,9,-50,-31,-1,
-1,-66,98,33,15,38,8,48,-96,-79,39,80,-49,-95,74,-90,61,-75,-13,80,1,
-13,-25,-71,20,-84,98,79,33,67,61,-38,6,-41,-75,100,-46,-92,10,-46,-29,-1,
-11,-24,-74,22,-79,96,75,37,67,61,-33,10,-42,-76,103,-47,-93,10,-44,-29,-1,
-8,-24,-69,22,-84,99,77,36,66,62,-33,9,-43,-75,100,-44,-95,13,-41,-28,-1,
-14,-16,-76,19,-82,97,75,29,67,60,-39,4,-42,-77,98,-48,-98,11,-47,-29,-1,
-13,-25,-75,17,-83,96,72,29,69,57,-33,8,-40,-78,97,-49,-98,9,-45,-30,-1,
-4,-67,95,28,14,40,12,47,-94,-86,44,75,-52,-94,76,-93,63,-80,-14,78,1,
-14,-25,-73,24,-83,97,77,32,67,60,-34,3,-38,-77,100,-49,-93,11,-48,-28,-1,
-15,-26,-72,22,-83,96,81,30,67,60,-37,7,-41,-77,100,-47,-92,9,-46,-28,-1,
0,-69,97,26,14,42,6,49,-94,-90,38,74,-52,-92,73,-96,68,-80,-18,76,1,
-8,-23,-75,24,-81,98,79,36,68,59,-37,6,-36,-79,101,-47,-91,11,-47,-28,-1,
0,-69,95,30,17,41,11,46,-92,-90,36,79,-54,-92,74,-97,63,-82,-15,79,1,
-12,-21,-73,17,-82,92,74,32,66,58,-31,6,-42,-75,105,-49,-98,9,-48,-31,-1,
-5,-69,93,28,18,43,11,47,-92,-87,39,76,-52,-89,73,-97,64,-82,-13,78,1,
0,-72,94,30,18,42,8,47,-90,-89,41,75,-52,-91,74,-94,68,-80,-14,84,1,
-3,-68,92,24,14,36,7,48,-94,-91,37,79,-56,-95,72,-96,60,-82,-18,76,1,
-10,-23,-71,23,-80,99,85,38,69,62,-33,9,-38,-73,107,-45,-89,13,-45,-25,-1,
-11,-21,-72,23,-84,99,74,37,68,61,-35,7,-42,-76,97,-46,-94,12,-46,-31,-1,
-6,-24,-72,22,-83,96,77,39,65,62,-37,7,-42,-76,100,-47,-93,12,-46,-27,-1,
-7,-72,94,27,12,42,4,47,-94,-86,43,73,-50,-96,73,-95,63,-79,-14,78,1,
-3,-71,96,27,14,41,14,44,-93,-87,34,74,-49,-98,76,-99,65,-83,-17,75,1,
-11,-20,-71,21,-76,97,75,37,70,62,-36,8,-39,-77,98,-45,-91,12,-46,-27,-1,
-8,-25,-70,23,-84,99,76,40,67,60,-36,6,-38,-77,98,-49,-93,12,-46,-29,-1,
-11,-26,-71,20,-86,97,77,33,66,58,-34,7,-40,-75,101,-49,-93,9,-46,-29,-1,
-10,-27,-72,25,-80,99,79,34,66,59,-35,8,-35,-77,101,-43,-89,8,-46,-27,-1,
-12,-27,-72,24,-81,96,80,36,68,60,-34,6,-39,-77,100,-43,-90,10,-47,-29,-1,
-11,-20,-71,19,-81,97,76,32,68,58,-31,9,-41,-76,102,-48,-93,8,-46,-30,-1,
-1,-63,96,32,18,39,8,52,-88,-84,41,81,-49,-89,76,-89,66,-76,-11,86,1,
-11,-21,-71,23,-77,97,77,35,67,63,-35,6,-41,-76,98,-45,-95,12,-47,-28,-1,
-14,-25,-78,17,-84,94,74,30,64,58,-39,6,-43,-78,96,-51,-99,7,-49,-31,-1,
-3,-68,95,26,15,45,8,50,-93,-85,40,76,-49,-93,73,-95,69,-80,-13,76,1,
-10,-23,-68,23,-79,95,80,32,65,59,-34,4,-43,-75,101,-44,-93,12,-48,-29,-1,
-7,-22,-69,23,-81,97,78,37,65,61,-33,4,-41,-76,104,-47,-95,16,-48,-27,-1,
-4,-70,93,28,13,41,11,47,-95,-89,41,79,-52,-97,73,-96,66,-82,-16,76,1,
-9,-24,-76,18,-81,101,77,39,69,62,-37,7,-42,-77,100,-44,-95,13,-43,-29,-1,
2,-70,95,30,14,41,6,46,-93,-91,37,72,-50,-95,72,-93,59,-79,-14,76,1,
-2,-70,96,26,14,37,6,46,-93,-95,37,75,-54,-96,72,-97,62,-82,-17,77,1,
-1,-65,93,29,14,39,15,47,-92,-88,42,75,-52,-91,72,-92,59,-79,-15,81,1,
-12,-19,-71,19,-83,98,80,32,66,59,-35,6,-41,-74,103,-47,-92,11,-47,-29,-1,
-11,-21,-73,20,-82,96,78,33,67,59,-34,8,-45,-76,99,-45,-96,11,-43,-30,-1,
-1,-68,95,25,15,41,9,46,-94,-87,42,73,-54,-97,75,-96,63,-82,-16,74,1,
-1,-66,95,29,15,41,11,46,-95,-87,38,79,-54,-94,74,-96,59,-80,-14,77,1,
-7,-71,99,29,11,40,10,45,-94,-89,41,75,-53,-95,75,-95,63,-81,-18,76,1,
-13,-31,-72,21,-81,98,82,35,66,64,-37,5,-40,-76,98,-47,-95,9,-47,-30,-1,
-9,-26,-76,17,-82,93,75,35,64,59,-39,6,-42,-76,95,-50,-97,6,-46,-31,-1,
-15,-21,-77,18,-84,94,75,37,64,59,-38,1,-40,-79,99,-55,-94,10,-52,-31,-1,
0,-68,94,32,13,43,6,48,-92,-87,38,76,-52,-93,78,-94,63,-78,-14,80,1,
-1,-69,95,28,14,38,11,48,-93,-88,42,76,-53,-93,71,-96,64,-80,-17,72,1,
-13,-29,-71,22,-84,97,76,31,66,63,-36,5,-44,-75,104,-48,-94,14,-47,-28,-1,
-8,-29,-73,17,-81,94,82,29,66,60,-31,5,-41,-75,97,-47,-94,8,-43,-30,-1,
-7,-71,97,29,15,38,7,52,-93,-87,41,76,-52,-93,73,-93,62,-79,-19,80,1,
-16,-23,-76,18,-78,92,76,34,65,55,-31,1,-42,-79,97,-52,-94,8,-49,-32,-1,
-12,-19,-75,19,-79,93,74,32,66,58,-35,8,-44,-75,98,-49,-94,9,-49,-29,-1,
-4,-67,99,29,17,38,14,51,-95,-82,40,80,-51,-97,79,-93,58,-78,-14,82,1,
-8,-27,-74,15,-83,100,73,37,69,60,-36,7,-37,-78,95,-46,-94,8,-43,-30,-1,
-3,-68,89,24,15,41,2,44,-90,-91,33,73,-51,-95,74,-94,60,-81,-17,84,1,
-6,-69,97,28,17,39,12,51,-94,-87,38,81,-52,-93,72,-95,63,-80,-13,79,1,
-3,-72,95,30,13,37,8,46,-94,-90,37,73,-53,-94,72,-96,61,-79,-17,76,1,
-3,-73,96,28,16,42,9,47,-96,-90,41,79,-56,-96,74,-97,60,-81,-15,80,1,
-2,-68,96,30,17,40,13,45,-90,-87,43,75,-54,-93,76,-94,65,-81,-12,75,1,
-18,-23,-76,27,-82,93,78,33,64,56,-35,8,-44,-80,102,-44,-94,7,-46,-31,-1,
-4,-69,95,27,13,39,11,46,-96,-85,34,77,-53,-97,75,-98,68,-80,-18,76,1,
-4,-70,97,27,17,43,9,47,-93,-88,36,75,-49,-93,70,-94,64,-82,-14,71,1,
-1,-70,93,28,14,41,11,48,-94,-90,37,78,-53,-96,75,-97,63,-81,-17,78,1,
-11,-25,-70,19,-86,97,76,31,66,59,-39,4,-41,-78,97,-47,-95,11,-49,-30,-1,
-1,-67,91,25,13,43,9,47,-93,-87,35,74,-52,-96,75,-96,60,-82,-15,78,1,
-14,-25,-73,19,-82,97,72,36,65,60,-36,5,-39,-80,100,-54,-93,8,-48,-31,-1,
-9,-30,-73,18,-87,95,75,32,63,58,-34,4,-41,-81,101,-53,-94,9,-47,-31,-1,
-8,-25,-74,18,-80,96,75,33,66,59,-32,4,-44,-74,97,-45,-98,9,-44,-33,-1,
-9,-72,94,30,17,40,10,45,-91,-87,38,72,-50,-95,76,-97,75,-81,-16,78,1,
-13,-21,-78,23,-83,97,74,34,66,58,-37,4,-37,-81,100,-48,-90,8,-46,-30,-1,
-2,-73,93,28,17,41,11,48,-93,-91,37,77,-51,-95,73,-95,66,-82,-17,78,1,
-12,-25,-74,23,-78,98,77,35,68,62,-30,6,-40,-74,102,-46,-93,10,-41,-30,-1,
-12,-23,-72,17,-79,99,78,37,68,60,-33,6,-39,-77,99,-47,-92,12,-47,-27,-1,
-4,-72,96,28,16,43,10,46,-94,-90,40,77,-52,-93,74,-96,66,-80,-15,80,1,
-12,-23,-71,19,-82,99,77,30,67,62,-34,4,-42,-74,103,-52,-93,12,-47,-29,-1,
-3,-71,96,24,12,39,8,47,-96,-88,41,74,-53,-96,71,-96,62,-81,-20,78,1,
-17,-21,-77,22,-79,94,74,32,67,57,-37,7,-41,-78,97,-45,-92,9,-49,-28,-1,
-4,-68,94,26,16,41,4,48,-93,-86,38,76,-54,-95,75,-97,69,-82,-15,77,1,
-6,-71,97,29,16,39,3,47,-93,-89,34,75,-58,-92,73,-94,62,-83,-16,75,1,
-1,-69,95,29,15,40,10,47,-91,-87,42,73,-52,-92,74,-92,63,-81,-16,73,1,
-7,-71,97,27,14,43,10,45,-96,-90,36,72,-52,-95,74,-98,63,-81,-17,82,1,
-7,-19,-73,24,-78,96,76,35,67,61,-32,8,-40,-71,101,-48,-94,13,-49,-27,-1,
-12,-21,-72,23,-80,97,77,32,66,59,-33,6,-38,-76,105,-48,-94,9,-48,-29,-1,
-12,-27,-67,21,-86,97,82,30,66,61,-35,8,-39,-79,104,-52,-88,9,-42,-27,-1,
-12,-23,-71,20,-86,98,76,38,67,61,-36,4,-38,-79,98,-48,-95,10,-47,-32,-1,
-12,-30,-72,20,-80,96,79,32,68,62,-31,7,-39,-76,101,-47,-93,10,-44,-28,-1,
-7,-24,-69,13,-84,96,75,37,67,56,-33,4,-42,-75,96,-47,-93,11,-45,-29,-1,
-16,-24,-75,19,-78,96,81,36,68,61,-31,8,-39,-73,101,-44,-92,8,-45,-29,-1,
1,-66,95,32,17,43,10,47,-93,-88,44,77,-53,-91,74,-97,67,-81,-12,75,1,
-4,-67,95,32,13,40,14,46,-92,-88,40,75,-50,-96,80,-94,62,-78,-14,82,1,
-8,-24,-72,19,-85,102,78,37,67,62,-39,1,-34,-77,101,-47,-95,10,-49,-31,-1,
-16,-23,-74,21,-79,96,84,37,66,61,-33,6,-40,-78,104,-50,-93,8,-45,-29,-1,
-11,-24,-72,20,-81,97,74,37,68,59,-36,6,-39,-76,98,-45,-95,11,-48,-29,-1,
-13,-29,-69,21,-83,95,81,30,65,60,-33,5,-41,-77,105,-49,-93,10,-48,-29,-1,
-9,-28,-70,18,-80,96,74,26,65,61,-34,5,-44,-75,101,-50,-93,11,-47,-31,-1,
-13,-15,-78,21,-79,95,71,34,70,58,-35,9,-42,-77,98,-46,-95,9,-46,-32,-1,
-9,-27,-70,27,-81,99,83,34,67,63,-34,7,-40,-77,101,-47,-90,13,-43,-29,-1,
0,-67,93,25,15,39,4,47,-92,-93,37,73,-54,-95,73,-96,62,-83,-17,81,1,
-5,-70,91,28,15,41,6,47,-93,-90,36,74,-51,-97,71,-95,58,-83,-17,78,1,
-18,-23,-70,24,-81,97,75,31,68,60,-32,3,-40,-76,100,-46,-92,11,-47,-31,-1,
-14,-27,-70,20,-84,93,73,34,66,60,-34,8,-41,-78,98,-48,-94,10,-47,-29,-1,
-4,-24,-75,23,-81,97,80,35,67,60,-33,9,-39,-76,98,-46,-89,9,-42,-28,-1,
-4,-67,98,27,13,42,7,46,-95,-88,36,76,-51,-95,74,-96,64,-80,-17,79,1,
-18,-22,-77,20,-82,96,75,31,68,61,-35,9,-42,-76,101,-50,-94,8,-42,-29,-1,
-14,-24,-76,23,-83,92,83,34,66,57,-36,3,-41,-78,101,-49,-92,9,-50,-31,-1,
-3,-70,93,28,13,40,7,44,-93,-88,38,71,-53,-93,71,-93,59,-80,-17,79,1,
0,-72,95,30,13,40,6,49,-94,-87,39,77,-55,-97,76,-94,61,-81,-17,78,1,
-3,-69,97,25,15,37,12,44,-94,-87,35,76,-53,-95,71,-97,62,-82,-20,73,1,
-13,-18,-74,23,-79,93,74,35,67,57,-36,5,-46,-76,95,-45,-94,10,-45,-32,-1,
-2,-70,99,28,13,40,12,48,-93,-83,37,76,-48,-98,77,-94,58,-78,-17,79,1,
-9,-24,-71,22,-84,98,81,35,67,61,-38,9,-37,-75,100,-46,-89,8,-45,-28,-1,
-11,-22,-71,18,-82,97,75,29,68,60,-34,10,-43,-76,104,-47,-93,10,-45,-30,-1,
0,-69,94,28,17,39,8,44,-92,-86,36,75,-57,-93,75,-96,64,-80,-16,83,1,
-11,-25,-70,28,-78,99,78,43,68,64,-33,8,-36,-75,105,-43,-88,11,-46,-28,-1,
0,-70,97,29,16,41,9,47,-90,-87,40,73,-54,-94,76,-95,67,-81,-14,78,1,
0,-68,95,28,15,42,10,47,-94,-86,37,78,-50,-95,74,-96,64,-81,-14,72,1,
-6,-22,-73,20,-83,97,71,39,66,58,-34,6,-44,-75,98,-45,-91,12,-44,-30,-1,
-10,-21,-70,19,-79,96,75,38,68,57,-34,14,-43,-75,101,-41,-89,8,-45,-29,-1,
-15,-22,-72,21,-84,92,78,31,66,58,-34,8,-42,-73,98,-47,-94,8,-49,-29,-1,
-10,-24,-74,18,-83,97,76,39,65,61,-39,3,-39,-77,98,-53,-94,11,-49,-29,-1,
-16,-20,-72,23,-83,96,77,33,67,58,-33,4,-38,-78,101,-46,-95,9,-46,-30,-1,
0,-68,100,32,19,44,16,47,-92,-88,42,73,-51,-91,76,-93,69,-81,-14,80,1,
-11,-24,-75,21,-77,94,83,39,65,59,-31,4,-40,-78,104,-51,-94,9,-45,-30,-1,
-7,-24,-72,22,-78,95,76,41,67,61,-32,10,-38,-76,105,-47,-92,10,-45,-27,-1,
0,-69,101,28,17,42,10,46,-94,-93,40,69,-52,-90,71,-92,55,-78,-13,80,1,
-15,-24,-79,19,-82,99,79,32,67,61,-35,7,-41,-80,103,-50,-92,8,-42,-30,-1,
-4,-73,94,29,15,41,15,47,-94,-88,41,75,-54,-91,74,-99,66,-83,-18,75,1,
0,-69,95,28,15,39,11,48,-92,-84,39,78,-53,-94,73,-91,59,-78,-13,74,1,
-3,-70,97,25,17,41,9,49,-95,-88,37,77,-53,-95,72,-96,61,-81,-16,79,1,
-10,-28,-72,21,-78,97,77,39,67,62,-34,10,-42,-77,99,-43,-91,11,-43,-27,-1,
0,-70,95,28,17,40,4,51,-94,-90,40,79,-54,-92,69,-95,69,-80,-14,78,1,
-13,-23,-74,25,-79,97,78,37,68,60,-37,7,-40,-78,96,-44,-96,10,-45,-29,-1,
-13,-22,-72,24,-81,96,84,28,67,62,-32,3,-41,-73,98,-48,-97,8,-44,-34,-1,
-12,-27,-72,22,-86,96,73,33,66,56,-31,6,-41,-76,103,-48,-93,11,-50,-29,-1,
-10,-23,-74,21,-82,97,74,35,66,60,-37,6,-43,-80,99,-49,-93,9,-45,-33,-1,
-12,-20,-69,23,-80,92,81,28,65,59,-34,11,-44,-75,99,-44,-90,11,-43,-24,-1,
-2,-72,95,28,14,43,8,46,-95,-89,40,78,-55,-96,76,-97,60,-83,-18,78,1,
2,-70,94,30,16,42,9,45,-92,-89,40,71,-53,-95,75,-95,63,-81,-13,73,1,
0,-67,97,32,18,42,16,49,-89,-84,38,78,-49,-90,77,-92,65,-79,-11,84,1,
-14,-23,-69,24,-83,94,77,31,65,57,-35,5,-43,-79,102,-48,-90,9,-49,-31,-1,
-15,-26,-69,24,-81,96,81,34,66,62,-31,6,-41,-74,99,-47,-94,11,-44,-29,-1,
-11,-22,-75,19,-80,93,77,34,66,59,-37,7,-39,-78,101,-50,-93,9,-49,-29,-1,
-1,-72,91,26,16,39,7,46,-94,-89,32,74,-55,-95,72,-98,66,-83,-18,80,1,
-6,-70,98,25,16,40,11,46,-96,-90,36,78,-56,-93,74,-95,63,-80,-16,77,1,
-14,-20,-72,21,-85,98,80,32,67,60,-38,8,-38,-79,100,-49,-91,8,-46,-29,-1,
-15,-25,-76,24,-83,94,77,33,66,60,-36,2,-39,-77,99,-52,-94,9,-49,-31,-1,
-11,-25,-69,21,-81,94,82,32,66,59,-32,7,-41,-76,103,-46,-95,8,-45,-31,-1,
-15,-30,-73,20,-83,95,79,26,64,59,-35,4,-46,-81,99,-49,-97,7,-44,-34,-1,
2,-69,96,29,14,44,8,47,-91,-88,43,75,-54,-91,74,-94,62,-81,-15,78,1,
-10,-70,100,25,16,36,9,44,-93,-90,35,71,-55,-96,75,-97,61,-83,-18,79,1,
-9,-25,-72,24,-80,100,78,41,69,62,-33,10,-40,-74,103,-45,-88,12,-43,-28,-1,
-1,-68,98,32,15,38,8,47,-95,-86,41,78,-54,-93,68,-92,58,-79,-16,80,1,
-3,-73,98,33,16,38,8,46,-93,-92,33,78,-52,-94,71,-93,63,-80,-15,71,1,
-12,-28,-76,25,-81,93,79,28,66,56,-31,8,-43,-76,96,-46,-91,8,-44,-29,-1,
-16,-17,-78,25,-80,93,75,34,67,55,-33,6,-42,-74,98,-46,-100,9,-49,-31,-1,
0,-70,92,35,14,40,10,47,-93,-90,36,79,-55,-93,75,-92,63,-80,-18,79,1,
-9,-29,-70,21,-85,95,78,36,63,63,-39,5,-45,-73,95,-52,-91,12,-48,-28,-1,
-3,-67,93,26,17,42,14,47,-90,-86,42,76,-50,-90,74,-93,66,-80,-11,80,1,
-10,-28,-75,18,-82,95,75,32,68,60,-32,5,-38,-78,101,-49,-94,7,-45,-32,-1,
-2,-67,100,28,16,43,12,50,-90,-88,44,77,-52,-91,75,-92,64,-80,-13,82,1,
-14,-23,-72,24,-81,96,78,31,67,61,-36,7,-41,-77,99,-51,-94,11,-49,-29,-1,
-3,-71,95,34,12,41,8,48,-93,-91,38,73,-53,-91,76,-95,59,-79,-15,76,1,
-15,-23,-71,26,-83,96,79,33,67,60,-33,4,-41,-78,98,-45,-97,10,-46,-33,-1,
-12,-24,-75,26,-83,96,76,31,66,59,-36,5,-45,-77,99,-45,-95,11,-44,-32,-1,
-13,-25,-79,21,-85,97,78,34,65,62,-36,7,-40,-73,97,-49,-90,9,-45,-28,-1,
-14,-28,-72,18,-88,94,78,31,65,64,-39,9,-43,-77,102,-56,-89,8,-47,-30,-1,
0,-69,97,27,16,40,8,49,-94,-90,39,76,-54,-97,74,-95,62,-83,-16,77,1,
-7,-28,-71,26,-81,96,74,34,66,60,-33,3,-41,-76,99,-49,-93,12,-47,-32,-1,
-16,-24,-71,19,-82,93,73,27,66,59,-36,9,-44,-80,97,-52,-95,7,-47,-32,-1,
-11,-28,-73,21,-81,96,76,32,66,59,-33,7,-38,-79,104,-50,-92,7,-48,-30,-1,
-14,-29,-78,22,-81,93,75,29,65,57,-37,6,-41,-78,100,-48,-95,9,-51,-29,-1,
-13,-20,-69,22,-78,98,78,41,67,62,-34,5,-40,-75,101,-41,-94,12,-45,-30,-1,
-6,-70,96,28,15,42,12,43,-91,-89,32,74,-52,-95,78,-98,65,-84,-19,78,1,
-4,-70,94,26,14,38,6,47,-95,-86,32,72,-52,-97,74,-96,58,-78,-14,75,1,
-3,-69,95,22,16,40,10,46,-92,-89,37,75,-53,-94,73,-94,62,-81,-14,82,1,
-6,-72,101,28,11,39,6,46,-96,-89,35,76,-57,-95,75,-97,60,-80,-18,75,1,
-11,-22,-71,20,-82,94,75,37,67,59,-35,8,-42,-75,98,-45,-96,10,-48,-29,-1,
-6,-68,91,27,14,34,15,49,-96,-84,34,82,-54,-97,74,-97,62,-80,-18,74,1,
-19,-20,-76,22,-80,96,78,31,65,61,-36,7,-43,-80,104,-55,-93,10,-46,-30,-1,
-15,-24,-71,24,-80,92,80,36,64,60,-35,2,-40,-76,100,-52,-96,12,-51,-27,-1,
-11,-28,-71,23,-82,96,79,41,65,62,-34,6,-41,-75,99,-45,-94,12,-45,-27,-1,
-10,-27,-74,19,-82,93,78,32,66,57,-35,8,-43,-75,97,-53,-90,7,-48,-31,-1,
-4,-73,95,24,16,38,8,46,-96,-92,38,73,-51,-97,68,-95,67,-79,-15,77,1,
-11,-17,-75,16,-81,96,74,32,68,57,-32,8,-42,-76,101,-48,-89,9,-43,-28,-1,
0,-73,93,30,16,38,11,47,-93,-89,38,77,-52,-95,70,-98,67,-79,-15,78,1,
0,-67,95,26,16,44,9,49,-92,-78,40,76,-48,-96,76,-92,63,-80,-15,83,1,
-15,-26,-71,19,-83,93,75,29,66,61,-34,7,-43,-76,101,-49,-93,8,-47,-32,-1,
-12,-25,-69,17,-85,95,74,36,64,59,-38,4,-44,-77,98,-50,-93,11,-49,-30,-1,
-13,-17,-72,19,-81,96,79,36,69,59,-34,4,-40,-73,98,-47,-90,8,-45,-30,-1,
-3,-72,96,26,18,41,6,49,-92,-91,40,78,-52,-92,70,-97,62,-83,-16,76,1,
-2,-74,96,28,17,42,10,47,-91,-90,39,72,-54,-95,76,-97,60,-82,-12,78,1,
-11,-16,-70,20,-81,95,81,34,67,60,-33,9,-42,-71,101,-46,-91,11,-46,-27,-1,
-2,-70,93,29,15,40,12,45,-92,-93,37,75,-53,-95,74,-95,65,-81,-15,79,1,
-4,-72,93,29,14,39,4,46,-95,-90,34,78,-53,-96,71,-95,57,-80,-15,76,1,
-7,-70,96,27,13,40,8,46,-92,-88,37,78,-53,-97,76,-95,62,-83,-17,75,1,
-3,-70,96,28,13,41,2,46,-94,-91,34,72,-51,-94,74,-96,63,-79,-15,75,1,
-12,-19,-75,26,-84,98,77,34,65,62,-40,8,-39,-78,98,-47,-91,9,-47,-27,-1,
-2,-66,97,23,16,42,13,46,-94,-86,36,74,-52,-94,74,-96,61,-82,-18,81,1,
-3,-70,93,27,16,40,6,48,-90,-88,38,75,-54,-91,73,-95,62,-82,-17,76,1,
-13,-28,-69,21,-83,97,75,29,65,61,-36,8,-41,-81,104,-52,-88,9,-46,-30,-1,
-14,-24,-76,19,-81,97,77,36,66,59,-38,5,-41,-80,99,-51,-92,10,-46,-28,-1,
-13,-23,-72,16,-79,94,80,37,67,62,-37,8,-44,-76,99,-49,-94,9,-45,-31,-1,
-1,-70,93,25,12,41,5,45,-94,-85,41,74,-56,-98,74,-95,59,-81,-16,80,1,
-9,-23,-71,26,-84,97,74,34,67,59,-38,8,-39,-78,96,-47,-90,10,-47,-27,-1,
-1,-68,93,28,13,39,11,48,-95,-85,37,73,-55,-94,73,-92,61,-79,-16,77,1,
-17,-25,-75,16,-83,95,75,27,67,58,-35,7,-44,-73,98,-52,-94,7,-48,-32,-1,
-10,-25,-77,20,-83,97,76,29,68,58,-36,7,-44,-78,94,-48,-92,8,-42,-30,-1,
2,-71,93,25,16,39,14,49,-92,-88,42,77,-51,-99,74,-95,65,-79,-13,76,1,
-10,-24,-71,21,-86,91,81,26,63,59,-36,7,-47,-76,99,-51,-94,10,-47,-31,-1,
-9,-25,-71,21,-85,96,73,35,66,57,-34,5,-41,-77,98,-49,-93,12,-48,-30,-1,
-15,-25,-72,22,-81,94,80,39,66,60,-35,5,-42,-81,98,-48,-94,12,-45,-28,-1,
1,-67,92,31,16,43,11,46,-94,-90,35,77,-50,-94,74,-96,66,-79,-11,78,1,
-11,-21,-75,20,-79,98,78,31,67,62,-35,8,-42,-75,102,-49,-95,10,-46,-30,-1,
-14,-19,-75,23,-81,95,77,31,68,58,-36,4,-41,-78,94,-48,-91,9,-45,-31,-1,
-5,-68,97,31,17,43,14,50,-92,-85,45,75,-49,-91,75,-92,68,-79,-13,84,1,
-1,-68,97,30,14,41,9,51,-91,-86,37,78,-50,-95,77,-93,67,-79,-14,83,1,
0,-66,95,32,13,44,13,48,-91,-89,39,77,-48,-94,78,-93,61,-80,-14,80,1,
1,-70,92,29,16,42,11,50,-92,-87,40,72,-50,-95,73,-94,60,-82,-16,81,1,
-4,-20,-72,23,-81,97,75,33,67,60,-33,9,-40,-73,100,-43,-94,10,-46,-28,-1,
-4,-71,97,28,14,40,7,46,-92,-91,35,77,-57,-93,78,-97,59,-83,-19,81,1,
-2,-67,95,31,19,39,7,48,-92,-89,33,77,-51,-93,76,-94,60,-79,-15,84,1,
-8,-69,94,27,13,40,6,47,-93,-87,38,78,-53,-95,77,-94,64,-81,-15,76,1,
-8,-19,-74,25,-83,98,76,37,68,62,-35,9,-41,-80,102,-50,-91,12,-43,-31,-1,
-6,-27,-72,21,-80,94,76,38,64,60,-34,5,-44,-76,101,-49,-92,8,-45,-33,-1,
-3,-73,94,29,13,41,10,46,-95,-87,40,73,-54,-96,75,-97,63,-82,-17,70,1,
0,-68,95,28,15,42,11,46,-91,-88,40,76,-54,-94,78,-94,64,-80,-15,80,1,
-6,-29,-73,15,-78,96,77,33,66,59,-33,5,-44,-74,97,-46,-96,9,-46,-30,-1,
-4,-70,90,30,12,46,10,46,-95,-87,41,73,-48,-92,75,-95,58,-80,-14,80,1,
-11,-23,-74,27,-84,97,79,32,69,58,-31,6,-39,-72,101,-43,-92,12,-45,-28,-1,
-3,-70,94,26,13,41,5,45,-92,-94,41,70,-55,-91,69,-97,63,-82,-17,72,1,
-8,-68,93,28,14,40,7,44,-90,-90,30,78,-54,-94,76,-98,62,-85,-17,76,1,
2,-71,92,28,14,45,12,49,-92,-84,43,78,-51,-93,73,-94,58,-81,-16,77,1,
-11,-23,-69,20,-82,96,72,34,68,60,-35,7,-39,-72,95,-46,-93,10,-50,-29,-1,
1,-72,96,28,13,40,8,48,-93,-90,38,71,-49,-94,72,-92,58,-80,-16,76,1,
-4,-68,89,26,13,40,7,47,-93,-91,38,76,-57,-91,71,-97,62,-82,-18,78,1,
-15,-28,-74,20,-85,95,77,31,65,61,-38,6,-39,-82,101,-50,-95,9,-51,-30,-1,
1,-69,93,28,17,40,6,46,-92,-86,34,75,-52,-95,72,-94,62,-80,-13,77,1,
-2,-69,96,25,16,37,4,48,-93,-93,38,74,-55,-93,69,-94,66,-80,-17,84,1,
-10,-24,-74,23,-77,97,81,29,68,65,-34,7,-41,-76,100,-44,-97,11,-44,-28,-1,
-15,-27,-78,22,-82,94,81,34,63,57,-37,2,-41,-80,98,-55,-89,8,-49,-31,-1,
-3,-71,94,26,14,41,6,49,-95,-92,40,72,-55,-94,73,-95,59,-79,-19,84,1,
-5,-68,96,30,15,38,11,45,-95,-84,36,76,-51,-92,72,-94,62,-80,-18,75,1,
-8,-19,-71,27,-81,99,81,32,70,61,-32,8,-33,-73,103,-44,-86,10,-45,-25,-1,
-6,-23,-66,25,-81,94,80,34,64,62,-33,9,-41,-73,102,-45,-92,11,-46,-27,-1,
-11,-21,-76,24,-80,96,80,40,66,62,-36,7,-39,-76,99,-48,-94,12,-46,-27,-1,
-13,-17,-74,22,-81,98,74,33,67,59,-37,7,-35,-80,102,-50,-91,8,-50,-29,-1,
-14,-27,-69,23,-86,96,80,31,65,59,-32,5,-39,-78,104,-47,-90,9,-45,-29,-1,
-12,-22,-73,22,-83,96,75,32,67,60,-34,6,-41,-76,100,-49,-95,9,-45,-32,-1,
-6,-76,96,23,17,40,7,45,-95,-93,38,73,-57,-96,70,-99,64,-85,-18,75,1,
-2,-69,94,32,17,46,9,48,-91,-88,38,83,-50,-92,77,-94,67,-81,-14,75,1,
-10,-21,-72,23,-79,98,79,35,68,62,-30,6,-37,-77,105,-48,-87,11,-42,-26,-1,
-2,-70,99,28,16,41,9,47,-93,-90,38,74,-53,-94,75,-97,63,-82,-17,77,1,
-2,-70,91,27,13,42,7,48,-94,-86,43,72,-51,-94,75,-93,63,-80,-15,78,1,
-7,-70,96,23,16,41,11,47,-94,-91,40,75,-50,-96,74,-95,68,-81,-14,79,1,
-1,-68,93,28,18,42,14,49,-94,-88,42,80,-54,-95,77,-96,67,-82,-11,79,1,
-7,-71,96,25,14,42,7,48,-95,-88,38,73,-51,-93,72,-95,62,-82,-17,78,1,
-14,-18,-70,27,-84,97,78,36,68,59,-36,8,-35,-78,105,-48,-91,12,-48,-25,-1,
-5,-69,95,27,16,42,10,44,-92,-91,37,70,-51,-93,72,-96,64,-82,-16,79,1,
-17,-26,-73,20,-81,93,76,28,65,60,-37,8,-44,-78,100,-48,-91,8,-49,-30,-1,
-10,-18,-79,21,-87,99,75,38,68,57,-38,9,-42,-79,97,-46,-92,10,-41,-31,-1,
-4,-68,95,28,16,43,15,50,-94,-84,38,78,-51,-93,75,-96,65,-81,-16,80,1,
-8,-71,94,25,15,38,12,45,-94,-92,41,72,-55,-95,72,-96,68,-83,-16,76,1,
0,-69,98,30,15,42,12,49,-93,-89,43,76,-51,-91,76,-95,64,-79,-15,77,1,
1,-72,94,27,15,44,8,46,-92,-88,46,73,-53,-95,74,-95,62,-81,-15,81,1,
0,-68,96,33,16,43,9,51,-91,-84,42,78,-51,-90,77,-92,61,-79,-11,81,1,
-14,-26,-77,20,-81,97,76,31,65,57,-34,4,-42,-75,101,-49,-93,9,-49,-30,-1,
-7,-19,-72,23,-85,100,80,34,66,62,-36,6,-44,-75,100,-49,-90,14,-42,-27,-1,
-13,-19,-73,20,-83,98,72,39,67,61,-34,6,-41,-78,99,-47,-98,12,-47,-30,-1,
-6,-19,-73,23,-83,101,79,41,69,62,-37,6,-36,-75,100,-48,-91,13,-47,-28,-1,
-5,-69,95,26,13,43,7,44,-93,-89,39,70,-52,-95,74,-96,64,-82,-15,75,1,
-13,-20,-72,20,-84,98,71,34,67,58,-37,9,-40,-75,100,-48,-93,11,-49,-27,-1,
0,-71,95,31,16,40,14,47,-90,-91,36,76,-50,-96,75,-94,62,-82,-17,77,1,
-10,-25,-74,24,-83,96,79,31,68,60,-36,9,-42,-74,98,-44,-90,11,-45,-27,-1,
-11,-24,-69,22,-83,99,79,35,69,60,-32,7,-37,-74,100,-41,-91,10,-46,-28,-1,
-7,-21,-71,23,-81,98,78,33,67,60,-35,7,-42,-75,100,-43,-92,11,-43,-29,-1,
-4,-69,102,30,17,42,16,47,-91,-83,38,78,-51,-92,80,-94,66,-81,-16,79,1,
-4,-66,90,28,15,42,8,48,-93,-91,35,81,-53,-96,75,-97,63,-83,-14,78,1,
-7,-18,-70,21,-86,96,75,35,67,58,-34,10,-41,-78,99,-44,-93,10,-45,-29,-1,
-4,-68,97,28,15,36,7,46,-93,-90,32,75,-55,-94,70,-95,64,-82,-19,75,1,
-1,-73,91,25,12,39,9,46,-91,-89,35,73,-52,-97,74,-97,59,-83,-18,75,1,
1,-69,94,29,14,43,12,47,-93,-90,38,77,-51,-92,71,-95,62,-79,-15,79,1,
-4,-28,-69,24,-84,99,77,36,65,60,-30,4,-36,-78,105,-49,-91,12,-44,-28,-1,
-12,-27,-71,20,-85,99,79,35,66,61,-36,6,-42,-76,98,-47,-93,11,-42,-29,-1,
-12,-21,-78,18,-85,95,74,38,67,57,-36,5,-38,-80,97,-50,-96,8,-48,-30,-1,
0,-69,96,26,15,40,12,51,-94,-88,44,77,-51,-95,73,-94,67,-80,-15,74,1,
-4,-25,-77,19,-85,95,76,34,67,58,-37,7,-41,-76,98,-50,-92,9,-46,-30,-1,
-2,-67,91,29,14,38,8,46,-92,-90,33,76,-53,-92,72,-96,64,-80,-15,74,1,
-14,-22,-70,21,-80,95,74,32,70,58,-28,7,-38,-75,103,-46,-93,10,-47,-29,-1,
-11,-23,-71,21,-81,98,78,32,68,61,-38,8,-42,-73,97,-44,-90,10,-46,-29,-1,
-10,-24,-69,22,-83,98,78,34,65,61,-31,7,-43,-73,102,-49,-95,12,-44,-30,-1,
-4,-72,92,28,14,37,6,48,-94,-88,41,78,-55,-95,71,-96,66,-80,-16,79,1,
-10,-21,-76,22,-81,94,76,32,68,58,-36,9,-42,-78,98,-45,-91,9,-45,-29,-1,
-4,-70,94,27,12,40,9,45,-93,-90,39,77,-54,-93,74,-96,61,-83,-16,75,1,
-11,-23,-70,23,-76,96,78,39,67,61,-34,7,-40,-79,100,-44,-93,11,-44,-28,-1,
-14,-30,-71,22,-83,96,81,33,66,61,-35,7,-43,-79,98,-47,-95,9,-43,-30,-1,
-11,-26,-71,20,-83,97,78,35,66,60,-34,10,-40,-73,102,-43,-94,9,-48,-27,-1,
-9,-19,-74,25,-84,98,78,36,69,59,-37,10,-37,-76,99,-46,-92,11,-46,-27,-1,
-3,-69,98,29,21,43,12,48,-89,-88,38,74,-50,-92,78,-93,67,-83,-13,82,1,
-12,-16,-71,22,-84,97,79,38,67,60,-34,4,-40,-76,98,-48,-91,12,-44,-29,-1,
-10,-23,-70,15,-81,93,80,35,66,61,-34,9,-42,-74,101,-52,-90,10,-45,-26,-1,
-13,-23,-73,20,-80,98,80,31,68,62,-36,7,-39,-76,101,-49,-90,9,-45,-30,-1,
0,-66,97,27,18,40,7,46,-96,-83,33,77,-54,-95,72,-96,60,-79,-12,78,1,
-5,-69,98,31,16,40,7,48,-94,-87,37,78,-50,-92,69,-92,66,-79,-15,76,1,
-15,-23,-70,24,-83,93,75,35,65,57,-34,5,-42,-75,95,-48,-93,12,-50,-27,-1,
-5,-69,95,24,16,41,11,49,-92,-87,39,73,-51,-94,75,-96,65,-83,-17,78,1,
-2,-71,97,30,14,41,8,45,-91,-90,39,70,-52,-94,77,-93,63,-82,-18,75,1,
-5,-69,95,29,12,44,11,46,-96,-86,40,77,-54,-94,76,-97,64,-82,-15,75,1,
-8,-28,-71,23,-81,100,80,36,67,62,-33,7,-36,-78,102,-44,-91,9,-44,-28,-1,
-2,-68,93,30,15,40,7,45,-92,-91,37,74,-55,-95,75,-95,59,-81,-13,76,1,
-4,-71,93,29,16,38,15,50,-95,-88,39,77,-57,-97,74,-94,65,-82,-16,79,1,
-10,-26,-73,25,-83,97,79,36,65,58,-37,6,-41,-80,100,-48,-89,11,-49,-30,-1,
-12,-23,-71,21,-81,98,77,36,67,61,-34,6,-36,-75,105,-49,-94,9,-52,-31,-1,
-8,-18,-71,23,-82,98,82,38,68,63,-33,10,-38,-75,105,-46,-86,11,-39,-25,-1,
-14,-26,-73,16,-82,92,76,33,65,57,-33,3,-43,-80,101,-52,-94,8,-48,-31,-1,
-1,-65,99,30,15,44,8,49,-91,-79,38,75,-50,-90,76,-90,64,-79,-14,82,1,
-9,-68,96,25,13,38,6,46,-94,-88,34,76,-53,-100,76,-95,64,-81,-17,83,1,
-2,-70,95,31,12,42,11,46,-94,-87,41,72,-56,-94,75,-94,63,-82,-17,78,1,
-4,-71,97,28,13,40,5,48,-94,-88,42,74,-53,-97,74,-93,64,-80,-18,78,1,
-21,-21,-74,22,-82,92,81,37,64,60,-38,5,-45,-77,98,-49,-96,11,-48,-27,-1,
-11,-19,-73,25,-79,96,77,37,68,62,-31,7,-41,-74,100,-46,-92,13,-43,-27,-1,
-7,-66,98,26,17,42,12,48,-93,-87,39,75,-49,-94,76,-95,66,-82,-16,80,1,
-2,-69,93,34,14,39,5,50,-91,-86,38,78,-54,-93,75,-92,63,-78,-15,77,1,
-14,-23,-71,19,-82,96,73,32,68,60,-34,8,-38,-76,100,-49,-93,10,-48,-28,-1,
-12,-20,-70,24,-85,100,73,35,68,61,-33,5,-41,-74,100,-49,-94,13,-45,-31,-1,
0,-71,92,33,12,42,8,47,-93,-87,41,77,-49,-96,75,-91,65,-78,-13,77,1,
-10,-21,-72,21,-82,96,77,36,67,58,-35,5,-42,-75,98,-45,-93,10,-47,-30,-1,
-13,-27,-75,24,-85,93,74,29,66,57,-33,4,-41,-81,101,-53,-91,9,-47,-33,-1,
0,-69,92,27,17,40,9,49,-93,-90,44,75,-56,-92,72,-95,62,-82,-16,80,1,
-14,-26,-75,19,-84,97,77,32,66,58,-34,6,-41,-76,103,-48,-94,9,-46,-29,-1,
-6,-71,98,28,14,39,10,46,-95,-87,39,75,-55,-97,76,-96,60,-80,-17,76,1,
-3,-70,93,31,16,40,6,47,-90,-95,36,79,-53,-93,76,-93,61,-83,-15,74,1,
-1,-66,96,27,17,46,8,47,-90,-86,39,73,-50,-91,76,-94,70,-83,-14,78,1,
2,-69,90,35,16,42,13,49,-92,-84,39,76,-53,-94,76,-95,67,-82,-15,74,1,
3,-67,95,31,17,41,13,51,-92,-85,40,80,-50,-95,77,-94,66,-79,-14,79,1,
-9,-19,-71,23,-81,99,78,34,67,60,-34,7,-39,-75,104,-43,-91,12,-47,-27,-1,
-13,-23,-75,24,-84,94,79,31,65,57,-35,6,-42,-76,99,-48,-90,8,-47,-30,-1,
-10,-21,-70,18,-85,95,79,32,66,59,-37,7,-42,-74,98,-48,-93,9,-48,-29,-1,
-3,-70,95,28,12,39,5,46,-96,-89,38,73,-52,-95,71,-95,62,-79,-18,78,1,
-2,-69,91,30,13,38,1,48,-93,-90,37,77,-55,-94,72,-94,57,-79,-15,79,1,
1,-71,95,27,13,36,14,44,-92,-92,43,71,-52,-96,72,-95,63,-78,-15,76,1,
-3,-71,97,30,15,42,7,46,-93,-87,34,74,-52,-93,75,-97,61,-79,-14,78,1,
-16,-26,-73,24,-80,95,77,33,66,60,-35,8,-44,-80,98,-44,-92,8,-44,-30,-1,
-12,-27,-73,19,-86,96,74,31,65,58,-35,5,-43,-79,99,-48,-93,11,-47,-30,-1,
-9,-24,-70,24,-88,97,78,33,67,58,-33,5,-37,-75,102,-48,-88,11,-48,-28,-1,
-3,-67,90,29,14,41,8,45,-93,-88,38,77,-53,-94,75,-96,62,-82,-15,75,1,
-3,-69,101,32,15,42,11,47,-94,-85,40,74,-53,-93,76,-93,57,-79,-15,76,1,
-2,-71,94,30,14,42,12,47,-96,-86,37,80,-52,-96,73,-97,63,-80,-14,76,1,
1,-70,93,27,11,42,7,48,-93,-86,40,74,-52,-96,76,-96,64,-79,-19,78,1,
-5,-67,94,25,13,43,6,47,-95,-90,40,72,-51,-97,74,-94,62,-80,-15,85,1,
-11,-23,-76,20,-83,96,78,26,68,59,-36,6,-43,-74,96,-47,-93,9,-44,-30,-1,
-10,-23,-73,20,-82,97,79,31,69,60,-33,10,-41,-76,102,-48,-92,10,-45,-30,-1,
-3,-72,93,25,14,40,11,47,-92,-85,41,75,-53,-96,75,-95,63,-81,-16,80,1,
-10,-23,-76,22,-74,97,75,39,68,63,-31,5,-43,-77,99,-49,-92,12,-42,-31,-1,
-6,-63,97,26,13,41,7,43,-94,-92,34,72,-54,-92,74,-96,65,-84,-18,69,1,
-9,-23,-71,16,-80,96,78,38,65,62,-37,2,-43,-75,97,-50,-93,11,-48,-30,-1,
-6,-66,91,30,16,39,6,50,-94,-90,41,82,-50,-94,72,-92,66,-78,-15,81,1,
-7,-73,94,22,14,38,11,46,-96,-94,35,72,-53,-98,69,-100,61,-85,-21,72,1,
-12,-22,-73,22,-82,95,77,34,66,61,-37,7,-40,-76,102,-53,-92,10,-50,-29,-1,
-6,-72,93,26,12,38,5,44,-94,-95,41,73,-58,-97,73,-98,63,-84,-20,79,1,
2,-70,97,30,14,44,10,47,-92,-87,41,74,-49,-93,75,-95,62,-79,-15,77,1,
-5,-71,94,30,15,41,7,46,-93,-88,42,79,-54,-95,74,-94,61,-81,-16,78,1,
-2,-70,95,22,18,39,4,48,-94,-92,37,78,-53,-94,68,-99,66,-82,-16,74,1,
-3,-70,91,32,13,42,11,46,-91,-87,41,73,-50,-95,75,-91,69,-80,-15,83,1,
-12,-26,-75,22,-81,97,79,34,68,61,-32,5,-37,-77,99,-48,-95,10,-46,-28,-1,
-5,-69,95,24,13,40,7,45,-93,-95,40,74,-55,-94,72,-97,60,-82,-15,76,1,
-8,-18,-71,25,-83,95,71,29,68,58,-32,13,-43,-75,101,-42,-90,11,-44,-28,-1,
-5,-68,95,30,14,41,8,46,-95,-84,37,74,-52,-92,74,-93,60,-81,-18,76,1,
-6,-25,-73,22,-79,95,78,29,67,60,-32,6,-41,-75,100,-49,-90,11,-46,-29,-1,
-11,-26,-71,24,-84,96,80,35,67,64,-37,7,-43,-75,97,-43,-98,13,-45,-30,-1,
-12,-23,-74,18,-79,98,76,32,68,63,-37,7,-39,-74,97,-49,-92,10,-46,-28,-1,
-2,-72,95,29,13,43,5,47,-93,-91,42,74,-54,-92,73,-93,60,-81,-17,79,1,
-2,-68,94,26,14,39,11,46,-93,-87,36,80,-54,-95,75,-95,64,-80,-17,80,1,
-15,-22,-72,19,-80,95,82,36,66,60,-39,6,-42,-79,96,-46,-95,8,-46,-29,-1,
-18,-22,-74,18,-80,95,72,33,66,61,-37,4,-43,-76,96,-51,-95,11,-48,-30,-1,
-11,-24,-70,18,-79,97,77,37,68,63,-33,6,-39,-69,97,-49,-91,12,-48,-26,-1,
0,-62,95,31,21,42,7,50,-91,-83,35,80,-52,-91,75,-94,70,-82,-11,79,1,
-16,-21,-75,23,-82,95,75,34,65,59,-37,3,-43,-79,97,-47,-93,10,-47,-31,-1,
-14,-25,-74,24,-80,94,81,32,69,59,-31,8,-39,-76,103,-44,-95,11,-46,-28,-1,
-2,-68,91,26,12,43,9,46,-94,-89,38,75,-52,-95,70,-96,63,-82,-16,72,1,
-3,-68,91,31,14,40,9,45,-92,-88,35,77,-52,-94,72,-95,63,-81,-14,77,1,
0,-68,95,29,15,39,10,49,-95,-89,39,76,-53,-96,75,-94,59,-80,-16,81,1,
-16,-26,-76,20,-81,97,80,33,67,59,-36,8,-37,-79,98,-46,-92,6,-45,-28,-1,
-4,-69,96,28,18,37,6,48,-95,-89,36,78,-56,-95,71,-96,64,-82,-17,78,1,
0,-72,93,28,14,40,13,46,-93,-87,41,77,-59,-93,74,-97,63,-82,-14,74,1,
-15,-21,-73,22,-82,94,80,36,65,55,-35,2,-42,-79,99,-49,-93,9,-47,-31,-1,
-4,-67,94,27,13,39,7,46,-93,-90,35,75,-54,-95,75,-98,65,-84,-18,77,1,
0,-69,88,27,13,44,10,45,-92,-86,40,72,-52,-93,73,-95,61,-79,-14,78,1,
-8,-68,96,27,14,43,6,46,-95,-89,41,78,-52,-94,75,-96,63,-81,-15,76,1,
1,-67,96,32,14,46,5,45,-93,-88,36,74,-49,-94,76,-97,63,-80,-15,73,1,
0,-69,100,29,16,42,11,48,-90,-92,38,79,-55,-91,79,-95,62,-82,-18,80,1,
-13,-21,-75,25,-83,95,79,37,65,61,-35,7,-42,-73,101,-46,-92,11,-45,-27,-1,
-11,-18,-73,26,-79,101,78,38,69,60,-36,7,-40,-77,103,-43,-90,11,-44,-30,-1,
-7,-69,95,27,13,38,5,46,-95,-93,39,76,-57,-95,71,-95,64,-83,-18,72,1,
-16,-27,-76,22,-86,95,79,33,64,57,-38,4,-44,-76,95,-48,-94,9,-48,-31,-1,
-13,-22,-69,19,-88,94,76,31,66,59,-33,9,-39,-73,101,-52,-95,9,-49,-29,-1,
-14,-24,-72,18,-80,95,79,32,66,61,-39,8,-41,-76,99,-50,-93,10,-49,-27,-1,
-11,-22,-69,21,-84,99,77,34,67,63,-35,4,-40,-74,99,-50,-96,12,-44,-30,-1,
-12,-17,-71,20,-82,96,77,33,68,59,-33,6,-40,-71,96,-47,-93,10,-47,-30,-1,
-13,-24,-65,22,-83,96,81,33,67,61,-30,6,-38,-75,103,-45,-91,12,-46,-26,-1,
-2,-73,94,31,16,41,8,48,-93,-87,39,74,-52,-92,74,-93,64,-78,-16,83,1,
-3,-71,93,25,12,38,8,45,-94,-89,37,75,-53,-95,72,-97,62,-79,-16,78,1,
-17,-24,-72,19,-84,97,76,29,65,58,-37,4,-41,-80,101,-48,-94,8,-47,-31,-1,
-14,-24,-77,22,-83,94,76,38,66,55,-33,3,-40,-76,98,-49,-95,8,-49,-32,-1,
0,-69,94,30,16,39,10,49,-95,-89,33,76,-54,-94,73,-95,60,-81,-18,77,1,
1,-72,98,24,18,39,5,49,-94,-89,38,74,-54,-94,68,-96,64,-80,-18,76,1,
-5,-72,96,29,13,42,11,46,-95,-88,44,74,-51,-94,71,-95,67,-80,-16,76,1,
-9,-20,-72,22,-79,97,77,38,69,61,-35,7,-40,-76,99,-46,-96,13,-46,-29,-1,
-6,-71,96,28,15,39,8,46,-95,-91,40,72,-56,-95,71,-96,64,-83,-16,76,1,
-4,-71,92,28,14,41,7,48,-92,-89,39,78,-55,-93,75,-95,63,-82,-16,80,1,
-2,-66,98,29,14,38,11,47,-93,-85,40,79,-55,-94,76,-93,61,-80,-16,78,1,
-9,-23,-77,26,-80,93,80,32,65,57,-33,4,-43,-78,98,-49,-93,9,-44,-31,-1,
0,-70,92,23,17,40,7,48,-94,-87,40,78,-52,-96,72,-95,65,-82,-15,76,1,
-13,-23,-72,22,-83,97,78,35,68,60,-30,7,-36,-76,103,-44,-91,10,-45,-27,-1,
-4,-70,92,24,16,39,9,48,-95,-88,36,75,-53,-95,72,-97,59,-81,-15,81,1,
-10,-23,-72,20,-81,94,80,33,65,61,-34,9,-43,-75,104,-51,-89,11,-47,-27,-1,
-2,-67,100,31,16,44,17,47,-92,-89,38,81,-49,-93,77,-93,63,-80,-13,75,1,
-12,-28,-74,20,-85,93,75,33,64,58,-35,6,-40,-79,98,-51,-93,6,-50,-32,-1,
-9,-24,-75,22,-79,101,80,35,67,61,-36,5,-40,-75,100,-44,-95,10,-45,-29,-1,
-2,-70,93,29,14,39,6,45,-93,-90,35,72,-54,-97,74,-95,58,-82,-16,76,1,
-13,-22,-68,22,-82,94,75,38,65,61,-35,3,-41,-76,97,-47,-92,12,-47,-28,-1,
-7,-21,-73,24,-83,98,80,31,67,57,-34,7,-41,-77,101,-44,-95,9,-45,-32,-1,
0,-70,92,28,15,41,9,46,-91,-88,43,74,-53,-94,74,-94,63,-81,-15,77,1,
-5,-71,94,30,19,40,11,47,-95,-88,36,77,-50,-94,71,-95,65,-82,-13,74,1,
-6,-25,-69,21,-82,94,83,36,66,58,-30,5,-42,-70,99,-45,-92,11,-45,-30,-1,
-11,-24,-72,20,-82,99,79,35,68,61,-35,5,-35,-74,100,-43,-96,11,-48,-26,-1,
-4,-70,96,28,15,42,11,49,-94,-91,38,72,-51,-93,74,-93,64,-82,-15,80,1,
-10,-28,-70,21,-79,98,80,38,66,62,-34,4,-42,-75,101,-46,-94,13,-48,-29,-1,
0,-70,99,27,16,43,6,49,-93,-87,38,79,-51,-93,73,-94,62,-80,-15,78,1,
-9,-25,-70,19,-83,98,77,33,67,58,-32,7,-37,-74,100,-44,-96,9,-48,-27,-1,
-2,-69,92,23,12,40,7,47,-95,-88,38,75,-51,-98,73,-96,65,-79,-18,79,1,
-5,-69,95,28,15,43,8,44,-92,-90,37,74,-53,-93,75,-94,63,-81,-14,78,1,
-5,-68,97,27,14,41,9,49,-96,-91,40,73,-54,-95,75,-97,61,-82,-18,78,1,
0,-69,94,28,16,42,11,46,-91,-89,41,79,-52,-94,73,-96,63,-82,-15,82,1,
-15,-27,-72,20,-82,97,76,35,68,60,-31,7,-38,-75,97,-45,-96,7,-44,-30,-1,
-17,-28,-77,22,-82,91,76,33,64,56,-38,8,-42,-80,96,-47,-90,4,-50,-31,-1,
0,-71,94,28,11,41,8,47,-91,-92,40,75,-54,-94,76,-97,64,-81,-16,82,1,
-4,-69,93,30,11,44,11,47,-94,-84,42,77,-51,-95,74,-95,58,-81,-17,79,1,
-6,-72,92,28,15,41,9,47,-96,-89,41,71,-55,-94,70,-95,64,-83,-15,72,1,
-12,-25,-77,17,-79,99,71,31,68,59,-35,6,-40,-79,100,-49,-93,7,-48,-33,-1,
0,-70,94,29,16,43,8,47,-93,-91,38,74,-55,-94,75,-96,63,-83,-18,79,1,
3,-71,97,31,20,43,11,49,-93,-85,35,80,-55,-97,77,-96,69,-82,-13,82,1,
-11,-25,-71,19,-82,94,78,28,67,58,-35,9,-42,-75,97,-44,-92,7,-46,-30,-1,
-10,-26,-73,22,-79,97,78,32,67,61,-36,7,-38,-77,102,-48,-93,8,-48,-29,-1,
-4,-68,95,27,18,39,11,47,-94,-86,38,75,-54,-92,73,-95,64,-81,-16,79,1,
0,-69,93,27,13,43,7,47,-94,-89,39,75,-52,-96,76,-94,61,-81,-15,75,1,
-12,-30,-71,18,-88,92,73,31,64,57,-37,9,-41,-77,99,-50,-90,7,-50,-30,-1,
-9,-23,-71,27,-85,97,74,35,67,59,-34,5,-38,-78,100,-47,-91,12,-46,-29,-1,
0,-74,95,27,14,38,5,47,-95,-90,40,71,-55,-95,75,-98,63,-79,-14,80,1,
-13,-24,-68,21,-84,95,78,33,67,60,-33,8,-41,-75,99,-47,-92,9,-46,-31,-1,
-16,-23,-72,20,-83,95,76,33,66,59,-33,5,-43,-75,97,-48,-100,12,-47,-27,-1,
-6,-73,95,26,16,42,10,47,-95,-87,40,70,-52,-96,72,-95,65,-82,-19,79,1,
-12,-18,-70,24,-82,95,80,37,67,60,-33,7,-38,-73,100,-45,-90,10,-47,-27,-1,
-14,-30,-74,18,-81,97,80,35,65,62,-35,7,-42,-80,102,-53,-91,8,-44,-30,-1,
-3,-71,97,27,13,38,9,46,-91,-89,38,75,-52,-96,75,-96,62,-80,-17,80,1,
-13,-25,-73,18,-79,93,84,32,66,60,-36,7,-41,-77,101,-44,-93,8,-47,-27,-1,
-6,-70,99,25,15,37,10,48,-96,-88,37,81,-51,-101,75,-97,62,-81,-18,76,1,
-15,-20,-74,20,-80,96,73,35,67,58,-36,5,-39,-80,98,-54,-89,10,-48,-29,-1,
-8,-22,-74,27,-83,96,79,35,67,60,-34,7,-39,-74,99,-46,-93,12,-46,-27,-1,
-5,-69,96,30,14,39,11,49,-94,-83,41,80,-53,-94,77,-93,64,-80,-18,79,1,
-4,-70,87,24,15,41,5,47,-97,-89,36,73,-53,-97,68,-95,56,-82,-17,80,1,
-15,-26,-67,19,-86,95,74,34,68,60,-35,10,-41,-74,96,-45,-93,9,-45,-28,-1,
-10,-20,-75,24,-82,96,76,37,66,60,-35,8,-39,-77,103,-49,-93,10,-49,-29,-1,
-4,-70,94,27,12,40,6,47,-93,-87,40,76,-56,-92,74,-97,61,-82,-18,77,1,
-13,-27,-71,22,-83,97,75,33,65,61,-32,4,-40,-80,103,-49,-96,11,-45,-29,-1,
-11,-24,-74,18,-79,97,72,36,69,57,-30,10,-40,-74,99,-45,-89,7,-41,-29,-1,
-13,-20,-71,23,-84,98,73,34,68,60,-34,6,-37,-79,102,-49,-93,12,-46,-28,-1,
-11,-22,-72,23,-85,99,79,29,69,59,-36,7,-40,-73,100,-46,-86,12,-46,-27,-1,
-11,-71,96,23,14,37,9,50,-96,-89,34,80,-49,-97,71,-96,63,-80,-17,77,1,
-14,-26,-71,18,-83,95,71,41,65,60,-38,3,-42,-81,101,-51,-94,10,-48,-31,-1,
-12,-25,-68,19,-81,96,76,32,69,60,-30,10,-41,-73,102,-46,-92,10,-42,-27,-1,
-14,-19,-72,20,-76,96,77,39,70,61,-32,10,-37,-74,102,-43,-93,10,-45,-25,-1,
-1,-67,90,27,13,41,7,49,-93,-89,40,75,-51,-96,75,-96,62,-80,-17,83,1,
-3,-72,99,29,16,42,12,45,-92,-89,38,78,-54,-90,73,-96,67,-80,-15,78,1,
-11,-27,-72,19,-77,96,77,34,66,61,-33,5,-38,-75,101,-48,-92,9,-48,-29,-1,
-3,-71,92,31,15,40,15,47,-93,-85,41,78,-51,-95,77,-95,70,-81,-16,78,1,
-12,-23,-73,22,-83,97,74,34,66,61,-38,7,-40,-81,101,-48,-96,12,-47,-27,-1,
-2,-69,97,25,13,44,3,45,-93,-91,39,78,-54,-96,76,-98,70,-84,-17,73,1,
0,-69,95,26,16,40,8,49,-93,-87,40,75,-54,-91,73,-94,60,-80,-16,77,1,
-5,-69,95,28,16,39,6,48,-92,-85,34,75,-52,-97,76,-96,66,-81,-16,82,1,
-11,-25,-73,22,-84,93,79,31,67,59,-34,7,-44,-75,98,-50,-92,11,-48,-30,-1,
-9,-23,-72,21,-81,96,76,37,67,59,-34,8,-41,-73,103,-48,-95,12,-48,-27,-1,
-9,-23,-71,22,-81,92,80,31,66,59,-35,8,-47,-74,97,-46,-94,11,-48,-30,-1,
2,-73,96,29,14,43,13,47,-93,-87,43,76,-53,-92,72,-94,63,-82,-15,69,1,
-6,-25,-68,28,-81,96,81,37,66,63,-35,7,-41,-73,99,-44,-90,13,-45,-27,-1,
0,-71,95,26,19,44,7,45,-92,-93,37,74,-51,-90,68,-95,64,-82,-13,74,1,
-9,-24,-68,19,-84,92,77,33,64,58,-37,5,-45,-73,100,-44,-95,11,-50,-28,-1,
0,-71,93,30,13,39,5,45,-93,-89,35,72,-53,-95,72,-95,63,-80,-18,81,1,
2,-66,98,34,17,43,11,48,-90,-88,40,79,-51,-89,75,-90,64,-78,-16,83,1,
-14,-20,-74,18,-85,92,74,34,65,55,-35,8,-42,-75,100,-51,-96,8,-51,-28,-1,
-15,-21,-69,21,-83,95,78,36,67,57,-32,7,-37,-78,100,-46,-93,9,-48,-27,-1,
-9,-29,-76,15,-83,98,73,38,66,58,-41,6,-41,-80,99,-47,-92,9,-49,-30,-1,
-1,-68,96,23,14,42,13,47,-91,-86,38,76,-55,-95,75,-96,64,-84,-17,79,1,
0,-69,92,32,14,40,7,48,-92,-88,40,80,-52,-91,75,-94,61,-76,-11,79,1,
-13,-26,-76,22,-84,94,76,30,68,58,-38,5,-40,-79,94,-50,-96,9,-49,-31,-1,
-4,-68,97,31,18,42,2,47,-90,-85,37,77,-52,-93,79,-93,61,-79,-13,85,1,
-3,-68,97,29,14,42,10,45,-94,-87,38,76,-54,-91,73,-95,63,-80,-16,77,1,
-5,-71,95,28,12,41,8,45,-96,-89,37,70,-57,-96,72,-100,64,-84,-18,69,1,
-10,-25,-75,27,-83,99,80,38,67,64,-36,7,-40,-81,105,-47,-90,12,-42,-29,-1,
-14,-27,-71,19,-85,94,77,29,68,60,-32,8,-43,-75,100,-49,-92,10,-45,-30,-1,
-4,-65,92,28,17,39,6,51,-93,-82,37,79,-51,-95,75,-95,68,-82,-14,80,1,
-1,-70,96,27,13,41,8,46,-92,-89,41,78,-56,-96,79,-98,56,-81,-17,77,1,
-7,-22,-74,24,-83,97,77,29,67,62,-33,9,-40,-77,101,-51,-91,10,-39,-29,-1,
-6,-69,91,30,16,40,10,49,-93,-90,41,76,-53,-95,73,-93,63,-80,-14,85,1,
-1,-66,93,30,16,38,11,48,-94,-92,41,77,-54,-93,72,-93,63,-79,-13,78,1,
0,-71,98,29,17,43,8,47,-93,-90,41,75,-48,-96,73,-96,65,-83,-13,71,1,
-10,-26,-66,19,-88,98,75,33,66,58,-36,7,-43,-74,98,-48,-92,14,-50,-28,-1,
-9,-23,-72,17,-83,97,73,37,66,59,-35,2,-37,-76,100,-52,-96,11,-50,-29,-1,
-3,-71,90,25,14,42,9,45,-93,-95,38,73,-52,-94,71,-97,60,-82,-15,77,1,
4,-68,94,28,17,42,9,51,-94,-86,43,80,-51,-97,75,-95,66,-80,-12,76,1,
-1,-66,98,30,19,38,13,47,-92,-89,35,74,-50,-93,74,-93,59,-81,-15,76,1,
-15,-25,-70,21,-80,96,78,36,66,64,-35,4,-44,-75,97,-47,-94,11,-43,-30,-1,
-11,-25,-75,25,-85,97,77,36,65,58,-37,6,-40,-78,98,-47,-92,10,-48,-28,-1,
-13,-20,-72,25,-81,95,81,36,66,58,-31,6,-43,-74,104,-49,-92,11,-46,-31,-1,
-2,-73,98,29,14,42,5,45,-93,-89,35,72,-52,-96,76,-95,63,-80,-16,81,1,
-6,-23,-68,23,-80,101,76,40,69,62,-32,7,-37,-76,98,-43,-95,13,-43,-28,-1,
-4,-69,97,26,16,40,11,47,-96,-87,36,77,-54,-93,72,-96,62,-80,-18,77,1,
-10,-27,-71,21,-85,99,74,34,66,58,-35,2,-42,-79,98,-46,-92,13,-48,-32,-1,
-9,-20,-70,26,-82,96,76,36,67,60,-32,8,-38,-76,103,-44,-96,11,-46,-28,-1,
-15,-21,-72,19,-81,98,77,41,66,63,-36,5,-41,-75,95,-47,-95,9,-46,-30,-1,
-3,-72,95,26,18,42,6,47,-95,-89,34,75,-54,-94,72,-99,64,-80,-15,80,1,
0,-70,91,25,17,42,9,49,-93,-87,35,77,-54,-94,71,-97,66,-82,-16,79,1,
-1,-67,93,30,15,41,8,48,-94,-87,41,75,-53,-96,76,-94,62,-81,-17,77,1,
-5,-68,94,27,11,39,2,46,-93,-88,39,77,-52,-95,73,-94,63,-79,-16,78,1,
-12,-26,-74,20,-85,94,73,33,65,60,-38,4,-43,-80,97,-47,-98,9,-48,-32,-1,
0,-69,96,26,17,41,14,49,-94,-86,44,75,-57,-91,72,-95,62,-82,-14,76,1,
-5,-71,94,27,16,39,7,49,-94,-87,39,77,-54,-96,73,-96,65,-81,-14,78,1,
-15,-28,-69,19,-85,97,78,35,65,60,-37,4,-43,-77,99,-50,-90,10,-47,-32,-1,
-6,-65,95,27,15,39,10,46,-93,-86,37,75,-52,-94,76,-94,64,-80,-14,78,1,
-6,-74,97,22,15,40,11,49,-94,-89,43,76,-56,-93,74,-99,63,-82,-19,84,1,
-19,-22,-74,21,-83,93,76,34,64,58,-38,3,-42,-77,98,-50,-96,8,-51,-30,-1,
4,-69,100,26,17,43,10,49,-91,-85,42,77,-53,-92,76,-96,65,-81,-14,75,1,
-2,-71,93,25,12,42,9,47,-96,-89,38,73,-53,-96,74,-98,64,-81,-15,76,1,
-4,-71,96,29,19,40,5,45,-93,-88,35,73,-55,-95,74,-96,60,-82,-17,81,1,
-10,-27,-73,20,-77,98,83,33,68,64,-35,8,-39,-73,99,-45,-92,9,-44,-26,-1,
-15,-26,-70,26,-81,95,80,43,64,63,-32,7,-42,-77,104,-47,-90,12,-42,-27,-1,
-8,-29,-66,19,-83,97,78,31,66,60,-32,5,-41,-75,102,-52,-91,10,-47,-30,-1,
-11,-24,-72,22,-80,98,78,33,68,60,-33,8,-40,-75,98,-48,-89,10,-43,-29,-1,
-1,-68,91,30,11,39,15,42,-94,-91,38,75,-53,-93,70,-94,58,-79,-15,71,1,
-13,-23,-70,22,-82,96,72,34,63,59,-34,5,-43,-76,100,-47,-98,9,-50,-32,-1,
-13,-19,-75,20,-81,95,77,31,67,57,-33,7,-42,-75,98,-44,-97,8,-46,-29,-1,
-16,-28,-75,21,-81,93,81,36,66,60,-34,3,-37,-80,97,-51,-94,7,-48,-28,-1,
-11,-26,-71,21,-83,95,78,31,68,59,-31,7,-40,-73,96,-47,-91,8,-44,-29,-1,
0,-68,98,32,15,43,8,47,-92,-89,35,78,-53,-93,73,-97,64,-82,-14,74,1,
-4,-66,94,31,14,39,9,49,-92,-87,43,75,-56,-93,74,-91,62,-80,-16,83,1,
-8,-68,90,25,11,39,12,46,-96,-92,35,77,-55,-95,69,-97,58,-82,-15,74,1,
-11,-23,-73,24,-79,98,77,38,68,57,-33,6,-42,-80,102,-48,-91,11,-44,-30,-1,
0,-69,96,31,17,44,13,50,-92,-85,42,79,-50,-91,74,-93,69,-82,-13,77,1,
-15,-23,-72,16,-82,93,75,34,66,56,-34,9,-42,-77,100,-47,-93,8,-48,-29,-1,
0,-65,95,30,17,42,12,51,-92,-83,39,75,-52,-93,80,-92,64,-79,-13,81,1,
-7,-69,94,26,17,41,7,47,-93,-92,38,76,-54,-93,76,-98,67,-83,-16,77,1,
-11,-22,-73,18,-84,98,73,33,64,59,-38,7,-43,-78,98,-49,-90,7,-45,-31,-1,
-2,-72,96,25,17,41,14,46,-93,-91,38,75,-53,-95,73,-99,62,-83,-17,80,1,
-13,-19,-69,20,-80,96,79,34,67,57,-33,8,-39,-78,104,-43,-88,9,-45,-26,-1,
-6,-29,-70,26,-85,101,80,29,68,61,-36,7,-43,-76,101,-44,-89,12,-43,-31,-1,
-5,-65,95,25,19,41,11,48,-93,-87,35,79,-51,-92,72,-96,65,-82,-13,80,1,
-5,-70,98,31,16,39,4,50,-94,-87,36,74,-52,-95,73,-92,64,-80,-19,81,1,
-1,-72,96,26,12,40,3,49,-95,-90,36,73,-54,-96,73,-96,60,-81,-18,77,1,
2,-67,93,29,16,40,11,48,-91,-86,40,75,-53,-95,77,-95,63,-79,-12,79,1,
-7,-25,-71,24,-79,100,76,35,69,61,-33,8,-38,-77,102,-40,-93,11,-44,-28,-1,
-12,-19,-71,21,-78,95,75,39,68,60,-34,10,-44,-75,97,-41,-91,10,-42,-29,-1,
-16,-19,-72,19,-76,96,75,39,70,60,-35,6,-40,-74,95,-44,-96,10,-48,-30,-1,
-15,-21,-68,19,-86,94,75,31,66,58,-33,9,-43,-74,97,-49,-95,8,-45,-30,-1,
-12,-22,-68,21,-79,95,73,34,68,61,-35,5,-42,-74,95,-44,-95,10,-46,-31,-1,
-2,-68,95,27,12,41,-1,46,-95,-88,34,75,-55,-96,72,-96,65,-83,-20,71,1,
-6,-72,94,25,14,40,3,48,-95,-90,37,78,-51,-97,70,-96,66,-82,-18,77,1,
-14,-24,-73,22,-86,94,75,33,66,58,-36,7,-41,-76,99,-48,-92,10,-48,-29,-1,
-6,-69,98,28,14,41,15,48,-94,-85,36,79,-51,-95,74,-94,69,-81,-13,72,1,
-9,-19,-72,21,-83,96,81,32,68,62,-35,10,-41,-73,99,-46,-93,11,-43,-28,-1,
-6,-72,94,29,15,40,11,46,-94,-91,37,74,-55,-95,74,-95,65,-80,-16,80,1,
-12,-22,-70,17,-86,96,74,29,67,56,-35,8,-41,-78,99,-45,-94,8,-46,-30,-1,
-15,-25,-75,22,-79,97,81,29,66,60,-35,7,-42,-77,101,-48,-94,8,-44,-29,-1,
-13,-27,-73,21,-80,97,76,38,65,63,-35,8,-43,-72,101,-48,-95,10,-47,-28,-1,
-1,-66,100,31,21,41,11,49,-92,-87,38,78,-53,-92,79,-95,67,-81,-13,79,1,
-2,-70,98,27,18,39,7,46,-94,-88,34,76,-52,-96,74,-96,60,-80,-16,75,1,
-7,-20,-70,25,-84,98,72,42,66,60,-36,10,-40,-74,99,-43,-92,11,-46,-27,-1,
-13,-19,-74,22,-83,100,75,33,69,59,-36,6,-41,-78,98,-48,-97,11,-43,-31,-1,
-7,-70,92,28,13,38,3,45,-93,-88,34,72,-53,-96,72,-95,61,-81,-18,77,1,
-10,-24,-72,27,-83,98,84,36,66,60,-31,5,-36,-77,108,-46,-88,11,-45,-27,-1,
-5,-68,97,29,14,44,8,46,-93,-87,37,78,-52,-93,72,-94,64,-82,-13,73,1,
-15,-24,-75,20,-81,95,78,39,64,58,-35,5,-43,-78,102,-46,-93,9,-48,-31,-1,
-2,-70,99,23,20,42,10,46,-93,-90,37,75,-52,-97,73,-97,65,-84,-15,78,1,
0,-69,95,27,16,40,8,45,-96,-88,36,76,-53,-97,74,-96,63,-80,-14,78,1,
-14,-17,-72,20,-82,98,77,35,69,61,-37,8,-40,-78,104,-47,-90,11,-46,-29,-1,
-11,-20,-75,19,-86,96,78,29,67,60,-37,8,-41,-77,100,-50,-93,9,-45,-30,-1,
-14,-25,-71,23,-84,97,83,36,68,61,-33,7,-40,-75,99,-46,-93,9,-42,-31,-1,
-1,-70,96,29,17,39,13,46,-93,-89,34,79,-54,-95,74,-95,67,-82,-16,76,1,
-6,-70,99,30,14,41,14,48,-95,-89,44,76,-54,-94,75,-94,65,-81,-15,75,1,
1,-74,94,27,13,45,7,47,-93,-91,38,71,-51,-93,74,-97,61,-81,-17,79,1,
-17,-24,-75,18,-80,95,75,33,66,58,-32,1,-40,-76,98,-51,-98,9,-50,-32,-1,
-13,-24,-68,23,-77,100,75,40,68,62,-31,8,-39,-72,103,-39,-94,12,-46,-26,-1,
-7,-27,-69,23,-84,96,80,33,66,60,-37,9,-41,-78,100,-46,-93,12,-47,-28,-1,
-10,-21,-75,20,-88,97,70,36,66,56,-42,9,-43,-78,98,-48,-92,11,-50,-30,-1,
-10,-24,-70,21,-82,93,75,34,65,58,-30,5,-42,-78,102,-51,-96,11,-48,-30,-1,
-2,-69,97,29,15,43,13,49,-93,-86,39,78,-50,-93,74,-93,63,-80,-14,77,1,
-1,-67,92,27,18,43,6,46,-95,-85,38,78,-55,-93,74,-96,64,-82,-14,73,1,
-3,-68,97,25,16,42,7,49,-95,-87,42,78,-51,-94,74,-95,66,-78,-14,79,1,
-5,-67,94,29,14,39,13,46,-96,-83,34,72,-52,-97,74,-95,65,-82,-19,75,1,
-9,-26,-73,22,-82,98,77,34,66,59,-36,6,-42,-74,96,-46,-92,8,-44,-32,-1,
-2,-67,93,27,12,41,8,47,-94,-90,42,76,-52,-95,74,-95,64,-79,-15,82,1,
2,-69,95,26,13,42,8,45,-96,-93,38,73,-55,-97,73,-97,59,-83,-17,76,1,
-9,-18,-73,20,-78,98,75,36,68,60,-32,5,-38,-74,99,-44,-94,12,-45,-27,-1,
-4,-72,94,26,10,39,7,45,-93,-94,38,74,-54,-96,73,-96,61,-80,-18,81,1,
-5,-71,95,28,18,38,15,47,-93,-88,36,79,-55,-94,73,-97,62,-83,-18,76,1,
1,-73,96,25,13,43,7,46,-95,-89,33,70,-52,-97,70,-96,61,-83,-19,76,1,
-13,-21,-76,25,-83,98,76,37,66,58,-35,8,-41,-81,103,-45,-86,9,-43,-29,-1,
-8,-23,-74,23,-85,100,82,36,69,63,-36,7,-39,-73,100,-48,-93,12,-44,-31,-1,
-10,-24,-69,19,-81,97,75,36,66,61,-37,7,-42,-77,99,-48,-97,12,-49,-29,-1,
-9,-26,-75,21,-84,100,76,31,67,61,-37,9,-39,-76,99,-54,-88,10,-44,-27,-1,
-6,-68,95,27,13,39,10,47,-92,-88,39,75,-51,-95,75,-94,61,-81,-17,81,1,
-9,-22,-69,20,-84,94,82,34,67,60,-32,7,-39,-75,100,-47,-87,9,-45,-29,-1,
-3,-73,93,30,15,39,10,46,-95,-88,36,79,-56,-97,76,-99,65,-82,-15,76,1,
-13,-25,-75,20,-85,97,72,33,66,57,-38,4,-41,-78,97,-48,-95,9,-46,-31,-1,
-10,-27,-71,16,-81,95,73,33,67,58,-35,7,-43,-78,99,-45,-92,9,-47,-31,-1,
-7,-17,-69,25,-76,96,80,43,66,60,-34,9,-40,-75,106,-45,-88,15,-46,-23,-1,
-5,-70,91,26,13,41,11,46,-96,-90,35,77,-58,-94,72,-98,59,-84,-19,77,1,
-16,-22,-70,21,-82,97,76,30,67,63,-34,7,-40,-79,99,-50,-93,9,-44,-30,-1,
-3,-69,95,34,17,40,13,49,-93,-83,39,77,-54,-93,75,-91,66,-79,-14,79,1,
-11,-66,95,23,14,39,7,48,-94,-83,38,79,-53,-97,75,-96,60,-81,-18,83,1,
-4,-70,92,31,17,41,7,46,-95,-85,35,75,-54,-92,72,-95,58,-81,-15,75,1,
-6,-71,92,25,15,44,5,43,-95,-91,40,70,-53,-93,70,-95,62,-82,-16,78,1,
-11,-25,-69,19,-77,91,74,32,67,59,-33,6,-42,-72,94,-43,-93,9,-47,-29,-1,
-5,-68,95,30,14,41,12,43,-95,-90,37,77,-55,-94,73,-95,54,-80,-14,79,1,
-13,-20,-73,24,-84,94,74,30,65,58,-37,8,-46,-79,102,-49,-93,12,-48,-30,-1,
-6,-22,-75,20,-84,93,76,35,66,58,-35,7,-41,-72,96,-48,-94,9,-47,-29,-1,
-9,-20,-73,22,-80,95,76,35,67,60,-33,8,-40,-73,100,-49,-90,11,-49,-29,-1,
-3,-67,95,27,15,43,11,48,-94,-86,38,74,-51,-96,76,-95,61,-80,-12,80,1,
-15,-29,-74,19,-84,92,70,30,66,56,-36,7,-44,-81,95,-49,-93,8,-47,-32,-1,
-16,-22,-76,23,-83,98,73,32,66,61,-41,6,-37,-80,100,-52,-97,8,-51,-32,-1,
-11,-23,-71,23,-79,95,81,32,67,59,-32,8,-39,-76,102,-44,-91,11,-48,-26,-1,
-13,-25,-72,24,-84,95,75,36,65,62,-38,5,-41,-78,102,-51,-94,13,-49,-29,-1,
-9,-28,-74,21,-78,96,77,31,67,56,-32,6,-42,-75,98,-47,-94,10,-48,-31,-1,
-12,-20,-75,21,-84,97,82,34,68,60,-32,7,-40,-72,102,-47,-94,12,-45,-26,-1,
-7,-26,-69,23,-84,97,77,34,67,61,-34,10,-39,-75,102,-46,-92,13,-47,-26,-1,
-8,-68,93,32,11,40,7,45,-95,-87,34,78,-51,-92,71,-92,63,-78,-16,77,1,
-7,-23,-72,25,-79,99,75,31,68,60,-33,8,-38,-76,102,-44,-91,13,-47,-26,-1,
-10,-22,-74,24,-80,96,74,34,65,57,-33,3,-41,-81,101,-46,-94,10,-47,-31,-1,
-5,-69,92,25,13,41,7,44,-94,-91,33,77,-54,-96,72,-98,62,-82,-16,73,1,
-10,-27,-71,18,-80,95,82,34,67,62,-33,5,-38,-76,98,-52,-91,9,-45,-28,-1,
0,-66,95,25,15,41,13,47,-93,-87,38,76,-55,-92,74,-96,59,-81,-13,75,1,
-14,-22,-72,19,-84,99,76,36,66,62,-35,8,-47,-75,102,-52,-96,12,-42,-32,-1,
-11,-26,-72,14,-85,99,72,33,69,58,-32,8,-41,-74,99,-47,-95,10,-44,-30,-1,
-1,-71,95,29,19,37,3,51,-90,-88,36,75,-53,-95,74,-95,67,-81,-16,81,1,
-3,-70,92,25,12,40,9,45,-92,-89,37,69,-51,-96,72,-97,66,-82,-19,78,1,
-10,-28,-75,19,-83,94,80,31,67,58,-35,6,-43,-77,99,-48,-94,9,-44,-31,-1,
2,-71,93,26,17,41,11,49,-91,-88,43,74,-52,-92,71,-96,66,-81,-13,77,1,
-9,-23,-69,25,-82,99,78,38,66,62,-33,5,-38,-77,104,-48,-92,12,-47,-30,-1,
-14,-22,-74,18,-81,94,76,32,66,57,-35,2,-42,-74,94,-47,-94,9,-49,-30,-1,
0,-65,95,27,19,41,13,49,-93,-89,39,77,-51,-89,72,-93,62,-79,-14,84,1,
-8,-71,96,24,16,40,7,47,-94,-90,37,76,-54,-95,72,-99,61,-83,-15,76,1,
-17,-25,-72,21,-81,95,82,29,67,59,-34,8,-41,-80,99,-48,-88,6,-44,-30,-1,
-3,-71,95,30,10,40,10,47,-90,-88,38,76,-55,-94,79,-93,57,-81,-18,79,1,
-11,-23,-75,21,-80,93,75,31,65,59,-36,5,-40,-78,99,-53,-92,9,-49,-29,-1,
0,-69,95,27,17,45,10,46,-91,-87,41,73,-50,-93,76,-94,62,-82,-14,79,1,
-5,-67,95,30,11,38,12,46,-93,-93,39,76,-55,-95,75,-93,57,-82,-15,79,1,
-2,-69,95,32,16,43,7,46,-91,-87,34,76,-55,-93,77,-97,65,-83,-16,80,1,
-12,-27,-73,18,-86,95,77,32,66,59,-34,2,-44,-74,98,-50,-101,12,-48,-33,-1,
-10,-24,-70,22,-86,96,81,32,66,58,-35,4,-38,-80,101,-47,-93,10,-45,-28,-1,
-9,-28,-66,24,-89,98,80,37,66,60,-36,5,-38,-77,98,-49,-89,12,-46,-28,-1,
-4,-70,90,25,11,39,9,48,-94,-87,37,76,-53,-97,75,-94,60,-79,-18,78,1,
-10,-22,-70,23,-77,96,79,35,66,59,-32,6,-44,-76,101,-48,-92,11,-45,-31,-1,
-7,-29,-73,24,-82,99,78,36,68,60,-33,5,-37,-77,100,-46,-88,11,-46,-28,-1,
3,-71,95,29,17,40,11,49,-92,-85,38,77,-51,-95,73,-94,65,-80,-13,78,1,
-11,-18,-74,18,-83,92,76,36,67,55,-33,9,-44,-77,98,-46,-97,10,-44,-28,-1,
-14,-28,-70,21,-86,92,80,35,64,61,-32,2,-42,-76,98,-54,-92,11,-45,-30,-1,
-13,-21,-70,21,-75,91,75,31,69,58,-31,10,-44,-72,98,-44,-90,9,-44,-28,-1,
-14,-18,-74,20,-82,96,80,38,67,60,-38,4,-40,-76,97,-50,-98,12,-48,-28,-1,
-2,-71,93,28,14,40,6,51,-95,-89,44,71,-53,-92,71,-94,65,-80,-18,81,1,
-12,-24,-73,23,-83,95,79,36,66,59,-33,7,-43,-78,101,-50,-93,11,-44,-31,-1,
-12,-22,-73,26,-79,95,76,33,67,58,-32,7,-42,-79,102,-42,-92,10,-44,-31,-1,
-5,-71,95,28,14,39,10,46,-94,-92,40,74,-54,-95,72,-95,61,-81,-17,77,1,
-3,-73,96,27,14,41,9,47,-93,-92,39,80,-54,-96,74,-96,61,-83,-16,70,1,
-10,-27,-78,20,-85,96,72,34,64,57,-37,5,-40,-77,100,-53,-94,9,-51,-30,-1,
-16,-29,-74,25,-84,95,79,43,64,60,-36,2,-41,-80,100,-53,-92,10,-47,-31,-1,
-11,-27,-73,21,-89,96,77,34,63,56,-35,6,-43,-77,101,-53,-91,9,-46,-32,-1,
-11,-27,-70,23,-83,98,73,41,66,60,-34,6,-38,-80,102,-46,-91,11,-47,-29,-1,
-8,-24,-72,22,-83,98,79,33,66,59,-34,7,-40,-76,103,-46,-89,10,-44,-28,-1,
-14,-26,-69,20,-85,96,73,36,66,57,-32,6,-43,-75,99,-47,-93,10,-48,-30,-1,
-1,-68,90,29,14,46,8,45,-94,-86,37,71,-52,-92,71,-94,61,-80,-13,79,1,
0,-73,93,29,16,40,10,46,-92,-92,41,77,-55,-91,69,-97,62,-81,-15,78,1,
-17,-26,-77,20,-83,97,70,35,66,56,-38,3,-42,-79,94,-48,-96,10,-49,-31,-1,
-11,-31,-72,21,-83,97,82,39,65,62,-36,3,-43,-79,99,-50,-89,13,-47,-31,-1,
-6,-71,97,26,15,39,3,47,-95,-88,38,76,-55,-93,73,-96,60,-81,-18,79,1,
-15,-28,-75,21,-79,93,78,31,65,60,-34,6,-43,-75,101,-49,-90,9,-48,-28,-1,
-15,-23,-72,22,-81,97,83,34,67,60,-35,7,-39,-81,102,-45,-95,9,-45,-28,-1,
-4,-70,95,31,14,42,8,44,-94,-89,38,73,-54,-95,73,-95,63,-82,-15,71,1,
-10,-23,-73,24,-81,94,75,31,65,62,-36,6,-41,-81,99,-51,-92,9,-45,-31,-1,
-11,-24,-75,22,-81,96,76,33,66,60,-32,5,-40,-73,101,-46,-93,11,-46,-29,-1,
-7,-68,92,27,13,40,13,44,-94,-92,34,73,-51,-94,69,-97,65,-82,-16,76,1,
-13,-18,-75,18,-80,96,76,33,67,58,-37,7,-41,-77,99,-45,-95,8,-47,-29,-1,
-4,-71,91,30,14,43,15,45,-91,-88,40,74,-50,-91,74,-95,58,-80,-13,78,1,
-14,-27,-75,20,-80,94,73,33,64,58,-34,4,-45,-75,98,-51,-96,10,-48,-30,-1,
-5,-70,95,27,15,40,7,48,-93,-90,41,74,-52,-94,72,-95,66,-83,-16,75,1,
-7,-69,103,28,18,38,11,49,-93,-85,35,78,-52,-92,77,-96,70,-80,-15,79,1,
-14,-25,-74,21,-84,98,75,35,68,60,-33,3,-36,-78,97,-45,-95,9,-46,-31,-1,
-6,-15,-67,27,-81,96,79,29,67,60,-32,9,-42,-74,100,-42,-90,11,-42,-29,-1,
-7,-21,-69,23,-77,96,80,31,70,60,-31,10,-41,-73,103,-39,-93,11,-43,-28,-1,
-13,-71,94,26,15,38,6,49,-95,-91,37,76,-53,-94,73,-97,67,-81,-17,80,1,
-10,-18,-71,20,-81,98,76,36,67,60,-38,7,-38,-76,101,-47,-94,10,-47,-28,-1,
-2,-68,93,28,16,41,9,46,-92,-90,36,74,-48,-95,73,-96,67,-80,-14,79,1,
-11,-24,-74,24,-82,97,78,36,69,57,-34,6,-37,-74,97,-46,-90,10,-47,-27,-1,
-7,-69,96,28,14,37,11,44,-94,-89,37,75,-53,-96,72,-94,56,-79,-17,77,1,
4,-68,95,28,16,42,12,48,-95,-92,39,78,-55,-96,75,-97,60,-79,-14,77,1,
-1,-69,92,26,12,37,7,44,-95,-87,38,74,-55,-97,73,-94,57,-80,-18,74,1,
-2,-70,95,31,14,37,7,46,-93,-91,36,73,-53,-95,76,-95,59,-79,-15,75,1,
-7,-22,-67,23,-83,98,73,38,67,60,-37,8,-43,-76,96,-42,-92,11,-44,-29,-1,
-12,-29,-72,21,-85,94,76,30,66,56,-35,5,-43,-77,98,-48,-94,10,-47,-30,-1,
0,-69,93,30,13,42,12,48,-94,-93,43,78,-51,-93,73,-94,61,-79,-11,75,1,
-11,-28,-73,20,-84,94,75,34,67,58,-35,4,-38,-78,97,-49,-92,10,-51,-29,-1,
-15,-27,-73,22,-85,93,79,33,67,58,-34,6,-43,-76,100,-47,-95,11,-49,-30,-1,
-2,-70,94,33,13,41,4,46,-94,-88,33,78,-54,-95,75,-94,62,-80,-16,79,1,
-11,-25,-72,23,-81,96,77,35,66,60,-34,9,-38,-77,97,-45,-93,7,-47,-30,-1,
-15,-22,-73,17,-79,96,77,33,67,60,-35,6,-42,-78,100,-46,-94,9,-45,-28,-1,
-18,-26,-73,20,-83,92,75,36,65,59,-35,7,-44,-78,100,-50,-96,11,-49,-30,-1,
-4,-71,96,24,14,38,10,46,-93,-91,37,75,-54,-98,74,-98,63,-84,-18,74,1,
-6,-72,98,25,16,39,11,47,-96,-89,39,77,-55,-97,76,-98,66,-80,-16,81,1,
-1,-70,94,33,12,45,7,47,-93,-87,42,76,-50,-94,77,-95,62,-78,-15,77,1,
-12,-27,-70,22,-81,96,77,30,68,60,-31,9,-38,-80,102,-43,-88,8,-44,-29,-1,
1,-72,92,28,15,43,14,46,-91,-92,39,75,-52,-94,73,-97,64,-82,-14,75,1,
-6,-69,92,29,12,36,7,48,-95,-89,37,78,-52,-97,73,-93,64,-80,-17,75,1,
-10,-24,-72,24,-80,97,76,34,67,61,-32,7,-41,-75,102,-49,-90,12,-45,-29,-1,
-10,-26,-74,22,-80,97,77,39,67,59,-33,5,-41,-77,100,-48,-92,11,-47,-29,-1,
-1,-68,96,29,17,38,9,46,-91,-90,31,74,-51,-94,74,-95,64,-80,-16,79,1,
-4,-69,98,26,15,38,9,48,-92,-89,38,76,-50,-94,72,-93,63,-80,-17,81,1,
-8,-23,-71,19,-85,97,78,43,67,61,-35,7,-42,-76,98,-48,-95,13,-44,-28,-1,
-2,-71,93,35,19,38,14,48,-92,-85,39,79,-53,-94,74,-94,66,-81,-16,78,1,
-8,-69,95,29,14,37,9,48,-94,-86,34,74,-50,-97,74,-95,65,-81,-17,74,1,
-9,-26,-70,23,-85,100,78,34,67,60,-32,7,-36,-74,101,-44,-95,11,-46,-26,-1,
0,-69,98,26,19,39,10,50,-92,-86,37,75,-49,-94,75,-95,64,-80,-16,80,1,
-1,-72,100,28,15,41,11,46,-92,-89,36,74,-51,-95,74,-95,57,-82,-18,77,1,
-2,-72,94,28,19,39,14,47,-93,-90,35,77,-54,-97,73,-96,67,-82,-15,78,1,
-5,-69,96,26,15,40,12,47,-92,-88,40,74,-51,-90,71,-94,69,-77,-14,81,1,
-6,-66,95,29,14,39,7,45,-91,-88,30,79,-53,-95,74,-96,59,-83,-16,76,1,
-10,-25,-72,25,-86,94,79,33,65,60,-37,5,-39,-76,96,-47,-93,8,-47,-31,-1,
1,-67,97,27,16,44,12,46,-93,-88,40,76,-50,-95,76,-96,66,-80,-11,79,1,
-4,-66,91,25,15,39,11,47,-94,-88,38,81,-52,-98,72,-96,63,-83,-16,73,1,
-3,-70,90,30,15,43,8,45,-93,-86,34,72,-51,-96,78,-97,63,-82,-15,75,1,
-15,-24,-75,20,-83,98,76,35,68,59,-37,9,-38,-79,101,-45,-92,8,-46,-29,-1,
-14,-26,-76,23,-85,95,76,29,65,61,-38,4,-42,-77,100,-54,-95,11,-50,-31,-1,
-5,-69,100,27,20,42,13,50,-90,-87,46,76,-54,-89,76,-94,68,-82,-14,81,1,
-4,-71,97,27,16,39,12,47,-96,-87,41,75,-56,-96,73,-96,68,-83,-16,75,1,
2,-69,96,26,18,42,5,51,-94,-82,41,79,-52,-95,74,-95,69,-78,-12,80,1,
-12,-23,-76,22,-85,97,84,33,66,62,-37,6,-42,-77,97,-46,-95,10,-40,-27,-1,
-4,-74,98,26,16,38,6,44,-94,-93,37,73,-56,-97,73,-96,60,-82,-16,75,1,
-13,-21,-70,21,-81,98,77,31,67,63,-36,9,-43,-73,94,-46,-94,10,-43,-27,-1,
-11,-27,-72,23,-86,96,74,37,64,60,-34,1,-44,-75,97,-50,-99,13,-49,-33,-1,
0,-67,98,28,18,42,14,51,-93,-86,38,78,-49,-93,72,-93,60,-80,-16,83,1,
-6,-73,93,26,14,43,9,45,-93,-85,42,72,-54,-94,72,-95,60,-81,-18,83,1,
-2,-70,94,26,16,41,10,47,-92,-85,37,73,-52,-95,73,-94,64,-84,-19,78,1,
-2,-70,100,29,17,43,6,46,-93,-85,37,75,-51,-93,74,-95,65,-77,-14,81,1,
-12,-26,-72,22,-86,99,77,37,63,60,-35,2,-41,-76,98,-51,-95,10,-45,-31,-1,
-1,-71,96,27,13,43,8,46,-94,-93,40,76,-50,-95,72,-95,64,-81,-16,79,1,
-12,-19,-74,24,-80,97,75,31,68,61,-34,10,-39,-73,99,-45,-95,11,-46,-27,-1,
-5,-69,95,27,15,42,11,46,-95,-89,36,74,-51,-96,73,-94,63,-82,-15,81,1,
-12,-35,-73,23,-81,94,76,28,63,58,-31,0,-43,-81,102,-51,-95,11,-50,-32,-1,
-15,-30,-71,18,-86,97,81,33,67,61,-33,8,-41,-79,98,-48,-95,8,-41,-29,-1,
-4,-70,96,25,15,39,7,47,-94,-88,36,75,-50,-95,69,-97,64,-79,-16,79,1,
-9,-24,-71,18,-84,96,78,35,66,61,-39,9,-40,-74,99,-47,-93,8,-47,-28,-1,
-9,-26,-71,23,-78,96,78,31,66,62,-35,5,-39,-78,100,-50,-94,9,-48,-31,-1,
2,-70,93,27,19,44,4,47,-87,-89,36,76,-51,-90,75,-95,61,-81,-12,80,1,
-8,-28,-74,17,-81,95,73,29,67,58,-33,7,-42,-76,97,-44,-95,8,-46,-31,-1,
-11,-23,-73,23,-81,98,81,37,68,65,-34,9,-37,-76,104,-48,-93,11,-44,-26,-1,
0,-69,94,31,14,39,6,45,-89,-91,36,75,-53,-94,74,-94,63,-79,-14,80,1,
-12,-26,-71,20,-82,98,74,33,66,61,-33,5,-41,-79,103,-50,-98,11,-49,-32,-1,
0,-65,98,29,18,41,12,48,-94,-86,40,77,-51,-93,76,-94,66,-79,-11,80,1,
0,-68,92,26,14,39,7,48,-96,-89,40,73,-53,-97,72,-97,64,-79,-14,78,1,
-5,-70,95,27,13,37,8,44,-96,-92,37,74,-54,-96,71,-96,57,-80,-18,76,1,
-2,-70,98,29,20,40,10,49,-92,-89,40,80,-53,-94,74,-96,67,-81,-14,84,1,
-4,-69,93,31,12,39,8,47,-94,-90,34,75,-54,-97,75,-93,61,-81,-16,82,1,
-15,-24,-74,21,-81,95,83,31,67,60,-33,6,-41,-79,101,-51,-94,10,-42,-27,-1,
-6,-70,94,27,15,40,8,45,-93,-92,38,75,-56,-94,75,-96,60,-84,-17,77,1,
-7,-69,94,26,12,37,8,45,-94,-91,33,77,-53,-96,73,-97,64,-80,-16,77,1,
-5,-69,91,27,14,38,6,46,-95,-86,39,73,-55,-94,71,-94,61,-81,-16,78,1,
-16,-26,-71,17,-84,93,76,35,64,59,-37,6,-43,-79,99,-49,-92,10,-48,-28,-1,
-13,-22,-74,19,-82,95,78,33,67,57,-36,7,-43,-75,97,-46,-97,9,-48,-30,-1,
1,-69,98,26,16,42,9,48,-91,-85,38,75,-55,-92,76,-96,63,-82,-15,78,1,
-14,-25,-69,26,-78,98,74,36,68,62,-34,5,-37,-74,100,-46,-92,11,-50,-29,-1,
-10,-26,-72,24,-83,94,80,36,65,59,-38,6,-43,-82,97,-48,-96,9,-48,-33,-1,
-6,-72,94,26,14,39,8,45,-93,-92,39,70,-57,-93,73,-97,66,-83,-18,74,1,
-9,-23,-75,23,-81,96,79,35,66,59,-37,5,-38,-74,99,-51,-87,9,-48,-27,-1,
-11,-20,-75,23,-81,96,80,32,69,61,-33,9,-39,-75,99,-46,-97,10,-44,-29,-1,
-12,-26,-71,19,-80,97,72,37,65,59,-36,4,-41,-79,101,-47,-97,10,-49,-30,-1,
-3,-68,96,28,14,40,9,45,-93,-90,39,77,-51,-93,71,-95,57,-80,-15,76,1,
-12,-28,-67,21,-85,95,83,29,67,62,-36,10,-44,-80,100,-46,-91,9,-43,-32,-1,
-5,-71,90,27,17,42,12,46,-92,-88,38,78,-52,-97,74,-95,63,-83,-13,74,1,
-12,-23,-70,22,-80,94,81,32,68,60,-36,8,-40,-76,99,-43,-95,10,-48,-27,-1,
-3,-69,95,30,14,43,7,46,-94,-90,38,75,-55,-92,73,-96,66,-81,-13,75,1,
-1,-73,90,28,15,40,8,45,-96,-90,35,72,-53,-98,70,-98,61,-83,-18,75,1,
-4,-73,91,22,12,39,3,47,-96,-92,36,71,-55,-95,65,-98,57,-83,-20,74,1,
-7,-69,94,26,16,44,7,47,-92,-90,38,75,-54,-91,74,-96,63,-85,-16,79,1,
-5,-24,-73,25,-83,97,82,29,65,62,-36,7,-42,-75,99,-47,-91,8,-42,-32,-1,
-12,-25,-75,20,-84,97,75,34,67,58,-35,7,-37,-77,102,-44,-87,8,-48,-28,-1,
-2,-67,93,26,17,41,7,48,-93,-92,38,79,-54,-94,75,-97,69,-82,-16,79,1,
-6,-67,95,29,18,43,10,49,-92,-83,42,78,-51,-91,76,-95,64,-80,-11,77,1,
-15,-25,-75,19,-82,97,75,34,66,61,-36,7,-39,-79,98,-48,-96,8,-47,-30,-1,
-5,-68,94,27,16,40,9,46,-95,-91,35,72,-53,-96,70,-95,62,-84,-16,76,1,
-16,-21,-73,21,-86,97,77,26,69,60,-35,8,-41,-79,95,-49,-96,10,-43,-30,-1,
-2,-71,93,32,14,43,9,47,-92,-88,35,74,-49,-96,75,-96,67,-80,-17,82,1,
-1,-68,90,28,15,41,10,47,-91,-90,38,76,-52,-97,76,-94,62,-82,-17,79,1,
-19,-23,-70,19,-85,95,72,35,65,61,-37,5,-38,-81,102,-52,-94,9,-47,-28,-1,
-3,-69,94,27,13,39,5,48,-96,-88,37,76,-53,-98,76,-95,61,-81,-19,79,1,
-7,-69,94,28,15,42,10,49,-96,-85,39,77,-51,-94,71,-92,69,-79,-15,85,1,
-11,-23,-68,24,-86,98,80,33,66,59,-35,4,-41,-74,99,-48,-92,12,-44,-29,-1,
-13,-19,-74,23,-79,94,79,24,69,56,-32,8,-43,-76,100,-44,-93,10,-44,-28,-1,
-13,-29,-74,22,-84,92,78,32,65,59,-32,5,-41,-75,96,-49,-97,8,-48,-31,-1,
-11,-28,-72,17,-84,96,76,34,65,58,-35,3,-39,-76,99,-48,-91,8,-48,-28,-1,
-5,-71,93,29,13,40,6,45,-94,-92,39,74,-55,-94,73,-97,62,-82,-18,78,1,
-16,-26,-76,24,-80,90,81,28,65,59,-35,5,-45,-78,98,-50,-94,9,-49,-31,-1,
1,-66,97,25,20,42,13,50,-93,-88,38,77,-51,-95,74,-95,66,-82,-15,83,1,
-3,-68,91,27,13,39,11,46,-94,-89,41,72,-49,-93,69,-94,64,-80,-16,75,1,
-12,-23,-76,22,-85,97,76,38,66,61,-39,6,-43,-74,95,-47,-98,13,-46,-27,-1,
-14,-26,-72,15,-84,93,76,30,65,56,-34,7,-44,-80,99,-52,-90,7,-44,-30,-1,
-5,-67,90,32,14,39,13,48,-92,-89,41,73,-51,-93,75,-94,64,-79,-16,83,1,
