-12,-24,-72,20,-77,94,78,31,68,59,-31,5,-42,-74,98,-46,-93,10,-48,-30,-1,
-5,-73,97,27,17,40,7,46,-95,-93,37,77,-54,-97,74,-97,66,-82,-11,73,1,
-6,-26,-71,27,-80,96,82,33,65,59,-31,5,-40,-74,105,-49,-90,12,-48,-28,-1,
-6,-70,89,30,10,38,6,45,-92,-91,37,71,-54,-96,73,-93,64,-81,-20,76,1,
-1,-65,95,29,18,41,9,50,-92,-89,45,78,-51,-93,73,-93,64,-79,-11,79,1,
-14,-22,-72,22,-80,98,76,33,69,57,-33,4,-39,-77,96,-47,-94,9,-47,-33,-1,
4,-69,96,29,17,41,10,47,-92,-88,36,78,-50,-95,76,-94,60,-80,-13,77,1,
-4,-68,99,29,17,44,10,50,-94,-90,41,77,-53,-90,72,-95,68,-83,-12,74,1,
-12,-15,-72,24,-81,95,79,30,67,60,-35,8,-41,-76,100,-49,-95,10,-46,-29,-1,
-15,-24,-73,20,-83,94,78,36,65,60,-36,7,-42,-74,102,-51,-93,10,-49,-29,-1,
-2,-66,95,27,15,41,5,46,-92,-93,40,78,-52,-94,74,-94,65,-79,-14,79,1,
-13,-26,-73,19,-82,95,78,33,66,57,-32,5,-40,-79,102,-47,-90,8,-46,-30,-1,
-13,-23,-75,22,-80,94,77,31,66,60,-35,7,-43,-78,95,-47,-93,7,-45,-32,-1,
-2,-72,90,29,14,43,10,47,-92,-86,37,76,-50,-93,72,-95,65,-80,-15,81,1,
-5,-72,91,23,11,42,7,43,-96,-91,39,71,-56,-95,72,-98,56,-83,-17,75,1,
-9,-26,-77,21,-82,93,77,34,65,57,-35,7,-44,-78,101,-48,-94,10,-46,-29,-1,
-11,-21,-70,23,-82,94,79,35,67,60,-31,9,-41,-76,104,-44,-95,11,-45,-28,-1,
-5,-69,95,27,14,43,7,46,-92,-92,40,73,-53,-92,74,-96,67,-83,-17,77,1,
-2,-70,95,27,16,41,11,46,-94,-91,39,79,-53,-92,69,-95,64,-82,-14,71,1,
-7,-68,93,24,15,40,5,50,-92,-87,41,74,-52,-94,73,-93,62,-82,-17,81,1,
-9,-28,-68,19,-78,96,80,33,70,61,-32,9,-37,-76,99,-44,-91,9,-46,-27,-1,
-3,-66,96,33,17,43,5,51,-93,-84,43,79,-51,-92,76,-94,69,-79,-16,80,1,
0,-66,92,26,12,42,10,48,-93,-79,36,72,-50,-95,76,-95,66,-81,-17,76,1,
5,-69,96,32,16,43,8,48,-92,-88,36,79,-52,-90,74,-94,62,-79,-12,74,1,
-6,-71,99,28,14,39,14,44,-94,-91,41,71,-55,-92,73,-96,67,-82,-17,75,1,
-19,-26,-72,20,-84,97,79,31,68,57,-33,7,-41,-76,98,-47,-96,7,-47,-33,-1,
-8,-70,95,26,14,39,8,48,-94,-86,39,74,-49,-98,73,-95,66,-80,-19,80,1,
-2,-69,97,28,18,39,11,50,-96,-92,40,81,-54,-93,70,-92,62,-81,-16,77,1,
-4,-68,92,27,15,40,8,49,-94,-89,38,75,-51,-93,70,-94,64,-82,-18,81,1,
-4,-68,97,32,14,42,10,47,-93,-85,41,75,-55,-93,77,-96,66,-81,-16,77,1,
-16,-24,-72,25,-87,97,74,34,65,60,-38,10,-41,-76,99,-48,-93,8,-45,-30,-1,
-6,-68,93,26,14,41,7,46,-93,-85,34,76,-52,-96,73,-95,61,-81,-17,81,1,
-6,-70,94,30,16,41,5,45,-94,-87,37,71,-50,-93,72,-95,66,-80,-14,78,1,
-13,-27,-73,27,-80,97,78,36,66,62,-33,6,-36,-78,100,-47,-94,10,-45,-27,-1,
-13,-22,-73,18,-77,98,77,37,68,63,-35,7,-39,-77,103,-49,-91,10,-45,-28,-1,
-11,-21,-75,22,-76,92,77,36,68,59,-32,7,-39,-71,98,-46,-95,11,-51,-27,-1,
-8,-71,99,27,18,39,7,47,-95,-92,33,77,-53,-93,73,-97,62,-81,-16,81,1,
-11,-23,-70,24,-82,98,80,35,70,59,-31,10,-39,-75,98,-41,-91,11,-44,-26,-1,
-11,-25,-72,19,-84,96,79,28,67,58,-32,4,-39,-77,99,-47,-98,10,-45,-30,-1,
-12,-19,-71,24,-81,98,81,36,70,60,-33,11,-38,-74,100,-43,-89,10,-44,-28,-1,
-6,-72,93,27,17,42,13,47,-93,-87,37,74,-52,-93,76,-96,64,-82,-15,77,1,
-5,-66,95,29,14,43,9,46,-95,-90,40,75,-54,-93,73,-94,59,-81,-13,74,1,
-1,-70,103,30,16,39,12,48,-93,-92,40,78,-53,-96,78,-96,66,-80,-16,76,1,
-15,-26,-77,25,-85,93,79,31,66,55,-37,3,-42,-77,98,-48,-93,9,-49,-31,-1,
-9,-21,-69,18,-82,100,78,36,68,63,-31,8,-41,-71,103,-45,-92,12,-43,-26,-1,
-13,-23,-73,22,-81,98,75,40,67,63,-34,2,-39,-76,100,-47,-94,12,-48,-30,-1,
-6,-70,98,25,18,36,6,46,-94,-89,35,78,-54,-95,70,-96,64,-82,-16,74,1,
-14,-26,-74,23,-81,96,77,37,65,58,-36,2,-42,-80,100,-53,-90,10,-48,-33,-1,
-14,-22,-73,20,-82,97,80,33,67,58,-34,5,-38,-79,103,-45,-91,10,-46,-27,-1,
-5,-72,97,34,13,43,11,46,-94,-84,36,73,-55,-91,77,-95,58,-81,-17,78,1,
-13,-26,-71,19,-80,100,76,34,67,63,-35,5,-40,-77,97,-50,-96,10,-42,-30,-1,
-9,-31,-75,19,-82,94,77,27,64,59,-39,6,-44,-80,99,-52,-91,9,-46,-29,-1,
0,-73,94,25,14,38,6,47,-94,-90,37,71,-49,-98,70,-96,61,-81,-17,78,1,
-15,-24,-77,22,-82,95,74,32,66,59,-37,5,-42,-77,95,-48,-94,8,-46,-31,-1,
-4,-70,95,24,15,41,4,48,-93,-89,39,73,-52,-95,74,-97,64,-81,-16,78,1,
-3,-70,97,31,16,41,4,47,-91,-89,38,75,-53,-91,75,-94,61,-80,-14,80,1,
-4,-70,95,27,12,41,5,46,-94,-91,35,72,-54,-96,75,-97,63,-82,-19,82,1,
-3,-69,95,30,18,39,9,49,-95,-86,36,78,-54,-95,73,-94,60,-79,-13,82,1,
-8,-26,-73,20,-84,96,75,35,66,59,-37,7,-39,-79,99,-47,-92,9,-45,-28,-1,
0,-69,95,26,16,41,10,47,-90,-90,41,77,-53,-92,73,-93,63,-81,-14,79,1,
-2,-67,92,28,13,40,9,46,-95,-86,36,74,-52,-94,72,-95,61,-81,-16,74,1,
-5,-24,-68,19,-83,98,76,36,67,62,-35,7,-40,-73,100,-48,-92,11,-45,-29,-1,
-3,-68,95,24,16,40,5,46,-94,-88,34,76,-55,-94,73,-96,62,-81,-15,79,1,
-9,-27,-74,22,-82,96,75,31,68,55,-32,7,-42,-77,98,-46,-91,9,-47,-32,-1,
-4,-69,89,26,13,37,12,46,-91,-86,31,77,-53,-98,77,-96,63,-81,-20,81,1,
-5,-68,94,31,16,40,11,49,-91,-90,37,75,-51,-92,74,-94,66,-81,-16,81,1,
-7,-26,-72,22,-83,95,76,37,65,58,-33,5,-43,-78,98,-49,-93,9,-46,-33,-1,
-2,-71,98,28,17,43,8,48,-94,-90,36,76,-54,-94,76,-98,62,-83,-16,79,1,
-9,-26,-66,17,-77,99,78,34,67,64,-32,7,-42,-75,103,-46,-92,12,-44,-28,-1,
-9,-27,-74,25,-86,96,75,30,66,59,-32,6,-42,-76,102,-48,-92,12,-45,-31,-1,
-12,-27,-75,22,-83,98,77,33,65,61,-38,8,-41,-79,97,-45,-92,6,-43,-32,-1,
-14,-29,-76,20,-82,95,76,31,66,58,-36,4,-42,-78,94,-48,-93,7,-48,-33,-1,
-1,-71,98,28,13,42,4,46,-96,-91,40,76,-53,-96,74,-95,63,-80,-16,78,1,
-1,-71,102,26,16,42,8,45,-92,-90,30,77,-53,-94,76,-98,62,-82,-16,76,1,
-14,-25,-75,20,-83,92,80,30,66,57,-34,7,-42,-76,96,-47,-97,7,-45,-30,-1,
-11,-25,-69,18,-81,93,76,36,66,59,-35,8,-42,-77,101,-50,-94,11,-47,-27,-1,
-11,-24,-74,21,-83,93,76,36,65,58,-36,7,-43,-77,97,-52,-94,10,-48,-29,-1,
0,-72,97,29,16,43,4,48,-93,-92,36,75,-51,-95,73,-96,65,-79,-14,78,1,
-11,-26,-72,17,-79,93,83,30,63,59,-35,7,-45,-76,99,-48,-92,6,-45,-30,-1,
-2,-69,99,25,13,41,12,46,-93,-91,38,73,-56,-92,74,-98,58,-81,-16,80,1,
0,-69,95,30,13,40,11,48,-94,-88,40,76,-54,-94,74,-95,69,-79,-15,75,1,
-7,-71,91,26,14,40,6,47,-94,-87,37,70,-55,-96,73,-95,64,-82,-19,81,1,
-6,-68,95,28,14,42,9,45,-96,-85,36,77,-52,-96,77,-95,62,-81,-16,75,1,
-3,-68,94,30,15,42,11,46,-93,-85,32,77,-49,-94,73,-96,62,-80,-16,76,1,
-2,-67,92,31,12,44,10,50,-90,-85,37,78,-50,-93,79,-93,67,-80,-14,80,1,
-3,-68,99,28,18,40,13,46,-93,-90,40,79,-54,-93,76,-96,65,-81,-11,77,1,
-2,-66,89,29,16,41,14,47,-94,-90,36,77,-52,-93,71,-95,63,-81,-14,77,1,
-13,-27,-70,21,-83,97,78,32,66,62,-35,6,-40,-80,104,-51,-86,8,-46,-30,-1,
-13,-30,-72,23,-80,94,81,33,66,59,-31,8,-41,-74,102,-49,-92,9,-48,-30,-1,
-9,-24,-69,23,-81,100,82,36,70,64,-31,8,-39,-73,102,-42,-92,12,-42,-29,-1,
-7,-26,-70,26,-76,97,81,35,67,61,-32,4,-40,-78,104,-44,-96,11,-48,-31,-1,
-13,-28,-75,17,-81,96,77,30,67,56,-38,3,-40,-82,96,-46,-93,7,-49,-31,-1,
-14,-25,-71,20,-81,96,77,37,65,59,-34,3,-40,-77,101,-51,-99,10,-52,-31,-1,
-12,-24,-73,25,-79,97,79,34,67,61,-32,5,-38,-76,103,-49,-92,11,-47,-28,-1,
-14,-23,-75,21,-82,93,79,33,65,58,-33,5,-43,-77,99,-50,-94,8,-45,-31,-1,
-14,-28,-72,22,-81,91,80,32,65,58,-34,6,-39,-76,98,-50,-90,8,-47,-27,-1,
0,-69,94,30,11,40,10,47,-92,-90,40,77,-53,-95,76,-95,64,-80,-16,74,1,
-13,-23,-74,25,-83,96,79,38,66,59,-34,7,-39,-76,104,-47,-97,9,-48,-31,-1,
-7,-21,-72,25,-81,96,75,33,68,60,-32,10,-40,-77,100,-44,-89,10,-45,-29,-1,
-5,-70,100,27,14,39,11,47,-93,-93,40,74,-54,-96,77,-95,58,-82,-19,78,1,
-3,-69,95,26,18,42,17,47,-92,-83,41,73,-51,-93,76,-96,65,-81,-13,82,1,
-2,-67,97,28,16,40,9,49,-94,-87,37,76,-52,-92,73,-94,64,-80,-16,79,1,
-15,-26,-72,24,-84,93,76,31,64,56,-34,6,-42,-80,102,-49,-92,11,-49,-28,-1,
-4,-69,92,26,12,44,6,44,-97,-90,37,70,-55,-96,70,-97,64,-83,-19,77,1,
-6,-22,-73,17,-82,97,76,38,66,58,-36,6,-44,-73,99,-46,-97,10,-46,-32,-1,
-4,-71,90,31,13,43,13,44,-91,-89,35,74,-54,-93,76,-97,63,-82,-15,77,1,
-13,-25,-68,23,-77,99,81,38,68,64,-31,5,-38,-77,103,-47,-89,13,-44,-27,-1,
-10,-25,-73,21,-79,95,80,36,66,61,-34,11,-42,-78,102,-49,-95,10,-43,-27,-1,
-13,-21,-69,19,-82,98,75,31,69,56,-32,8,-41,-76,99,-44,-91,8,-45,-31,-1,
-15,-22,-74,21,-81,96,75,35,67,60,-34,4,-41,-78,98,-48,-97,9,-46,-31,-1,
3,-71,95,27,15,42,2,48,-93,-89,34,72,-55,-93,74,-98,61,-82,-16,70,1,
-8,-23,-67,23,-84,97,81,36,67,62,-34,9,-40,-74,100,-44,-95,13,-44,-26,-1,
-8,-24,-74,20,-82,97,74,35,67,61,-33,7,-43,-75,101,-47,-91,12,-44,-30,-1,
-15,-26,-72,20,-81,97,78,37,66,62,-34,5,-42,-75,101,-47,-93,10,-45,-30,-1,
-8,-31,-72,20,-80,97,78,33,65,61,-38,5,-43,-77,101,-47,-90,11,-49,-30,-1,
-14,-25,-74,24,-79,94,79,36,66,60,-31,7,-43,-75,100,-49,-96,11,-47,-29,-1,
-9,-68,94,27,14,39,8,49,-96,-88,39,76,-50,-94,71,-94,63,-78,-16,80,1,
-12,-27,-67,17,-83,96,74,32,68,59,-35,8,-41,-76,99,-44,-94,9,-49,-30,-1,
-12,-23,-67,21,-81,94,81,36,66,59,-33,9,-42,-78,105,-42,-89,9,-44,-29,-1,
-5,-70,96,28,15,40,10,45,-96,-89,37,70,-51,-94,69,-94,62,-81,-17,78,1,
-4,-70,92,28,13,40,11,47,-96,-89,38,69,-51,-94,71,-96,61,-80,-16,77,1,
-13,-26,-73,21,-79,99,77,30,66,61,-35,4,-41,-75,96,-47,-99,9,-45,-31,-1,
-15,-25,-73,21,-84,98,74,30,66,61,-38,7,-39,-77,102,-46,-93,9,-49,-29,-1,
-8,-67,96,30,15,39,9,47,-92,-89,39,79,-55,-95,78,-94,66,-81,-14,79,1,
-9,-20,-73,22,-82,98,74,40,67,60,-36,8,-39,-78,100,-47,-91,9,-46,-29,-1,
-12,-17,-74,23,-81,99,76,34,68,60,-34,7,-41,-77,102,-46,-94,12,-44,-29,-1,
-4,-72,95,28,15,42,11,45,-94,-90,37,72,-51,-98,78,-99,64,-84,-17,75,1,
-2,-66,95,30,13,42,7,47,-95,-90,38,77,-51,-96,75,-95,63,-79,-13,76,1,
-15,-23,-75,19,-84,98,76,37,64,59,-38,8,-42,-76,99,-51,-92,8,-46,-29,-1,
-6,-64,96,27,9,39,5,43,-94,-85,34,74,-54,-95,78,-95,59,-82,-17,73,1,
-4,-70,94,27,14,39,5,48,-94,-92,39,74,-55,-94,74,-97,60,-80,-15,81,1,
0,-66,98,27,17,41,1,48,-94,-86,42,80,-55,-96,74,-97,69,-80,-13,72,1,
0,-72,98,30,14,43,5,47,-90,-87,38,76,-49,-93,76,-92,63,-78,-15,77,1,
0,-70,95,30,16,41,8,45,-92,-88,35,77,-53,-95,76,-96,66,-81,-16,78,1,
-13,-15,-76,25,-81,96,81,28,69,58,-36,8,-38,-76,98,-49,-88,9,-45,-28,-1,
-1,-70,91,28,15,39,16,48,-93,-87,44,75,-52,-97,71,-95,65,-81,-17,78,1,
-7,-68,94,28,15,39,12,45,-96,-91,33,79,-56,-96,74,-98,59,-84,-16,74,1,
-8,-22,-74,26,-81,98,78,32,66,62,-34,6,-41,-77,98,-46,-100,10,-43,-32,-1,
-2,-66,100,30,17,40,7,45,-92,-86,30,78,-54,-90,73,-95,65,-82,-18,79,1,
-5,-66,95,23,16,40,11,48,-94,-87,37,78,-54,-96,75,-97,67,-82,-14,81,1,
-13,-26,-71,26,-83,95,80,32,64,63,-36,8,-46,-77,102,-46,-92,10,-43,-29,-1,
0,-70,100,30,17,43,9,49,-91,-93,40,75,-50,-91,74,-93,70,-81,-16,82,1,
-1,-69,95,28,17,43,12,48,-92,-85,40,76,-54,-94,77,-95,62,-83,-14,77,1,
-12,-27,-73,25,-77,94,78,32,64,61,-34,6,-41,-79,101,-47,-94,8,-47,-29,-1,
-3,-69,94,25,17,42,13,50,-91,-84,44,74,-52,-92,73,-92,67,-80,-14,84,1,
-2,-68,92,28,12,41,8,48,-91,-85,35,75,-47,-94,75,-92,63,-78,-16,80,1,
-2,-72,94,26,11,40,3,46,-97,-88,36,72,-55,-98,73,-96,58,-81,-18,75,1,
1,-68,94,30,15,45,10,49,-92,-85,36,80,-51,-90,75,-94,63,-80,-14,78,1,
-2,-69,93,28,15,41,9,46,-93,-89,36,75,-53,-97,76,-94,65,-82,-15,78,1,
-6,-67,94,27,11,37,7,48,-96,-88,35,73,-52,-96,74,-95,66,-81,-18,77,1,
-1,-71,96,31,16,42,10,48,-91,-90,37,73,-50,-92,74,-96,70,-81,-15,78,1,
-2,-68,93,25,14,40,9,49,-95,-90,38,75,-54,-92,72,-96,65,-80,-15,76,1,
-5,-71,95,24,14,40,7,45,-94,-90,39,75,-56,-92,72,-96,62,-81,-17,79,1,
0,-70,95,26,15,40,4,45,-95,-92,40,69,-52,-97,72,-97,63,-81,-17,79,1,
-13,-19,-73,19,-79,95,73,36,68,60,-34,6,-42,-74,94,-46,-98,11,-44,-29,-1,
-3,-70,91,30,14,39,12,47,-93,-85,36,76,-55,-96,75,-95,64,-81,-16,83,1,
3,-69,93,32,15,42,11,46,-91,-92,38,75,-56,-93,76,-96,64,-82,-17,78,1,
-5,-69,95,29,15,39,10,47,-94,-89,40,73,-54,-92,73,-95,69,-80,-17,81,1,
-16,-22,-73,17,-82,92,74,27,67,56,-35,9,-43,-76,94,-43,-98,5,-48,-30,-1,
-4,-67,91,29,15,40,5,49,-94,-93,35,75,-50,-94,70,-94,66,-83,-18,74,1,
-8,-23,-71,23,-84,95,75,34,67,61,-34,5,-39,-76,100,-48,-94,12,-48,-29,-1,
-16,-25,-73,16,-87,92,78,31,64,57,-36,5,-45,-73,95,-51,-100,9,-49,-30,-1,
-1,-70,100,28,14,41,7,45,-96,-91,37,73,-51,-94,72,-97,60,-80,-15,73,1,
0,-71,92,29,16,38,7,45,-93,-92,35,79,-58,-93,72,-98,60,-79,-16,83,1,
-3,-68,97,26,15,39,10,46,-91,-87,33,72,-53,-91,78,-96,67,-81,-18,80,1,
-10,-21,-74,25,-81,96,80,33,69,59,-30,12,-41,-73,99,-44,-93,9,-41,-28,-1,
-5,-73,95,26,16,42,8,46,-94,-92,42,73,-51,-94,73,-97,64,-79,-14,80,1,
-13,-28,-71,22,-82,92,78,29,65,58,-34,4,-41,-80,98,-48,-91,9,-51,-31,-1,
-7,-69,94,29,15,43,10,46,-95,-85,38,77,-53,-95,74,-95,67,-82,-15,77,1,
-2,-68,90,29,13,39,8,47,-96,-87,36,76,-51,-94,68,-95,60,-78,-16,73,1,
-14,-25,-74,14,-81,98,75,30,69,57,-30,6,-41,-75,99,-47,-96,9,-45,-29,-1,
-15,-21,-69,23,-85,95,79,29,66,61,-34,6,-44,-76,103,-50,-93,11,-44,-31,-1,
-16,-27,-74,20,-83,97,79,38,68,60,-33,4,-40,-74,97,-45,-92,9,-45,-30,-1,
-9,-28,-75,21,-79,98,78,36,66,62,-36,4,-39,-76,97,-46,-94,9,-46,-30,-1,
-4,-69,93,29,14,43,12,46,-93,-88,43,74,-52,-95,75,-97,63,-81,-12,72,1,
-1,-67,93,29,13,43,6,44,-97,-90,39,77,-56,-94,75,-97,63,-82,-16,74,1,
-7,-75,92,30,14,40,11,46,-95,-84,35,73,-48,-93,73,-96,64,-80,-17,75,1,
-4,-71,95,28,14,41,11,45,-95,-93,32,76,-52,-94,74,-98,62,-81,-17,79,1,
-9,-25,-69,22,-81,94,76,30,67,59,-32,7,-40,-75,103,-47,-93,10,-49,-30,-1,
-13,-25,-70,17,-85,96,77,36,67,58,-32,6,-41,-74,100,-47,-93,10,-46,-30,-1,
0,-68,98,28,16,42,14,47,-91,-84,41,78,-52,-92,74,-91,62,-78,-12,80,1,
-2,-69,100,26,12,43,9,46,-94,-90,41,78,-53,-93,76,-98,61,-81,-16,72,1,
-14,-26,-75,19,-88,95,77,33,65,56,-36,5,-42,-79,99,-51,-95,9,-45,-31,-1,
-4,-69,89,28,16,41,13,48,-94,-90,36,76,-51,-96,74,-95,68,-81,-16,83,1,
-7,-20,-73,26,-82,100,79,35,68,60,-36,7,-42,-75,101,-45,-88,13,-42,-28,-1,
-11,-20,-73,24,-86,99,76,34,68,59,-34,5,-34,-76,99,-46,-94,10,-46,-29,-1,
-17,-24,-76,21,-82,96,82,26,69,62,-36,7,-37,-80,101,-50,-92,8,-44,-28,-1,
-7,-26,-73,21,-79,100,79,36,68,62,-34,5,-37,-79,100,-48,-90,10,-44,-29,-1,
-1,-65,100,27,15,42,15,49,-92,-89,45,80,-51,-92,76,-95,69,-80,-12,76,1,
0,-69,102,29,22,40,8,48,-91,-92,38,80,-52,-91,72,-93,64,-79,-13,85,1,
-3,-74,97,24,14,40,4,44,-92,-95,37,71,-57,-97,73,-97,58,-81,-17,82,1,
-3,-69,94,28,14,42,1,48,-91,-85,33,71,-50,-93,75,-93,65,-80,-17,82,1,
-4,-68,96,34,15,38,13,45,-92,-91,36,77,-52,-93,76,-94,69,-79,-15,76,1,
0,-67,95,29,15,43,13,48,-95,-88,38,74,-54,-90,74,-95,62,-80,-15,80,1,
0,-71,93,29,13,41,9,47,-93,-89,39,70,-53,-95,73,-95,64,-82,-16,76,1,
-16,-25,-78,23,-83,95,77,31,65,55,-34,5,-43,-80,103,-51,-92,8,-47,-31,-1,
-12,-21,-71,18,-84,96,73,37,67,58,-37,7,-41,-76,97,-47,-95,10,-48,-30,-1,
-5,-17,-72,26,-78,98,80,36,67,63,-33,6,-38,-74,102,-48,-94,14,-46,-27,-1,
-16,-22,-75,23,-77,96,76,35,67,60,-34,4,-42,-76,101,-44,-93,10,-47,-30,-1,
0,-69,97,29,13,39,11,43,-92,-93,41,74,-56,-93,73,-96,57,-82,-17,74,1,
0,-68,94,27,15,37,7,49,-93,-87,37,75,-54,-95,74,-93,60,-78,-17,84,1,
-12,-30,-71,22,-81,97,73,31,66,59,-33,9,-42,-79,105,-46,-88,9,-47,-30,-1,
-10,-22,-74,24,-82,101,82,38,67,63,-36,6,-39,-75,101,-45,-88,10,-42,-29,-1,
-2,-71,92,30,11,39,4,47,-94,-91,42,73,-56,-94,72,-95,62,-78,-17,75,1,
-13,-23,-73,21,-80,94,76,34,66,57,-29,3,-47,-71,94,-44,-96,9,-45,-33,-1,
-12,-20,-71,22,-84,94,79,37,64,57,-33,3,-42,-74,100,-48,-93,10,-47,-30,-1,
-11,-28,-73,23,-82,98,75,35,67,59,-34,6,-41,-74,95,-43,-92,11,-46,-27,-1,
0,-69,98,29,20,45,8,48,-92,-87,39,79,-50,-91,73,-96,65,-81,-10,77,1,
2,-67,96,32,19,44,11,51,-94,-86,37,81,-51,-91,75,-95,69,-79,-12,80,1,
-14,-28,-71,18,-81,95,76,35,66,60,-37,6,-41,-80,98,-49,-91,8,-46,-30,-1,
-11,-26,-75,20,-79,92,74,34,65,59,-35,8,-45,-75,101,-51,-91,8,-48,-31,-1,
-9,-68,99,28,12,39,12,44,-94,-89,35,76,-52,-96,76,-95,57,-83,-19,74,1,
-15,-21,-76,25,-84,93,80,38,65,56,-35,9,-41,-77,100,-46,-93,7,-49,-29,-1,
-14,-22,-76,23,-84,97,81,33,68,58,-36,8,-40,-77,101,-44,-92,8,-44,-31,-1,
-8,-71,91,26,13,43,9,46,-95,-88,39,74,-53,-94,70,-94,59,-83,-20,75,1,
-9,-27,-70,20,-82,102,76,35,67,60,-32,6,-40,-76,102,-46,-90,11,-44,-29,-1,
-13,-23,-74,15,-81,94,73,36,66,60,-36,10,-44,-77,100,-50,-92,8,-46,-29,-1,
-11,-16,-72,27,-79,95,79,30,66,58,-32,5,-41,-73,101,-45,-92,12,-50,-28,-1,
-3,-69,103,28,17,41,11,48,-92,-94,40,76,-53,-91,75,-94,63,-82,-15,75,1,
-13,-26,-75,21,-84,94,72,30,63,56,-38,3,-43,-80,98,-49,-98,8,-50,-32,-1,
-8,-22,-73,21,-85,96,77,29,66,58,-34,3,-42,-77,101,-50,-94,10,-47,-32,-1,
-2,-68,98,28,14,40,6,47,-91,-86,38,77,-54,-92,75,-96,65,-79,-16,81,1,
1,-71,91,27,14,43,7,48,-90,-92,43,74,-54,-93,74,-94,56,-80,-15,83,1,
-3,-72,94,29,15,40,11,47,-94,-89,36,81,-53,-96,77,-99,68,-80,-17,80,1,
-8,-21,-73,18,-81,95,80,36,67,60,-34,9,-40,-74,98,-46,-97,10,-47,-27,-1,
-17,-17,-73,24,-78,99,74,37,69,64,-35,6,-37,-76,100,-45,-94,10,-46,-30,-1,
-6,-70,92,26,14,39,12,48,-96,-85,39,75,-50,-99,72,-96,63,-82,-17,81,1,
-12,-32,-72,19,-85,94,79,34,65,61,-34,6,-42,-80,100,-51,-93,8,-43,-30,-1,
1,-71,94,25,13,40,2,50,-92,-87,40,77,-56,-96,75,-94,63,-82,-18,80,1,
-12,-27,-71,19,-84,97,75,34,65,60,-35,5,-44,-75,98,-47,-96,9,-47,-33,-1,
-9,-20,-70,21,-81,96,79,32,68,60,-32,7,-39,-77,98,-45,-91,9,-43,-29,-1,
-3,-73,96,27,15,38,5,45,-92,-92,36,75,-54,-95,74,-96,61,-82,-17,73,1,
-8,-70,94,24,13,40,7,45,-95,-91,37,72,-53,-95,69,-96,60,-83,-20,76,1,
-14,-27,-69,24,-85,95,77,34,66,61,-36,6,-40,-82,101,-50,-95,12,-47,-29,-1,
0,-74,94,30,16,40,14,48,-92,-89,40,78,-50,-96,76,-95,61,-79,-14,82,1,
0,-66,97,31,16,42,15,47,-95,-88,39,78,-51,-92,73,-93,61,-78,-13,81,1,
0,-69,95,25,17,41,7,49,-91,-88,39,74,-52,-93,71,-95,61,-80,-14,79,1,
-12,-21,-71,22,-81,99,74,33,70,60,-35,5,-38,-75,97,-47,-95,11,-46,-30,-1,
-8,-20,-73,19,-82,98,76,36,68,60,-38,7,-42,-74,99,-48,-90,12,-47,-28,-1,
4,-66,92,30,14,42,7,50,-91,-87,39,76,-52,-92,76,-93,62,-80,-17,80,1,
-1,-67,102,29,18,42,15,47,-91,-86,43,76,-51,-90,78,-95,66,-79,-11,77,1,
-9,-21,-74,21,-79,98,74,36,66,63,-35,5,-41,-74,98,-48,-94,12,-45,-28,-1,
0,-69,93,31,14,43,11,52,-91,-83,36,79,-49,-94,79,-96,65,-80,-12,78,1,
0,-71,95,29,15,41,6,48,-89,-88,40,74,-54,-94,78,-96,66,-80,-18,84,1,
-17,-24,-73,24,-81,96,80,33,66,60,-35,5,-39,-79,100,-47,-93,8,-45,-29,-1,
-4,-67,97,25,15,41,4,48,-93,-85,30,76,-52,-95,76,-95,61,-82,-18,80,1,
-4,-69,95,26,17,42,5,48,-95,-93,35,79,-52,-96,72,-97,64,-82,-15,77,1,
-10,-69,96,25,15,39,11,48,-97,-87,36,76,-53,-94,70,-97,60,-83,-20,75,1,
0,-72,98,31,14,38,11,48,-95,-88,39,76,-53,-98,75,-95,69,-78,-17,79,1,
-7,-19,-75,26,-83,99,80,35,68,62,-38,11,-40,-74,100,-44,-94,12,-42,-26,-1,
0,-69,94,29,15,41,2,48,-94,-87,38,75,-57,-95,74,-95,62,-82,-17,79,1,
-11,-21,-72,23,-83,97,78,38,68,61,-36,7,-38,-78,102,-47,-93,10,-46,-30,-1,
-10,-25,-76,20,-75,98,78,39,68,64,-32,9,-42,-74,97,-42,-96,10,-42,-29,-1,
0,-69,94,27,13,43,6,48,-94,-84,40,77,-55,-95,76,-96,61,-81,-15,78,1,
-12,-28,-74,24,-83,100,75,37,67,59,-32,6,-40,-77,101,-48,-92,12,-44,-27,-1,
-12,-24,-68,21,-81,95,73,29,67,58,-37,7,-46,-77,95,-51,-92,11,-48,-32,-1,
-11,-21,-74,22,-81,97,77,33,68,61,-35,6,-40,-73,102,-47,-93,13,-45,-25,-1,
-8,-20,-73,19,-82,100,75,34,70,59,-32,9,-36,-76,103,-46,-90,10,-42,-28,-1,
0,-67,94,31,19,41,17,47,-91,-86,37,78,-50,-91,71,-93,65,-82,-13,75,1,
-12,-25,-75,20,-84,94,74,32,64,58,-39,7,-45,-77,94,-51,-96,9,-47,-29,-1,
-6,-70,95,26,12,39,5,46,-94,-90,36,74,-54,-96,74,-93,59,-80,-18,80,1,
-13,-24,-73,28,-85,96,79,38,64,57,-36,7,-44,-78,101,-47,-90,11,-48,-31,-1,
-8,-20,-74,23,-84,97,76,39,68,61,-36,7,-41,-77,101,-47,-97,15,-44,-28,-1,
-12,-22,-74,17,-84,99,73,35,67,58,-38,6,-39,-77,100,-46,-95,9,-49,-29,-1,
-7,-68,92,32,14,41,8,48,-94,-86,36,81,-56,-92,76,-94,64,-82,-16,78,1,
-4,-68,98,30,15,39,11,48,-94,-89,37,79,-54,-92,73,-96,66,-78,-18,81,1,
-11,-21,-75,22,-85,100,73,34,68,59,-35,9,-41,-76,99,-47,-94,11,-44,-30,-1,
-10,-29,-69,28,-84,96,80,34,65,62,-33,7,-42,-78,100,-48,-96,12,-44,-31,-1,
-11,-27,-68,19,-83,95,77,33,67,60,-35,10,-42,-75,98,-44,-92,10,-46,-28,-1,
0,-68,97,32,14,42,9,46,-91,-87,39,74,-53,-96,76,-92,60,-81,-17,81,1,
-14,-28,-72,22,-81,96,79,30,68,60,-31,6,-35,-79,104,-48,-93,8,-47,-29,-1,
0,-70,97,29,15,38,4,48,-90,-87,33,76,-57,-95,80,-98,61,-83,-17,78,1,
-3,-70,99,28,16,41,7,44,-93,-90,34,73,-52,-96,76,-97,63,-81,-14,75,1,
-8,-24,-73,19,-79,95,78,34,67,59,-32,5,-44,-78,99,-48,-92,11,-44,-32,-1,
-12,-26,-72,19,-83,97,77,36,67,56,-35,6,-39,-75,99,-45,-89,10,-47,-25,-1,
-10,-25,-74,22,-82,96,74,30,67,55,-32,5,-41,-74,99,-42,-98,9,-49,-32,-1,
-2,-69,90,30,12,39,11,45,-95,-88,38,77,-54,-97,75,-96,57,-81,-16,72,1,
-3,-68,91,29,15,41,8,47,-93,-89,39,77,-50,-94,72,-96,64,-79,-14,80,1,
-12,-27,-75,15,-84,98,74,33,67,60,-36,7,-42,-77,97,-47,-96,7,-46,-33,-1,
-8,-73,99,26,16,40,13,48,-99,-85,38,78,-55,-96,73,-98,66,-82,-18,75,1,
-10,-25,-73,18,-87,98,75,36,66,60,-39,8,-38,-76,101,-49,-91,10,-46,-26,-1,
2,-68,94,26,19,39,8,46,-93,-92,39,78,-56,-92,68,-96,60,-82,-14,76,1,
-19,-24,-73,23,-82,97,76,34,66,61,-33,3,-41,-80,102,-49,-100,11,-45,-31,-1,
-5,-27,-72,20,-78,100,75,40,68,61,-33,8,-37,-78,101,-43,-90,10,-45,-28,-1,
-12,-24,-77,21,-86,96,75,34,67,60,-37,5,-39,-77,99,-54,-96,11,-47,-29,-1,
-13,-24,-72,17,-79,95,76,34,66,58,-36,5,-40,-81,101,-46,-91,7,-48,-30,-1,
-10,-23,-72,21,-81,98,75,32,68,60,-35,9,-41,-78,102,-46,-88,8,-44,-30,-1,
-7,-70,97,22,16,39,12,45,-96,-88,37,72,-54,-93,71,-98,63,-81,-17,78,1,
-13,-19,-74,24,-83,98,77,32,69,57,-33,9,-42,-74,99,-43,-95,10,-44,-30,-1,
-10,-71,93,28,14,39,14,44,-97,-89,40,75,-55,-96,71,-97,70,-81,-17,72,1,
2,-69,94,28,16,39,7,50,-91,-85,39,77,-54,-95,72,-91,66,-78,-14,83,1,
-5,-68,92,27,13,38,6,45,-95,-93,38,75,-56,-96,70,-94,58,-83,-19,76,1,
-10,-21,-74,20,-83,98,76,34,66,57,-33,7,-40,-76,101,-49,-96,10,-45,-28,-1,
-4,-66,92,29,12,39,9,48,-92,-87,39,74,-52,-93,73,-94,62,-82,-16,77,1,
-11,-22,-74,24,-78,93,81,32,67,58,-33,7,-42,-76,97,-46,-91,9,-45,-30,-1,
-11,-26,-72,21,-83,98,81,36,66,59,-36,7,-45,-74,98,-45,-92,10,-47,-32,-1,
0,-68,95,30,14,43,13,48,-91,-86,41,80,-52,-95,77,-94,61,-81,-11,73,1,
-4,-69,94,31,16,42,5,45,-92,-91,37,75,-53,-93,74,-95,62,-81,-15,79,1,
-13,-25,-76,19,-83,96,75,34,65,57,-36,6,-41,-79,103,-49,-93,11,-48,-28,-1,
-13,-19,-75,24,-82,94,79,34,68,58,-35,8,-39,-77,100,-49,-94,11,-48,-28,-1,
-12,-21,-69,25,-79,99,81,33,68,63,-31,8,-39,-72,105,-44,-93,13,-42,-25,-1,
-5,-71,96,27,17,43,10,49,-93,-89,44,80,-53,-96,77,-96,69,-82,-12,78,1,
-11,-21,-79,19,-80,93,74,38,67,55,-35,4,-45,-75,93,-49,-99,10,-48,-32,-1,
-9,-26,-72,23,-85,100,77,39,66,58,-33,5,-39,-76,98,-48,-95,9,-45,-31,-1,
-2,-72,94,24,15,42,8,48,-91,-91,41,72,-51,-93,75,-97,68,-80,-15,86,1,
-6,-27,-74,21,-82,97,75,35,67,61,-32,5,-43,-75,99,-48,-96,12,-46,-32,-1,
-10,-18,-71,24,-85,95,76,33,66,62,-34,8,-43,-74,100,-50,-98,14,-46,-30,-1,
3,-70,97,27,19,40,8,48,-93,-88,40,71,-54,-93,75,-97,66,-80,-14,78,1,
-14,-23,-80,20,-82,98,74,38,65,62,-39,6,-44,-78,100,-50,-93,10,-46,-30,-1,
-14,-22,-73,16,-79,95,78,35,68,60,-32,10,-40,-76,97,-48,-95,6,-44,-30,-1,
-6,-18,-75,23,-83,99,71,33,68,60,-35,9,-43,-76,100,-47,-91,11,-43,-31,-1,
-2,-71,94,27,15,39,2,47,-94,-89,39,73,-53,-97,70,-94,63,-81,-20,76,1,
2,-70,103,28,15,45,14,46,-92,-91,42,74,-52,-92,76,-94,61,-82,-14,74,1,
-13,-20,-75,18,-80,97,80,35,65,60,-36,5,-43,-75,103,-49,-93,10,-45,-29,-1,
-2,-73,90,29,16,42,10,48,-92,-88,37,73,-53,-93,74,-97,60,-81,-13,81,1,
-12,-26,-74,24,-83,94,80,31,66,59,-36,8,-42,-72,101,-45,-94,9,-48,-28,-1,
-13,-25,-77,22,-82,95,75,32,65,59,-35,5,-44,-78,98,-49,-95,10,-47,-32,-1,
-12,-24,-71,17,-82,95,79,35,67,59,-33,7,-40,-76,98,-46,-94,7,-46,-31,-1,
-12,-24,-75,18,-82,94,79,36,67,57,-36,7,-42,-76,98,-46,-95,9,-49,-30,-1,
-3,-69,92,24,12,38,3,42,-96,-91,35,77,-57,-98,71,-99,58,-84,-20,71,1,
-4,-70,97,30,18,40,8,48,-94,-89,43,76,-53,-91,73,-94,61,-79,-12,77,1,
-10,-27,-75,21,-82,96,77,37,64,58,-36,5,-42,-78,101,-47,-94,10,-48,-28,-1,
0,-70,95,26,14,45,7,49,-93,-87,39,75,-51,-93,73,-96,66,-84,-15,73,1,
-2,-69,99,25,17,40,6,49,-95,-89,37,78,-54,-91,71,-98,69,-81,-17,75,1,
-10,-22,-66,20,-81,99,78,37,67,64,-34,6,-42,-72,98,-44,-94,14,-45,-27,-1,
-4,-26,-70,19,-85,100,76,41,66,61,-38,6,-40,-77,101,-49,-89,11,-47,-29,-1,
-12,-20,-74,24,-84,98,73,37,68,59,-36,9,-38,-79,102,-44,-95,10,-44,-28,-1,
-10,-23,-70,21,-83,98,77,35,67,62,-36,7,-45,-74,96,-42,-99,13,-44,-29,-1,
-6,-22,-70,20,-80,97,79,29,69,57,-30,6,-41,-73,99,-41,-93,10,-44,-29,-1,
-6,-23,-75,21,-80,100,77,36,67,59,-38,8,-40,-76,98,-45,-92,9,-45,-29,-1,
0,-65,97,30,16,44,10,48,-94,-88,40,75,-47,-92,72,-93,60,-78,-13,80,1,
-15,-22,-74,21,-83,99,76,33,68,60,-36,5,-38,-78,98,-45,-91,8,-45,-29,-1,
-10,-31,-67,16,-80,96,78,30,67,62,-34,4,-43,-78,101,-49,-92,11,-44,-29,-1,
-15,-20,-76,19,-81,97,75,35,68,61,-37,9,-42,-78,97,-46,-96,7,-41,-29,-1,
-6,-65,93,26,16,37,14,44,-94,-90,37,75,-54,-95,71,-96,59,-83,-17,79,1,
-17,-27,-73,19,-87,93,78,28,65,55,-35,3,-45,-78,99,-52,-95,10,-48,-34,-1,
-11,-26,-71,23,-80,96,80,32,68,63,-34,8,-42,-76,100,-46,-92,8,-46,-32,-1,
-2,-70,92,31,15,39,15,47,-90,-90,40,79,-52,-93,74,-93,57,-80,-15,77,1,
-6,-67,96,29,14,40,6,49,-95,-87,38,79,-52,-93,73,-95,67,-80,-17,77,1,
-5,-70,99,26,16,40,7,46,-93,-88,35,74,-53,-95,74,-97,66,-82,-19,79,1,
-12,-24,-73,16,-80,95,72,34,66,60,-36,8,-40,-76,97,-52,-90,10,-49,-27,-1,
-19,-27,-77,21,-88,95,74,35,65,56,-34,3,-41,-79,95,-48,-98,8,-49,-33,-1,
-7,-29,-72,19,-85,96,75,35,66,61,-35,7,-40,-76,98,-48,-94,10,-48,-29,-1,
-12,-22,-73,19,-80,96,72,37,65,61,-37,6,-44,-75,98,-48,-98,11,-48,-30,-1,
-1,-68,90,32,15,41,13,46,-92,-86,41,76,-49,-95,71,-93,61,-79,-13,79,1,
-2,-69,97,29,13,39,7,47,-91,-88,38,79,-54,-94,74,-93,65,-80,-16,74,1,
-2,-68,97,26,17,41,8,49,-96,-89,43,74,-54,-94,70,-95,62,-82,-16,77,1,
-8,-27,-68,22,-83,95,77,36,66,60,-32,5,-42,-77,102,-45,-94,12,-48,-31,-1,
-15,-18,-75,23,-81,96,80,31,69,61,-36,8,-40,-73,97,-46,-94,10,-44,-28,-1,
-2,-73,94,25,12,42,12,45,-93,-92,38,75,-50,-95,73,-96,60,-79,-15,79,1,
-11,-25,-71,22,-81,96,75,31,66,60,-34,7,-41,-78,98,-46,-92,10,-47,-29,-1,
-10,-31,-71,21,-80,95,76,33,64,60,-33,4,-44,-75,97,-51,-91,10,-45,-30,-1,
-14,-22,-73,23,-80,94,84,32,69,59,-31,7,-37,-75,98,-44,-92,8,-45,-27,-1,
-16,-26,-74,21,-85,98,80,35,66,60,-38,5,-39,-79,95,-49,-94,9,-46,-29,-1,
-14,-28,-78,24,-84,97,81,33,64,61,-38,4,-40,-78,98,-52,-95,9,-47,-31,-1,
-2,-64,93,29,18,40,10,49,-91,-82,41,79,-51,-92,75,-92,66,-81,-15,84,1,
-15,-23,-76,17,-82,97,77,33,68,59,-39,7,-43,-79,95,-44,-93,8,-44,-31,-1,
-4,-69,94,28,15,41,10,47,-91,-89,38,74,-52,-94,76,-95,64,-82,-15,83,1,
-14,-20,-70,26,-78,94,81,36,66,61,-32,5,-36,-73,102,-47,-91,10,-51,-27,-1,
-4,-70,90,26,17,41,13,48,-92,-85,37,78,-51,-95,74,-97,65,-81,-13,79,1,
-5,-73,98,27,15,43,10,47,-96,-87,39,74,-50,-96,73,-97,68,-81,-14,76,1,
-12,-23,-71,20,-83,95,77,36,64,61,-38,7,-41,-75,98,-48,-90,11,-48,-26,-1,
-3,-70,91,28,13,44,12,45,-92,-88,43,70,-49,-94,72,-95,60,-83,-16,76,1,
-14,-24,-72,23,-86,99,79,33,67,63,-36,8,-41,-74,101,-44,-96,12,-46,-29,-1,
-14,-30,-71,20,-81,94,82,34,63,61,-36,6,-45,-77,101,-47,-94,9,-47,-30,-1,
-13,-26,-69,22,-78,95,75,39,67,59,-35,5,-43,-75,98,-43,-92,12,-50,-29,-1,
-16,-27,-74,21,-81,95,78,30,68,59,-35,9,-43,-76,99,-45,-97,10,-46,-29,-1,
-2,-70,92,30,18,43,6,46,-94,-87,36,75,-53,-94,71,-97,62,-85,-15,70,1,
-5,-69,99,27,14,38,5,48,-94,-90,36,79,-57,-95,77,-96,65,-81,-21,77,1,
-17,-22,-73,22,-83,95,79,33,68,58,-32,7,-39,-77,102,-47,-93,9,-44,-28,-1,
-14,-19,-75,24,-80,93,77,37,65,60,-37,6,-43,-78,100,-51,-92,10,-46,-29,-1,
-11,-22,-71,23,-80,99,78,32,69,62,-32,8,-39,-72,97,-45,-92,12,-45,-27,-1,
-8,-24,-70,19,-82,93,77,32,65,58,-33,6,-46,-75,100,-48,-94,12,-47,-29,-1,
-9,-69,94,28,18,39,8,46,-95,-89,36,79,-55,-94,74,-98,62,-82,-14,74,1,
-3,-66,96,30,15,37,8,49,-96,-87,32,77,-53,-97,76,-94,66,-80,-16,75,1,
-2,-69,100,28,17,44,7,48,-93,-87,43,76,-53,-94,75,-94,65,-81,-12,77,1,
-13,-24,-75,25,-82,94,78,28,64,59,-34,3,-40,-77,97,-50,-95,10,-49,-30,-1,
-4,-70,94,27,16,39,4,46,-93,-90,37,75,-54,-99,73,-94,67,-82,-17,78,1,
-5,-68,97,27,17,40,17,48,-91,-91,36,79,-52,-92,72,-94,64,-83,-15,76,1,
-1,-74,96,27,19,41,11,49,-94,-89,35,77,-50,-94,70,-95,68,-83,-16,77,1,
-6,-28,-71,21,-84,96,80,34,66,60,-33,9,-40,-73,96,-50,-90,9,-44,-27,-1,
-16,-22,-71,17,-78,97,75,31,69,64,-36,5,-40,-77,98,-44,-94,12,-47,-28,-1,
-2,-67,93,29,15,43,8,48,-95,-83,36,76,-53,-93,77,-97,63,-81,-15,82,1,
2,-67,95,27,14,43,9,49,-93,-89,41,75,-54,-93,75,-95,62,-80,-14,82,1,
-12,-28,-74,20,-80,92,75,25,66,60,-34,5,-42,-78,98,-53,-91,8,-50,-31,-1,
-11,-68,96,28,19,37,12,49,-95,-87,36,78,-51,-95,70,-95,69,-82,-16,78,1,
-2,-67,97,28,18,41,11,48,-94,-89,35,81,-51,-96,72,-95,56,-83,-16,78,1,
-15,-28,-74,21,-81,94,76,35,67,57,-33,7,-39,-78,100,-45,-94,7,-49,-31,-1,
-18,-25,-74,16,-84,94,74,28,65,60,-40,7,-46,-74,93,-46,-96,8,-47,-31,-1,
0,-71,93,31,16,45,8,47,-93,-90,36,76,-52,-94,76,-95,65,-81,-13,77,1,
-9,-26,-74,22,-82,98,74,33,67,61,-37,9,-44,-78,97,-48,-90,11,-42,-30,-1,
-16,-22,-75,22,-79,95,77,36,67,60,-36,8,-39,-79,103,-48,-91,8,-48,-29,-1,
-4,-72,102,27,15,40,8,46,-94,-90,32,74,-52,-95,76,-99,61,-83,-18,71,1,
-7,-23,-71,25,-78,100,74,38,67,62,-32,7,-38,-76,103,-49,-89,11,-46,-28,-1,
-2,-66,98,26,16,43,8,47,-94,-86,37,79,-53,-90,72,-95,66,-81,-16,79,1,
-6,-70,90,30,15,42,12,49,-94,-87,39,77,-52,-94,75,-95,64,-82,-19,81,1,
-7,-25,-73,22,-75,97,81,34,69,63,-32,11,-41,-74,100,-44,-90,9,-44,-30,-1,
-8,-25,-74,25,-89,98,78,35,66,60,-36,9,-41,-78,99,-44,-94,10,-42,-31,-1,
-7,-68,94,28,15,39,14,48,-95,-87,40,80,-55,-93,73,-96,63,-82,-15,77,1,
-10,-20,-77,20,-82,96,78,35,66,59,-38,7,-40,-75,99,-49,-93,9,-47,-28,-1,
1,-72,98,28,15,41,6,46,-93,-90,30,75,-54,-95,72,-96,61,-83,-16,73,1,
-12,-21,-75,20,-76,93,77,30,67,59,-34,6,-45,-75,96,-48,-93,9,-44,-30,-1,
-6,-72,92,27,13,39,1,47,-93,-88,35,77,-55,-98,74,-97,63,-82,-18,80,1,
-3,-74,94,23,16,44,5,46,-94,-91,39,76,-55,-94,75,-98,62,-82,-16,79,1,
-6,-29,-69,21,-85,100,72,35,67,58,-31,4,-41,-75,98,-44,-91,11,-43,-31,-1,
-12,-28,-75,19,-79,94,79,39,64,57,-32,2,-41,-78,100,-49,-93,11,-48,-27,-1,
-12,-28,-74,23,-84,94,73,33,66,58,-34,7,-41,-80,97,-43,-96,8,-45,-30,-1,
-11,-26,-75,19,-81,95,76,33,65,62,-39,2,-41,-78,98,-51,-95,10,-50,-31,-1,
-12,-25,-68,20,-82,99,82,37,67,61,-33,7,-41,-76,102,-47,-90,10,-42,-26,-1,
-5,-72,92,27,15,42,5,46,-93,-86,36,77,-51,-95,72,-97,63,-82,-17,80,1,
-10,-26,-72,22,-84,97,73,35,67,61,-35,5,-42,-76,95,-48,-96,12,-47,-31,-1,
-11,-20,-73,25,-81,96,77,39,67,60,-31,8,-41,-75,100,-47,-94,12,-44,-28,-1,
0,-70,90,24,14,42,8,46,-94,-92,43,72,-52,-95,71,-98,63,-81,-15,77,1,
-13,-21,-72,23,-80,97,76,33,68,60,-32,8,-39,-73,100,-47,-95,11,-46,-26,-1,
-11,-28,-72,23,-81,95,79,33,65,58,-30,6,-41,-77,104,-48,-89,8,-45,-31,-1,
-16,-26,-71,21,-86,95,76,30,63,60,-36,6,-43,-78,102,-54,-96,9,-49,-31,-1,
-15,-20,-72,17,-83,95,77,29,66,58,-36,4,-42,-78,97,-50,-93,9,-48,-30,-1,
-16,-24,-76,19,-85,94,78,33,65,58,-37,7,-42,-81,101,-51,-94,7,-45,-29,-1,
-13,-16,-71,22,-83,97,77,40,68,58,-32,7,-43,-74,99,-45,-96,12,-43,-29,-1,
-12,-25,-76,18,-84,97,77,32,65,60,-36,6,-42,-77,97,-52,-93,9,-44,-29,-1,
-13,-29,-67,23,-85,96,75,36,65,61,-33,3,-40,-80,101,-47,-93,11,-45,-29,-1,
-11,-31,-76,17,-83,95,73,32,64,58,-36,5,-46,-78,99,-51,-95,8,-47,-33,-1,
-11,-67,95,25,17,40,11,47,-99,-87,36,77,-52,-97,71,-96,63,-82,-16,77,1,
0,-72,90,28,12,43,6,46,-92,-92,39,76,-52,-95,74,-95,63,-82,-15,74,1,
-12,-21,-67,24,-82,98,79,39,68,62,-35,10,-38,-76,100,-45,-93,11,-46,-27,-1,
-10,-25,-72,18,-83,100,74,38,67,62,-38,8,-42,-81,101,-49,-91,11,-42,-30,-1,
-5,-72,97,26,15,35,8,47,-96,-92,35,75,-54,-96,70,-96,61,-80,-18,74,1,
-16,-22,-71,20,-83,93,75,34,66,57,-33,6,-42,-75,98,-46,-95,11,-49,-28,-1,
0,-71,94,30,14,39,13,47,-92,-92,39,79,-50,-94,71,-94,66,-79,-15,76,1,
-5,-70,97,28,15,39,6,47,-92,-88,33,77,-51,-95,76,-96,62,-80,-15,76,1,
-13,-25,-70,20,-83,93,77,32,66,60,-33,7,-41,-74,98,-49,-95,10,-49,-29,-1,
-5,-67,95,28,14,42,6,47,-93,-88,34,77,-52,-93,75,-97,65,-81,-17,79,1,
-9,-28,-74,22,-86,97,78,32,67,57,-33,4,-38,-76,97,-46,-94,9,-47,-30,-1,
-13,-24,-76,23,-85,98,72,36,67,59,-35,8,-40,-79,100,-46,-93,10,-44,-29,-1,
0,-71,95,26,14,43,9,47,-95,-89,46,77,-52,-96,73,-95,64,-81,-14,76,1,
-3,-67,96,30,13,42,9,48,-93,-88,41,80,-53,-96,79,-94,60,-79,-14,82,1,
-5,-68,97,26,14,41,7,46,-93,-90,36,76,-54,-93,75,-98,64,-82,-17,77,1,
-3,-70,95,28,14,39,11,46,-95,-92,37,78,-53,-95,73,-95,58,-80,-17,79,1,
-3,-68,90,24,12,38,7,48,-95,-89,38,73,-53,-96,70,-96,63,-83,-19,72,1,
-6,-70,94,29,14,37,7,46,-95,-91,38,76,-54,-94,69,-95,61,-80,-17,80,1,
-1,-72,96,28,17,39,3,48,-94,-89,34,72,-53,-94,70,-95,59,-81,-16,75,1,
-6,-69,92,27,17,41,8,47,-93,-88,36,76,-52,-91,73,-94,61,-79,-15,80,1,
-9,-25,-67,23,-84,93,80,34,63,61,-35,11,-46,-75,104,-50,-90,12,-45,-27,-1,
-6,-72,96,28,15,39,8,44,-95,-93,39,75,-54,-96,72,-96,65,-83,-16,76,1,
-3,-66,95,27,16,39,8,47,-94,-87,35,77,-52,-97,75,-95,63,-81,-15,78,1,
-10,-19,-75,22,-85,97,76,34,68,56,-37,8,-44,-77,97,-44,-93,10,-42,-32,-1,
-9,-24,-75,24,-79,98,76,31,67,63,-36,4,-39,-74,103,-50,-94,12,-49,-31,-1,
-2,-66,100,30,14,41,12,47,-88,-88,40,74,-51,-91,80,-93,62,-81,-14,78,1,
-10,-17,-72,28,-85,97,82,32,68,63,-35,8,-42,-73,101,-46,-94,15,-44,-26,-1,
-4,-19,-71,25,-77,97,78,35,68,60,-31,7,-44,-73,100,-41,-94,14,-43,-28,-1,
-12,-70,94,24,12,37,10,43,-96,-95,35,74,-55,-96,67,-97,64,-83,-18,72,1,
-3,-64,97,29,17,44,15,47,-91,-84,37,79,-51,-89,79,-95,75,-81,-12,74,1,
1,-73,95,31,16,41,9,48,-92,-85,41,76,-53,-93,72,-95,66,-81,-16,78,1,
-5,-70,94,25,16,39,13,47,-91,-89,37,75,-50,-95,74,-96,70,-81,-16,75,1,
0,-70,96,27,18,42,7,50,-91,-92,37,80,-53,-91,76,-98,67,-84,-15,75,1,
-10,-22,-75,22,-82,97,74,34,68,59,-36,7,-42,-75,95,-46,-94,12,-43,-27,-1,
-7,-21,-73,23,-79,96,76,33,67,60,-31,7,-40,-75,98,-50,-91,10,-44,-29,-1,
-9,-20,-69,22,-83,101,78,40,69,60,-32,8,-38,-75,102,-42,-90,11,-43,-29,-1,
-10,-26,-72,22,-85,96,77,32,68,55,-33,7,-41,-78,99,-45,-91,10,-47,-32,-1,
-8,-26,-75,23,-80,99,82,38,66,63,-36,6,-40,-80,104,-48,-95,10,-45,-32,-1,
-7,-28,-75,22,-86,97,77,32,66,61,-34,7,-43,-76,97,-47,-93,10,-43,-31,-1,
-10,-21,-74,19,-82,95,74,34,68,58,-32,5,-39,-78,101,-53,-92,10,-48,-31,-1,
-12,-22,-69,24,-79,97,79,33,67,60,-32,7,-40,-72,100,-43,-91,11,-47,-26,-1,
-11,-28,-72,20,-84,93,75,33,64,60,-35,4,-43,-78,94,-50,-93,9,-45,-30,-1,
-13,-25,-71,22,-82,95,77,32,68,61,-32,10,-36,-78,104,-47,-89,9,-45,-26,-1,
0,-69,98,28,18,43,5,47,-96,-87,41,75,-50,-95,72,-94,61,-80,-12,74,1,
-17,-17,-77,18,-81,97,75,34,68,55,-34,4,-39,-77,99,-49,-97,10,-46,-28,-1,
-5,-72,94,28,12,42,5,44,-95,-89,33,69,-52,-93,70,-97,64,-81,-18,74,1,
0,-68,97,28,19,41,8,48,-92,-87,38,80,-53,-93,73,-95,63,-80,-12,78,1,
-10,-29,-73,25,-80,97,82,39,64,62,-33,3,-37,-78,103,-47,-94,11,-47,-27,-1,
0,-71,93,31,16,40,7,44,-95,-87,34,73,-55,-97,75,-98,61,-82,-15,77,1,
-2,-71,94,28,17,39,5,47,-93,-88,33,74,-54,-93,71,-96,64,-82,-19,81,1,
-11,-19,-75,23,-79,96,81,31,69,57,-34,11,-39,-74,102,-45,-86,8,-44,-26,-1,
-10,-18,-70,22,-80,95,77,32,67,60,-31,6,-40,-72,100,-48,-93,12,-46,-25,-1,
-15,-26,-75,19,-84,98,77,34,67,57,-36,4,-38,-83,98,-46,-94,6,-45,-31,-1,
-10,-25,-77,19,-77,98,79,32,70,58,-33,8,-39,-78,96,-44,-92,7,-41,-29,-1,
-9,-69,96,28,21,38,6,46,-91,-93,35,73,-54,-92,72,-96,66,-83,-13,78,1,
-13,-22,-73,21,-84,97,76,36,66,58,-34,5,-41,-80,101,-46,-92,9,-45,-31,-1,
-10,-24,-70,21,-84,98,74,29,68,60,-37,7,-40,-77,98,-47,-95,11,-49,-30,-1,
-11,-25,-70,23,-84,97,78,34,67,62,-33,6,-40,-76,101,-49,-91,13,-44,-28,-1,
-14,-26,-71,23,-80,97,79,31,69,62,-30,5,-35,-77,101,-49,-95,10,-46,-30,-1,
-15,-27,-77,19,-85,95,76,33,64,59,-38,4,-44,-79,96,-52,-93,9,-49,-30,-1,
-3,-68,97,29,19,38,13,50,-93,-87,41,81,-51,-93,74,-95,70,-79,-14,78,1,
-3,-66,95,28,13,41,8,48,-94,-90,37,75,-53,-97,77,-96,62,-83,-17,76,1,
-3,-69,90,28,17,41,16,47,-95,-84,34,74,-50,-96,73,-97,62,-80,-17,85,1,
-13,-29,-74,20,-86,93,75,36,63,59,-36,4,-44,-79,95,-50,-93,10,-48,-30,-1,
-1,-68,96,28,15,44,12,50,-92,-81,40,73,-48,-93,76,-93,66,-80,-16,81,1,
-6,-70,97,28,17,40,13,50,-93,-82,43,80,-51,-95,77,-93,66,-80,-14,84,1,
-9,-24,-73,23,-87,96,80,27,65,59,-36,5,-42,-78,100,-44,-94,11,-44,-30,-1,
-15,-21,-74,22,-78,94,81,29,67,59,-35,5,-43,-75,98,-49,-94,7,-48,-33,-1,
0,-69,96,25,18,38,5,48,-93,-87,38,75,-56,-95,72,-97,63,-83,-16,79,1,
-13,-24,-71,21,-81,94,78,34,68,61,-32,9,-42,-73,98,-44,-96,11,-47,-29,-1,
-9,-27,-70,28,-83,99,76,37,66,63,-33,4,-40,-77,101,-48,-90,13,-45,-31,-1,
-16,-26,-75,16,-79,96,70,32,68,59,-34,7,-40,-80,98,-50,-96,8,-47,-30,-1,
-10,-23,-72,20,-78,99,73,38,69,60,-31,7,-40,-75,105,-44,-96,12,-47,-29,-1,
-4,-69,95,31,15,42,12,47,-95,-86,42,78,-52,-93,73,-94,66,-82,-14,69,1,
-7,-72,99,25,15,39,7,47,-94,-87,38,75,-54,-94,72,-95,62,-81,-21,81,1,
-3,-67,95,26,17,41,8,49,-94,-89,42,75,-58,-92,74,-97,68,-83,-15,79,1,
-8,-73,94,25,14,41,7,48,-96,-86,41,75,-53,-95,72,-98,67,-82,-16,77,1,
-3,-65,96,27,12,40,4,43,-90,-94,37,72,-55,-93,74,-94,56,-82,-14,76,1,
-13,-23,-71,17,-78,98,78,30,69,60,-31,5,-39,-75,99,-47,-92,9,-44,-28,-1,
-12,-16,-70,25,-80,98,77,40,68,61,-34,8,-38,-74,101,-44,-92,12,-47,-27,-1,
-14,-27,-76,19,-80,98,75,32,68,59,-31,5,-39,-78,99,-46,-91,7,-42,-30,-1,
-10,-22,-75,23,-80,93,78,32,68,56,-31,9,-40,-77,100,-46,-93,10,-45,-28,-1,
-11,-26,-72,17,-82,96,77,32,65,58,-39,9,-44,-77,97,-46,-94,7,-47,-29,-1,
-10,-22,-71,23,-75,97,76,39,68,63,-31,6,-38,-74,101,-46,-92,11,-45,-27,-1,
-12,-24,-74,17,-78,97,77,32,67,61,-36,7,-41,-80,99,-47,-93,7,-44,-30,-1,
-14,-25,-70,24,-82,95,77,30,65,61,-30,5,-41,-73,102,-47,-93,10,-47,-31,-1,
-10,-22,-72,21,-82,94,76,30,68,59,-34,10,-40,-72,98,-47,-91,9,-46,-27,-1,
-14,-25,-73,20,-80,96,78,36,67,63,-33,7,-42,-74,100,-46,-94,11,-44,-27,-1,
-10,-22,-75,23,-81,98,77,38,67,60,-32,5,-40,-72,98,-48,-90,11,-45,-30,-1,
-5,-69,91,27,11,39,10,45,-92,-87,37,72,-54,-95,75,-98,71,-83,-22,78,1,
-1,-69,92,24,15,39,3,49,-95,-91,36,74,-55,-96,70,-97,62,-82,-17,79,1,
1,-64,94,27,13,39,10,47,-91,-81,39,74,-52,-95,77,-92,60,-79,-16,83,1,
-10,-73,93,28,14,39,8,47,-93,-91,39,75,-54,-96,75,-95,58,-83,-18,77,1,
-13,-24,-76,27,-79,95,78,39,66,55,-32,4,-43,-78,101,-48,-96,13,-48,-29,-1,
-10,-29,-73,21,-86,97,77,37,66,61,-34,4,-40,-79,100,-51,-95,11,-46,-32,-1,
-10,-25,-75,22,-83,94,75,32,67,57,-34,5,-44,-78,99,-54,-92,11,-47,-33,-1,
-15,-20,-73,23,-83,98,78,35,69,61,-35,7,-38,-76,97,-45,-92,10,-41,-27,-1,
-3,-68,96,27,13,41,8,47,-93,-93,39,75,-49,-94,70,-94,59,-78,-17,86,1,
-4,-69,94,27,17,42,12,48,-92,-88,40,81,-53,-95,74,-98,69,-82,-13,81,1,
-16,-26,-72,20,-82,96,78,30,67,59,-32,2,-39,-79,101,-48,-92,8,-44,-31,-1,
-19,-21,-75,23,-79,96,75,35,66,58,-33,3,-42,-75,99,-46,-100,9,-49,-32,-1,
-5,-71,96,29,14,40,5,45,-94,-89,34,75,-50,-98,75,-98,65,-80,-16,76,1,
-1,-69,100,27,16,40,12,45,-95,-91,38,78,-54,-94,75,-96,63,-80,-13,73,1,
-1,-71,95,28,13,43,6,46,-92,-88,39,73,-53,-94,74,-94,66,-81,-18,79,1,
-14,-22,-75,27,-83,96,80,34,66,60,-36,9,-39,-76,101,-48,-89,9,-44,-27,-1,
-1,-70,94,26,13,37,5,47,-91,-88,40,72,-51,-95,72,-93,63,-78,-17,82,1,
-8,-23,-70,24,-83,95,78,38,67,59,-33,8,-39,-77,100,-47,-92,10,-46,-30,-1,
-10,-21,-73,20,-84,94,78,29,67,59,-37,9,-42,-79,96,-45,-91,7,-42,-30,-1,
-7,-22,-70,21,-83,97,79,27,69,57,-35,8,-37,-74,102,-44,-87,10,-48,-26,-1,
-10,-21,-69,22,-82,97,76,35,68,60,-35,8,-40,-78,95,-42,-92,10,-43,-29,-1,
0,-67,92,25,18,39,9,47,-92,-86,37,77,-54,-96,74,-95,61,-81,-17,81,1,
-3,-69,97,24,15,38,3,48,-93,-89,40,78,-58,-96,76,-96,62,-80,-17,81,1,
-7,-70,94,28,14,39,6,46,-94,-88,38,74,-56,-95,73,-95,60,-82,-18,78,1,
1,-69,90,27,17,42,8,48,-93,-86,37,73,-52,-95,73,-95,58,-82,-15,81,1,
-14,-26,-71,20,-78,94,76,29,68,61,-31,8,-40,-76,98,-48,-93,7,-45,-29,-1,
0,-69,95,26,16,41,13,48,-95,-88,40,76,-51,-92,71,-96,60,-80,-15,73,1,
0,-66,94,27,15,42,5,46,-93,-88,36,77,-52,-93,75,-96,65,-81,-16,76,1,
2,-67,92,29,15,42,9,49,-89,-83,43,78,-51,-94,77,-94,65,-80,-14,82,1,
-2,-71,96,23,16,40,9,48,-93,-87,36,78,-51,-97,74,-99,61,-81,-18,78,1,
-16,-23,-72,14,-79,100,77,30,69,61,-35,6,-38,-80,102,-46,-92,7,-43,-29,-1,
-9,-17,-72,22,-81,99,75,33,68,62,-36,4,-41,-76,97,-48,-96,13,-44,-29,-1,
-4,-67,95,34,12,38,12,47,-95,-87,36,79,-54,-95,77,-94,65,-80,-17,75,1,
-3,-71,94,26,16,39,6,48,-94,-89,37,75,-54,-95,69,-95,68,-83,-17,72,1,
-11,-23,-76,24,-81,97,79,35,66,61,-34,5,-40,-76,100,-52,-94,12,-46,-30,-1,
-4,-70,95,28,14,41,6,45,-95,-89,38,74,-53,-93,70,-97,62,-81,-15,77,1,
-5,-68,101,26,18,43,8,48,-93,-86,40,75,-48,-95,76,-92,66,-80,-13,81,1,
-6,-72,97,28,15,39,9,47,-94,-85,36,77,-53,-97,76,-97,62,-80,-14,77,1,
-12,-27,-75,26,-82,98,76,33,66,60,-33,2,-37,-77,102,-46,-95,11,-51,-30,-1,
-4,-68,101,27,17,39,8,50,-93,-91,42,79,-54,-92,74,-94,65,-80,-15,76,1,
-6,-23,-71,23,-81,94,74,39,65,60,-33,9,-44,-73,100,-47,-90,12,-46,-27,-1,
-8,-72,92,27,14,39,10,46,-95,-86,32,76,-53,-98,71,-96,61,-82,-19,80,1,
0,-70,93,31,15,43,8,48,-93,-85,43,76,-55,-88,72,-94,60,-79,-13,78,1,
-17,-28,-76,27,-84,97,76,35,66,61,-39,5,-41,-79,97,-50,-95,11,-49,-31,-1,
-4,-71,94,25,17,41,8,47,-94,-90,40,71,-50,-94,73,-97,69,-82,-16,78,1,
-1,-67,93,29,15,44,9,50,-95,-86,41,77,-53,-92,75,-95,59,-81,-15,75,1,
0,-70,99,31,19,41,8,47,-90,-83,36,75,-52,-91,76,-94,63,-80,-14,80,1,
-9,-25,-74,21,-80,95,77,39,66,60,-32,8,-40,-76,100,-47,-93,9,-44,-29,-1,
-1,-69,93,29,16,36,12,46,-94,-85,35,74,-52,-98,72,-94,57,-80,-18,79,1,
-11,-30,-76,20,-82,92,74,33,63,57,-34,3,-44,-81,100,-53,-95,8,-47,-33,-1,
-13,-15,-73,24,-77,99,82,31,71,62,-33,9,-35,-73,100,-42,-91,9,-42,-26,-1,
-13,-24,-73,23,-80,97,78,31,67,62,-33,3,-40,-77,100,-47,-94,11,-46,-30,-1,
0,-73,92,32,14,42,14,46,-95,-86,42,74,-53,-95,75,-94,63,-81,-17,78,1,
-15,-26,-76,17,-80,94,77,34,66,58,-35,4,-44,-79,100,-45,-93,7,-46,-32,-1,
-14,-24,-69,23,-84,96,81,30,66,62,-37,9,-42,-75,97,-44,-95,9,-47,-30,-1,
-9,-26,-70,21,-82,98,81,32,69,61,-35,8,-38,-71,98,-47,-92,11,-48,-28,-1,
-6,-71,93,25,12,39,3,44,-95,-90,34,74,-55,-96,71,-100,67,-82,-19,75,1,
-10,-19,-70,19,-77,100,77,33,72,61,-31,9,-38,-74,100,-45,-92,10,-45,-29,-1,
-2,-68,92,25,14,42,7,45,-94,-93,40,75,-54,-94,72,-97,58,-82,-13,76,1,
-1,-68,100,24,19,41,9,48,-92,-89,43,81,-52,-94,73,-94,70,-80,-14,85,1,
-11,-27,-72,21,-79,100,73,39,67,60,-32,4,-37,-78,103,-50,-91,12,-46,-27,-1,
-4,-66,98,29,18,39,13,49,-90,-88,41,77,-51,-91,75,-92,62,-79,-13,83,1,
-6,-68,95,29,13,43,3,48,-94,-92,38,73,-52,-95,75,-94,67,-81,-16,83,1,
-8,-21,-73,27,-82,96,77,36,67,60,-34,7,-39,-76,103,-48,-93,13,-47,-29,-1,
-4,-68,94,26,13,41,11,45,-94,-93,41,75,-51,-95,72,-95,61,-82,-15,74,1,
-15,-21,-74,23,-80,96,83,33,68,60,-35,6,-36,-77,98,-43,-96,9,-48,-26,-1,
-5,-68,89,33,16,44,8,45,-91,-89,37,78,-50,-92,74,-94,62,-82,-13,79,1,
-17,-28,-77,22,-82,90,77,32,64,59,-38,8,-44,-77,99,-49,-93,7,-50,-30,-1,
-8,-71,98,27,14,38,11,47,-95,-90,39,76,-53,-96,74,-96,66,-82,-17,77,1,
-15,-19,-71,19,-78,95,77,36,67,60,-35,8,-43,-76,99,-47,-94,11,-46,-28,-1,
2,-71,97,28,16,40,12,49,-91,-84,40,77,-53,-96,78,-94,60,-80,-16,79,1,
-14,-27,-73,22,-85,94,76,31,65,56,-36,3,-43,-81,101,-47,-93,9,-49,-33,-1,
-7,-23,-72,21,-83,99,76,39,68,59,-36,10,-40,-76,99,-42,-90,12,-44,-26,-1,
-5,-24,-70,24,-83,96,77,35,64,61,-36,7,-41,-77,101,-48,-94,11,-49,-30,-1,
-13,-20,-73,22,-79,99,80,37,67,64,-33,3,-41,-74,101,-50,-94,12,-43,-30,-1,
-12,-33,-74,16,-85,98,75,37,64,62,-40,4,-44,-80,98,-47,-99,9,-47,-33,-1,
-7,-67,99,24,12,40,11,44,-92,-89,37,76,-54,-93,76,-96,63,-83,-20,73,1,
-12,-26,-70,19,-86,94,74,31,66,57,-34,4,-44,-74,97,-47,-95,10,-47,-31,-1,
-6,-68,96,26,11,40,11,49,-92,-91,41,79,-52,-94,77,-94,62,-79,-16,81,1,
-3,-69,93,31,14,39,4,48,-93,-85,39,78,-55,-94,75,-93,60,-79,-15,76,1,
-6,-71,93,29,14,37,10,46,-93,-93,35,73,-52,-97,72,-94,58,-81,-19,77,1,
-15,-21,-74,20,-82,97,78,32,67,61,-36,7,-40,-79,100,-50,-94,8,-45,-29,-1,
-9,-22,-73,27,-78,99,80,34,67,61,-36,6,-41,-77,101,-45,-89,12,-44,-29,-1,
0,-72,96,28,14,43,11,47,-93,-87,35,76,-53,-91,73,-96,64,-81,-16,76,1,
-11,-27,-72,21,-76,95,71,32,68,62,-34,8,-42,-74,100,-48,-94,11,-50,-30,-1,
-3,-70,93,27,16,40,7,48,-94,-88,42,74,-51,-92,66,-95,67,-79,-15,80,1,
-13,-24,-74,16,-84,94,75,32,66,58,-38,8,-43,-77,96,-47,-94,6,-47,-30,-1,
-7,-20,-73,21,-82,101,82,34,66,65,-38,8,-45,-75,100,-47,-92,12,-41,-30,-1,
-11,-19,-71,19,-82,99,76,35,67,63,-38,6,-40,-75,100,-49,-94,12,-48,-27,-1,
-14,-25,-70,21,-85,92,75,32,65,60,-33,9,-45,-72,102,-50,-92,12,-48,-28,-1,
-10,-25,-72,19,-81,96,75,40,66,59,-35,3,-38,-77,102,-49,-95,12,-51,-29,-1,
-15,-24,-73,21,-83,94,77,28,67,56,-35,7,-44,-75,100,-49,-91,10,-47,-30,-1,
-5,-16,-73,23,-78,101,76,34,70,62,-35,7,-38,-70,97,-46,-93,14,-45,-25,-1,
-11,-23,-73,23,-83,95,78,29,64,60,-37,3,-40,-77,100,-50,-93,9,-48,-30,-1,
-14,-21,-73,21,-84,94,73,31,65,59,-37,8,-44,-77,97,-51,-95,9,-47,-30,-1,
-9,-27,-72,26,-82,95,80,35,63,61,-33,6,-43,-77,103,-49,-93,11,-45,-29,-1,
-4,-71,92,28,15,38,9,47,-94,-86,33,80,-55,-95,74,-98,68,-81,-16,78,1,
-3,-69,92,30,16,42,10,49,-95,-87,45,74,-53,-92,71,-93,63,-81,-16,79,1,
0,-70,97,24,15,41,8,48,-92,-89,37,76,-54,-97,78,-97,63,-83,-16,80,1,
-13,-27,-75,23,-85,94,74,30,66,55,-35,8,-42,-79,97,-47,-91,9,-47,-29,-1,
-17,-25,-72,20,-81,96,82,33,67,60,-34,8,-42,-76,102,-49,-92,9,-46,-30,-1,
-13,-25,-70,21,-84,95,78,38,67,61,-33,5,-36,-75,99,-48,-92,10,-47,-27,-1,
0,-69,95,29,18,41,8,50,-93,-86,39,80,-52,-96,75,-93,63,-80,-15,80,1,
-10,-20,-72,21,-87,96,75,33,67,59,-35,7,-39,-76,101,-48,-91,10,-46,-29,-1,
-10,-23,-70,18,-73,98,79,38,69,62,-29,4,-38,-73,103,-43,-95,9,-45,-29,-1,
-4,-66,91,26,15,42,11,49,-91,-82,39,77,-52,-93,75,-94,60,-83,-16,78,1,
-3,-71,96,25,13,40,7,48,-94,-87,41,77,-54,-96,74,-97,63,-80,-16,76,1,
-2,-70,95,30,15,42,6,46,-93,-91,37,73,-52,-96,76,-98,64,-81,-17,78,1,
-8,-68,94,24,12,39,10,46,-98,-88,37,73,-53,-98,71,-96,59,-80,-16,80,1,
-9,-29,-71,17,-80,96,73,39,66,59,-32,8,-47,-75,98,-48,-95,10,-43,-33,-1,
-6,-74,97,23,11,37,6,45,-94,-92,38,73,-55,-96,71,-96,65,-81,-19,75,1,
-13,-29,-74,21,-83,98,80,33,66,60,-37,2,-39,-76,97,-48,-98,8,-49,-32,-1,
-16,-23,-73,20,-83,96,79,29,67,61,-33,8,-37,-75,102,-47,-92,6,-45,-29,-1,
-4,-68,95,32,13,43,15,46,-92,-89,39,80,-48,-93,74,-92,62,-80,-15,76,1,
0,-70,94,24,12,40,13,46,-96,-88,39,77,-52,-94,69,-97,60,-80,-18,77,1,
2,-68,96,28,17,45,8,50,-91,-87,46,79,-52,-92,76,-94,64,-79,-14,84,1,
-7,-24,-71,22,-83,98,77,37,66,61,-35,5,-40,-75,100,-45,-94,12,-49,-30,-1,
-1,-71,95,29,15,39,10,46,-93,-90,34,74,-53,-96,73,-97,62,-81,-18,78,1,
-7,-73,94,25,14,38,2,44,-97,-91,34,72,-55,-98,71,-99,66,-82,-19,72,1,
-9,-22,-74,21,-82,96,74,30,69,58,-34,8,-42,-74,96,-45,-94,10,-47,-30,-1,
-14,-25,-75,22,-87,94,75,29,64,58,-37,4,-44,-79,97,-49,-93,8,-47,-34,-1,
-11,-24,-75,20,-84,96,73,30,68,56,-32,6,-41,-73,98,-43,-96,10,-48,-30,-1,
-5,-70,99,26,16,41,10,46,-91,-88,36,73,-54,-95,77,-96,62,-82,-16,76,1,
-15,-31,-68,18,-82,95,79,28,66,64,-35,5,-42,-77,102,-49,-94,8,-48,-33,-1,
0,-70,94,28,15,43,14,48,-95,-92,39,74,-52,-96,75,-95,62,-83,-16,75,1,
0,-68,97,30,15,43,12,47,-95,-87,38,77,-53,-91,74,-94,61,-80,-14,77,1,
-4,-72,93,27,12,41,3,47,-95,-92,41,73,-53,-94,70,-96,67,-81,-18,75,1,
-12,-24,-74,28,-88,97,75,31,68,56,-31,7,-38,-74,103,-47,-87,11,-48,-29,-1,
-3,-70,99,29,14,38,8,47,-93,-87,41,76,-51,-91,73,-92,61,-77,-15,79,1,
-8,-21,-71,28,-83,96,77,39,65,61,-38,10,-39,-77,101,-46,-91,11,-48,-27,-1,
-7,-27,-73,22,-86,97,76,36,67,58,-34,7,-37,-76,95,-48,-90,8,-43,-27,-1,
-16,-24,-70,23,-84,94,77,31,66,57,-34,5,-39,-79,103,-51,-89,9,-49,-30,-1,
0,-72,93,26,12,41,9,47,-95,-86,36,74,-54,-99,76,-97,60,-80,-16,77,1,
-12,-28,-71,18,-84,92,75,31,65,56,-35,5,-47,-79,95,-51,-90,8,-46,-32,-1,
-9,-68,96,22,12,42,7,45,-95,-88,39,68,-53,-96,72,-98,65,-81,-18,79,1,
-6,-65,98,29,13,39,8,46,-94,-86,36,81,-53,-95,76,-94,62,-79,-13,75,1,
-13,-22,-71,20,-77,94,84,32,66,62,-33,4,-42,-74,100,-49,-88,10,-43,-26,-1,
-2,-71,95,30,14,40,9,49,-94,-85,40,76,-51,-94,74,-94,67,-78,-17,82,1,
-18,-26,-72,25,-84,96,77,33,63,61,-40,6,-42,-79,95,-48,-96,9,-48,-28,-1,
-16,-23,-74,23,-84,95,76,32,65,60,-38,6,-43,-78,98,-48,-98,10,-48,-32,-1,
-14,-29,-72,24,-85,97,78,29,64,60,-39,7,-43,-79,102,-45,-91,10,-45,-29,-1,
-11,-20,-73,20,-79,95,77,39,67,62,-33,5,-41,-75,97,-49,-96,11,-46,-28,-1,
-16,-27,-73,23,-85,94,75,37,65,57,-36,4,-42,-76,96,-46,-96,9,-51,-31,-1,
-16,-25,-78,19,-80,96,76,35,66,60,-39,6,-44,-79,98,-51,-95,8,-49,-33,-1,
-5,-68,92,26,14,35,7,46,-94,-88,35,73,-54,-97,73,-94,60,-79,-18,81,1,
-1,-69,92,24,15,40,7,51,-96,-85,32,78,-55,-93,70,-96,65,-82,-17,82,1,
-14,-26,-73,19,-82,94,79,36,65,62,-36,5,-43,-77,98,-53,-96,10,-47,-31,-1,
-11,-23,-72,21,-81,95,74,33,65,60,-37,9,-41,-76,103,-50,-91,8,-50,-29,-1,
-3,-73,95,29,14,38,10,49,-93,-90,43,77,-54,-95,75,-96,64,-81,-17,78,1,
-11,-25,-68,22,-83,96,79,29,68,61,-34,8,-39,-75,98,-44,-92,12,-46,-26,-1,
-4,-67,98,24,16,38,11,48,-94,-87,40,76,-51,-93,70,-94,66,-80,-15,74,1,
-13,-23,-72,21,-86,95,77,31,66,59,-33,7,-39,-76,102,-48,-95,10,-47,-28,-1,
-11,-23,-76,17,-86,98,72,32,68,57,-35,7,-40,-78,102,-49,-90,10,-44,-28,-1,
0,-72,95,29,17,41,13,49,-91,-84,41,75,-52,-96,77,-94,66,-81,-18,83,1,
-17,-27,-74,26,-79,94,77,36,64,59,-34,5,-43,-78,101,-50,-96,10,-49,-31,-1,
-3,-66,94,31,15,42,14,47,-93,-86,39,74,-52,-93,77,-94,60,-82,-17,82,1,
0,-67,95,25,13,39,7,51,-90,-90,43,74,-51,-95,75,-93,64,-79,-18,87,1,
-7,-22,-72,23,-83,94,77,37,66,62,-35,6,-39,-75,100,-50,-92,11,-46,-28,-1,
-10,-20,-67,23,-84,99,78,38,68,63,-33,9,-39,-76,104,-47,-90,13,-46,-27,-1,
-13,-26,-74,17,-83,94,72,33,64,57,-33,1,-45,-76,96,-48,-96,8,-48,-34,-1,
-4,-69,95,28,17,42,7,45,-95,-92,35,77,-55,-94,72,-95,60,-83,-17,81,1,
1,-69,93,28,14,43,1,49,-94,-88,37,73,-50,-95,75,-96,66,-81,-14,78,1,
-4,-69,87,28,15,38,6,46,-95,-87,33,75,-54,-96,70,-97,62,-81,-18,79,1,
-9,-28,-69,26,-81,100,81,28,68,64,-33,7,-41,-73,103,-44,-92,14,-42,-28,-1,
-1,-68,99,27,17,39,6,46,-91,-85,33,73,-49,-96,74,-95,65,-80,-17,79,1,
-6,-70,95,28,16,38,10,48,-92,-93,35,75,-51,-94,73,-95,64,-81,-13,77,1,
-13,-19,-73,23,-85,93,79,31,66,58,-35,10,-40,-76,100,-50,-94,9,-46,-27,-1,
-13,-27,-71,22,-86,97,79,31,67,57,-34,7,-41,-78,101,-46,-91,8,-45,-31,-1,
-5,-69,97,27,15,41,6,45,-94,-88,39,72,-51,-94,73,-93,62,-79,-15,77,1,
-2,-70,92,27,9,42,3,45,-93,-91,32,71,-51,-96,74,-97,57,-81,-18,73,1,
-8,-23,-76,21,-81,98,79,38,67,60,-35,7,-41,-78,100,-46,-95,9,-43,-31,-1,
-12,-26,-68,22,-83,94,79,36,65,60,-36,5,-42,-77,99,-50,-92,11,-49,-30,-1,
-3,-69,96,28,17,39,11,48,-94,-87,39,79,-53,-93,72,-94,68,-81,-15,78,1,
-7,-19,-72,22,-82,100,77,33,68,58,-35,8,-43,-75,97,-43,-89,11,-43,-29,-1,
-11,-23,-71,20,-78,98,83,34,68,63,-33,5,-41,-75,102,-48,-94,11,-42,-29,-1,
-8,-28,-72,21,-86,93,79,30,64,57,-34,2,-41,-76,96,-51,-93,10,-48,-31,-1,
-12,-25,-73,22,-85,93,77,34,65,61,-38,4,-43,-71,96,-54,-96,12,-48,-30,-1,
-7,-72,93,25,11,39,5,47,-95,-90,38,72,-55,-95,72,-95,59,-82,-18,79,1,
0,-70,94,31,14,36,10,47,-91,-91,37,78,-54,-97,77,-95,65,-80,-17,78,1,
-17,-27,-76,20,-83,93,77,32,65,60,-38,5,-43,-79,97,-48,-99,10,-47,-29,-1,
-6,-24,-71,24,-81,95,78,29,66,61,-32,7,-42,-74,102,-45,-92,12,-44,-26,-1,
-13,-25,-71,21,-83,92,75,33,65,60,-32,5,-44,-75,100,-45,-97,10,-48,-32,-1,
-11,-21,-74,20,-83,98,79,35,68,60,-37,5,-39,-77,100,-46,-92,11,-46,-28,-1,
-11,-29,-69,20,-80,93,82,27,67,60,-30,5,-44,-75,100,-47,-95,9,-44,-33,-1,
-4,-71,88,30,14,41,11,44,-94,-86,36,73,-51,-97,74,-96,64,-81,-15,79,1,
-9,-21,-69,26,-79,98,79,36,68,62,-30,10,-39,-71,100,-48,-91,12,-42,-27,-1,
-13,-22,-72,25,-83,97,78,35,68,59,-31,6,-39,-75,100,-48,-93,11,-46,-30,-1,
-5,-69,95,28,15,40,10,45,-93,-87,34,76,-54,-95,74,-98,63,-83,-17,74,1,
-14,-25,-71,22,-80,97,79,36,67,60,-30,5,-37,-78,105,-47,-92,9,-44,-29,-1,
-8,-71,97,29,15,40,9,46,-93,-89,38,75,-53,-94,73,-95,67,-81,-17,81,1,
-4,-70,93,27,15,41,8,46,-94,-90,39,78,-56,-95,74,-97,62,-81,-15,79,1,
-4,-72,95,29,17,42,9,44,-96,-91,35,71,-52,-96,71,-97,58,-81,-15,77,1,
-8,-72,96,24,16,39,5,48,-96,-91,38,75,-56,-99,76,-100,68,-84,-16,75,1,
-9,-27,-69,21,-84,97,76,40,65,60,-37,2,-40,-77,97,-46,-93,11,-50,-31,-1,
-2,-71,93,30,14,44,8,48,-91,-89,36,79,-50,-94,73,-95,66,-83,-17,81,1,
-13,-26,-71,25,-81,98,82,38,68,61,-31,5,-42,-75,103,-46,-93,13,-44,-30,-1,
-4,-71,98,27,15,40,6,47,-92,-90,40,81,-57,-95,78,-96,63,-82,-16,75,1,
-4,-68,94,27,14,41,9,48,-96,-88,36,76,-54,-94,71,-95,60,-83,-18,76,1,
-13,-21,-71,21,-79,98,77,37,67,58,-34,4,-39,-78,100,-46,-90,10,-47,-29,-1,
-8,-22,-67,24,-77,96,80,40,66,62,-30,7,-37,-75,105,-44,-90,12,-47,-26,-1,
-14,-18,-79,25,-80,96,80,35,67,61,-35,5,-40,-75,97,-45,-95,10,-46,-30,-1,
-4,-68,101,25,19,42,15,49,-92,-82,37,77,-49,-90,74,-96,68,-80,-14,80,1,
-3,-73,94,27,18,40,6,47,-95,-89,35,71,-53,-96,73,-98,64,-82,-15,78,1,
-3,-66,94,27,17,42,9,49,-92,-92,40,81,-55,-94,73,-96,65,-84,-15,77,1,
-5,-70,96,29,17,40,6,45,-90,-90,34,78,-54,-93,77,-98,62,-81,-14,81,1,
0,-70,97,23,15,43,8,47,-94,-89,36,76,-51,-97,73,-97,65,-82,-14,75,1,
-5,-71,92,28,17,41,6,48,-96,-89,42,75,-56,-93,70,-97,66,-83,-17,79,1,
-8,-24,-68,23,-79,97,81,34,67,62,-30,10,-40,-73,104,-44,-94,13,-42,-24,-1,
-6,-68,95,28,15,41,10,43,-95,-89,37,74,-53,-94,74,-95,58,-81,-14,77,1,
-1,-72,97,29,16,38,18,47,-94,-90,40,76,-56,-94,73,-94,60,-79,-14,78,1,
-15,-22,-75,23,-80,97,77,34,67,61,-37,5,-37,-75,100,-46,-90,9,-48,-28,-1,
-14,-26,-75,21,-82,96,82,31,66,58,-35,5,-40,-79,101,-47,-89,6,-44,-32,-1,
-3,-72,93,24,15,39,9,49,-94,-88,37,75,-53,-95,72,-94,63,-79,-18,84,1,
-9,-24,-66,23,-81,97,76,29,67,60,-28,6,-39,-76,103,-45,-91,12,-43,-28,-1,
-4,-68,99,29,17,40,11,46,-95,-87,38,74,-51,-93,71,-93,62,-80,-16,74,1,
-8,-25,-72,23,-82,96,76,38,66,60,-33,6,-42,-75,99,-48,-96,12,-46,-30,-1,
0,-69,97,29,15,44,6,46,-96,-86,40,76,-49,-94,71,-93,64,-78,-13,78,1,
-2,-68,99,30,17,39,12,45,-93,-88,37,80,-52,-93,74,-94,65,-81,-13,74,1,
0,-68,91,29,17,41,12,49,-93,-86,38,82,-54,-95,75,-96,64,-81,-12,78,1,
-13,-21,-76,24,-88,94,73,34,67,57,-38,6,-42,-78,95,-51,-92,12,-48,-31,-1,
-11,-28,-74,20,-81,94,73,36,66,57,-34,5,-42,-74,98,-47,-90,6,-46,-31,-1,
-1,-71,98,28,18,40,8,45,-92,-90,33,75,-53,-97,77,-98,65,-83,-16,76,1,
-2,-67,96,29,19,42,8,47,-91,-86,44,76,-51,-92,77,-95,64,-79,-12,81,1,
-12,-23,-72,21,-82,97,78,36,68,58,-32,4,-40,-76,101,-46,-93,11,-45,-28,-1,
-10,-23,-71,20,-82,98,78,34,67,60,-38,7,-41,-77,98,-43,-96,11,-49,-29,-1,
-12,-25,-72,23,-84,95,80,34,67,56,-32,4,-38,-77,98,-49,-89,9,-47,-30,-1,
-12,-25,-71,18,-83,97,75,23,68,58,-33,8,-39,-74,94,-47,-91,6,-46,-29,-1,
0,-68,96,29,16,42,13,48,-93,-87,40,80,-53,-92,76,-96,63,-80,-15,81,1,
-13,-24,-77,19,-82,93,75,34,66,60,-37,8,-42,-79,96,-52,-96,8,-46,-31,-1,
-7,-71,95,27,14,39,7,43,-91,-91,37,72,-51,-98,77,-96,62,-82,-17,84,1,
-4,-66,96,30,16,44,8,47,-93,-89,40,74,-52,-93,76,-96,61,-80,-13,80,1,
-1,-73,97,27,14,38,11,45,-90,-94,40,73,-52,-95,73,-96,68,-83,-17,72,1,
2,-71,94,30,14,43,11,44,-91,-88,36,77,-53,-96,77,-98,62,-81,-14,77,1,
-2,-69,95,26,17,37,13,48,-94,-87,38,75,-52,-98,74,-95,63,-80,-17,81,1,
-12,-27,-74,21,-82,99,82,37,65,63,-36,7,-40,-76,105,-49,-92,12,-45,-25,-1,
-8,-31,-66,20,-84,94,76,33,64,61,-33,2,-42,-77,102,-50,-94,13,-48,-30,-1,
-10,-30,-76,17,-84,95,76,35,62,59,-36,4,-45,-79,99,-54,-99,7,-45,-33,-1,
-9,-24,-73,18,-80,96,77,34,68,61,-30,6,-39,-73,101,-48,-95,11,-45,-28,-1,
-11,-22,-73,26,-79,97,87,32,65,60,-34,1,-40,-76,97,-47,-94,12,-48,-29,-1,
-10,-72,92,24,13,41,11,48,-93,-88,39,74,-50,-95,72,-95,67,-83,-17,80,1,
-5,-70,91,25,12,42,8,44,-95,-86,39,70,-52,-98,73,-96,63,-82,-17,74,1,
0,-70,96,26,13,37,5,46,-93,-91,35,73,-55,-98,70,-96,64,-83,-19,72,1,
-4,-26,-69,21,-82,97,81,35,67,61,-33,7,-37,-73,102,-46,-91,12,-48,-26,-1,
-12,-26,-75,18,-77,94,76,36,67,57,-33,6,-42,-75,99,-47,-89,8,-46,-30,-1,
1,-68,91,29,16,42,16,49,-93,-84,35,79,-50,-97,74,-96,61,-82,-17,79,1,
-13,-25,-72,20,-85,95,73,36,65,57,-34,5,-42,-76,97,-50,-93,9,-47,-29,-1,
-15,-18,-73,20,-80,95,79,31,68,58,-35,9,-41,-74,95,-43,-92,7,-44,-27,-1,
-5,-68,95,27,15,40,8,47,-93,-86,37,74,-52,-95,75,-96,66,-79,-13,76,1,
-10,-25,-70,30,-78,95,83,38,65,62,-35,4,-40,-78,99,-44,-93,12,-47,-28,-1,
-10,-25,-75,24,-82,98,76,34,68,61,-37,8,-42,-73,98,-47,-92,11,-45,-30,-1,
-11,-23,-74,24,-81,95,80,34,67,57,-32,5,-38,-76,101,-47,-90,11,-48,-28,-1,
-11,-21,-71,23,-80,95,80,39,66,60,-35,10,-38,-76,101,-46,-90,9,-47,-25,-1,
-11,-25,-71,22,-83,97,78,33,67,59,-34,9,-40,-75,100,-45,-93,9,-47,-29,-1,
-2,-70,97,28,17,40,6,47,-94,-92,37,69,-54,-93,69,-95,66,-82,-19,77,1,
-8,-26,-72,18,-83,95,77,35,65,57,-36,5,-40,-77,100,-44,-93,10,-49,-27,-1,
-14,-22,-76,20,-82,96,77,34,66,58,-34,4,-43,-77,98,-47,-98,11,-45,-29,-1,
-8,-24,-70,24,-83,99,77,37,67,61,-37,6,-40,-79,101,-45,-93,12,-46,-30,-1,
-4,-70,95,26,12,40,7,48,-93,-91,36,76,-52,-91,72,-97,65,-78,-18,81,1,
-5,-31,-72,18,-85,97,77,36,66,61,-39,9,-42,-77,98,-46,-89,11,-46,-28,-1,
-10,-26,-74,22,-80,96,72,40,65,61,-34,4,-41,-75,97,-49,-96,12,-49,-30,-1,
-8,-71,96,28,14,41,7,47,-95,-85,35,78,-55,-94,78,-98,59,-82,-18,78,1,
-18,-25,-74,20,-86,93,77,32,64,59,-39,3,-43,-80,97,-49,-95,9,-50,-31,-1,
-2,-71,95,28,14,39,11,47,-93,-85,39,74,-51,-96,75,-95,61,-79,-15,78,1,
-7,-24,-68,25,-84,98,80,35,67,62,-33,5,-42,-76,99,-55,-89,13,-43,-30,-1,
-9,-26,-73,22,-87,98,73,36,66,57,-33,4,-41,-77,102,-49,-93,11,-46,-33,-1,
-10,-27,-75,24,-81,96,78,33,66,60,-34,5,-43,-77,95,-45,-94,9,-43,-31,-1,
-13,-26,-73,17,-85,98,72,37,68,58,-34,6,-39,-77,101,-50,-96,11,-48,-31,-1,
-17,-25,-79,21,-83,92,72,29,66,54,-31,6,-43,-80,98,-50,-90,5,-46,-33,-1,
-6,-28,-67,21,-84,95,78,34,67,58,-29,10,-40,-75,101,-43,-97,10,-46,-29,-1,
-3,-70,98,29,15,41,10,50,-92,-86,45,76,-54,-94,76,-93,69,-82,-16,77,1,
-11,-25,-70,19,-84,94,76,34,64,59,-34,5,-42,-76,102,-48,-94,10,-51,-30,-1,
-3,-68,94,26,17,38,3,48,-93,-91,38,80,-54,-96,72,-96,60,-82,-16,79,1,
-10,-29,-73,17,-80,100,75,36,68,65,-34,8,-40,-74,101,-46,-97,10,-44,-29,-1,
-11,-26,-75,18,-82,94,74,33,67,57,-35,6,-42,-78,96,-47,-93,9,-48,-30,-1,
-11,-30,-69,21,-79,95,75,35,64,59,-31,4,-42,-78,104,-51,-89,10,-49,-30,-1,
-15,-24,-78,17,-86,99,78,33,67,59,-36,4,-35,-75,100,-50,-93,7,-47,-28,-1,
0,-71,91,27,15,41,8,45,-91,-91,37,72,-55,-93,75,-97,64,-82,-16,79,1,
-11,-26,-74,22,-83,94,79,38,66,58,-34,7,-41,-75,97,-48,-94,8,-46,-31,-1,
-4,-70,92,24,14,44,10,47,-90,-91,44,73,-54,-91,75,-95,64,-82,-16,82,1,
-16,-28,-74,21,-82,94,76,32,66,59,-40,5,-40,-80,96,-44,-97,9,-49,-29,-1,
-15,-23,-72,19,-80,98,74,34,67,61,-34,4,-40,-75,98,-44,-98,9,-48,-30,-1,
-10,-27,-67,24,-81,96,79,37,66,63,-33,9,-43,-74,104,-49,-91,12,-45,-29,-1,
-2,-69,94,32,16,38,8,48,-92,-87,42,77,-56,-91,73,-93,63,-80,-15,80,1,
-12,-28,-72,22,-81,95,74,32,66,59,-33,5,-42,-80,102,-49,-93,11,-48,-31,-1,
-8,-25,-74,27,-81,93,80,35,64,60,-34,6,-41,-75,101,-55,-88,10,-47,-30,-1,
-13,-23,-69,23,-82,92,78,33,66,58,-32,6,-44,-75,98,-46,-92,10,-48,-31,-1,
-2,-67,101,29,18,40,10,46,-92,-89,38,72,-55,-92,76,-97,66,-82,-14,77,1,
3,-71,106,33,17,43,8,49,-92,-88,38,75,-53,-89,75,-93,70,-80,-15,75,1,
-7,-21,-74,23,-81,96,77,34,66,57,-34,5,-44,-77,100,-42,-96,11,-43,-31,-1,
-1,-70,96,33,15,40,8,46,-92,-90,34,79,-52,-92,75,-96,59,-80,-16,75,1,
-15,-23,-78,23,-79,95,81,28,67,59,-34,6,-41,-76,98,-45,-95,7,-46,-31,-1,
1,-69,92,30,18,41,2,46,-94,-90,34,79,-51,-94,71,-96,63,-80,-15,80,1,
-3,-66,94,26,12,39,10,45,-93,-88,42,74,-51,-93,72,-94,61,-80,-16,78,1,
3,-70,93,28,13,43,15,50,-94,-84,42,77,-51,-93,78,-96,65,-78,-15,79,1,
0,-72,95,26,14,40,6,45,-93,-91,35,71,-51,-95,71,-97,67,-81,-16,76,1,
-15,-27,-73,25,-84,96,81,40,66,63,-32,7,-39,-76,101,-46,-95,9,-43,-31,-1,
-3,-71,95,26,15,44,6,49,-92,-86,35,74,-50,-95,76,-95,61,-83,-16,78,1,
-15,-23,-76,19,-86,95,76,31,66,59,-34,6,-37,-76,99,-50,-96,8,-47,-28,-1,
0,-66,95,26,14,43,10,46,-95,-87,36,73,-50,-95,73,-97,63,-80,-16,82,1,
-6,-18,-70,26,-81,99,80,40,69,63,-28,10,-39,-74,102,-44,-95,14,-38,-26,-1,
-6,-70,95,28,15,42,9,45,-94,-87,36,74,-53,-93,75,-97,61,-83,-18,78,1,
1,-67,93,27,17,43,9,47,-93,-88,37,75,-50,-90,68,-94,65,-81,-12,74,1,
1,-71,96,27,15,38,12,47,-94,-88,33,78,-55,-95,75,-98,65,-81,-16,74,1,
-8,-22,-72,28,-82,96,79,34,67,61,-35,11,-39,-79,102,-46,-92,8,-43,-29,-1,
-10,-23,-71,21,-79,96,79,39,67,61,-35,5,-41,-70,95,-41,-95,12,-48,-27,-1,
0,-69,96,33,16,39,10,47,-95,-89,40,77,-54,-93,74,-95,62,-79,-17,77,1,
-10,-27,-72,21,-83,95,82,34,65,61,-37,5,-43,-75,96,-46,-95,10,-47,-31,-1,
1,-69,96,31,18,41,13,47,-91,-85,38,78,-51,-91,75,-94,62,-79,-13,80,1,
-13,-25,-71,25,-82,95,78,36,64,59,-36,5,-40,-78,102,-50,-90,10,-49,-28,-1,
-5,-72,92,31,17,39,8,47,-93,-90,36,75,-53,-95,71,-94,61,-82,-16,78,1,
-12,-22,-74,22,-82,97,77,35,66,60,-36,6,-43,-77,101,-47,-92,11,-45,-29,-1,
-6,-25,-73,18,-79,91,76,31,65,58,-29,4,-43,-76,102,-52,-94,10,-44,-30,-1,
-5,-69,96,27,16,37,9,48,-93,-90,36,78,-53,-98,74,-94,62,-81,-17,81,1,
-13,-31,-76,17,-90,93,71,30,64,57,-39,6,-42,-80,99,-50,-95,9,-49,-30,-1,
-4,-69,96,34,15,41,8,44,-93,-88,40,76,-50,-95,76,-93,66,-78,-12,77,1,
-10,-21,-73,23,-82,96,82,36,65,63,-38,7,-42,-76,98,-47,-96,11,-43,-29,-1,
-2,-69,91,25,18,43,10,48,-91,-91,41,81,-50,-92,70,-95,59,-81,-11,78,1,
-10,-19,-74,21,-82,100,76,37,69,60,-37,8,-35,-77,103,-45,-91,9,-47,-26,-1,
0,-70,91,29,17,41,9,48,-96,-87,39,80,-52,-95,73,-94,62,-78,-11,76,1,
-11,-26,-71,23,-82,95,77,31,64,58,-34,3,-42,-77,99,-48,-94,10,-49,-31,-1,
-15,-27,-73,22,-81,93,79,32,65,59,-34,3,-42,-79,98,-54,-91,9,-47,-31,-1,
-3,-19,-67,22,-83,98,78,37,70,61,-33,9,-37,-76,102,-45,-91,14,-45,-27,-1,
-13,-26,-76,21,-80,96,78,30,67,59,-33,5,-42,-75,100,-47,-91,10,-48,-30,-1,
-7,-66,98,29,18,40,10,50,-93,-85,38,82,-52,-93,79,-96,65,-81,-14,81,1,
-6,-18,-74,21,-80,93,77,31,67,57,-35,10,-42,-76,102,-48,-91,9,-47,-28,-1,
-3,-70,95,30,15,43,9,47,-96,-89,34,75,-51,-94,73,-98,65,-82,-17,75,1,
-7,-68,89,26,10,40,5,41,-98,-92,38,68,-58,-98,70,-95,55,-82,-17,78,1,
-3,-69,94,26,12,38,4,46,-93,-92,40,76,-57,-96,74,-95,62,-82,-17,77,1,
-2,-70,98,27,18,36,11,45,-94,-88,36,72,-57,-95,71,-98,64,-83,-18,74,1,
-10,-24,-76,22,-75,96,71,34,66,60,-34,5,-42,-80,99,-43,-92,9,-43,-29,-1,
-18,-22,-75,19,-78,90,74,35,65,58,-32,4,-46,-76,97,-53,-95,9,-48,-32,-1,
-4,-69,92,31,17,39,15,45,-93,-89,39,77,-53,-92,67,-94,64,-81,-13,75,1,
-1,-68,95,26,13,41,14,49,-93,-91,41,75,-51,-98,75,-95,63,-81,-18,79,1,
-4,-71,93,28,15,40,9,45,-92,-91,38,71,-52,-93,73,-95,60,-82,-15,76,1,
-2,-69,91,34,14,43,8,49,-92,-87,37,79,-50,-92,75,-94,66,-79,-14,77,1,
0,-72,94,30,14,40,11,47,-94,-93,38,76,-55,-94,73,-97,65,-80,-16,76,1,
-13,-24,-71,23,-84,100,79,37,66,63,-40,4,-39,-80,98,-44,-96,10,-45,-30,-1,
-4,-67,99,27,16,38,10,48,-93,-88,34,79,-51,-95,76,-92,65,-80,-15,76,1,
-12,-26,-74,22,-85,102,76,33,69,61,-33,10,-36,-78,101,-46,-91,9,-42,-27,-1,
-10,-22,-67,21,-82,96,74,30,68,60,-30,5,-38,-79,101,-47,-93,11,-44,-29,-1,
-7,-23,-72,25,-84,95,80,36,68,57,-32,5,-40,-75,98,-47,-90,11,-45,-29,-1,
-1,-74,96,28,15,41,7,44,-95,-91,37,74,-56,-96,75,-98,56,-81,-17,77,1,
-14,-23,-74,22,-85,96,77,37,67,59,-35,7,-41,-78,96,-48,-93,8,-43,-33,-1,
-12,-25,-71,28,-82,96,81,35,65,60,-36,4,-39,-74,100,-45,-93,12,-50,-27,-1,
-13,-20,-73,22,-81,95,76,30,67,58,-31,2,-42,-75,101,-49,-92,10,-46,-32,-1,
-3,-76,94,27,14,41,6,48,-94,-86,44,72,-54,-94,72,-96,62,-80,-16,76,1,
-4,-68,94,29,17,40,9,47,-92,-92,34,77,-53,-92,72,-95,66,-82,-17,80,1,
-15,-22,-74,23,-82,97,76,30,68,58,-35,8,-40,-77,100,-46,-91,9,-48,-30,-1,
-8,-70,95,22,19,38,11,46,-93,-89,38,78,-56,-93,72,-99,61,-82,-16,84,1,
-14,-22,-73,21,-86,95,72,36,67,58,-35,10,-44,-78,98,-49,-93,11,-45,-29,-1,
-4,-69,94,32,15,43,7,49,-90,-86,37,80,-53,-95,76,-96,66,-85,-17,78,1,
-14,-26,-74,20,-81,92,80,32,65,58,-33,6,-41,-73,100,-51,-93,8,-49,-28,-1,
-9,-22,-68,19,-83,95,72,34,66,57,-36,6,-44,-77,95,-45,-94,9,-46,-31,-1,
-8,-26,-74,19,-86,94,74,29,65,54,-38,9,-45,-76,97,-44,-94,8,-48,-31,-1,
-4,-73,92,24,15,41,12,47,-94,-89,38,74,-54,-95,73,-98,65,-84,-17,75,1,
-1,-67,101,29,17,40,11,48,-95,-86,40,75,-53,-94,76,-95,64,-79,-15,76,1,
-2,-71,95,25,16,41,10,50,-95,-85,46,77,-53,-96,75,-96,69,-81,-14,79,1,
-7,-67,96,28,15,40,10,44,-93,-91,35,77,-54,-95,74,-98,60,-83,-17,77,1,
-8,-24,-73,19,-82,99,78,36,65,60,-35,4,-44,-78,101,-50,-91,11,-45,-33,-1,
-3,-69,94,26,16,40,8,46,-92,-89,38,77,-54,-96,76,-96,62,-85,-18,76,1,
-11,-20,-70,20,-84,96,75,36,68,58,-35,9,-40,-76,96,-45,-91,10,-47,-26,-1,
-4,-70,96,28,13,40,10,47,-93,-87,38,77,-52,-95,76,-94,68,-82,-16,77,1,
-3,-69,94,29,16,44,11,46,-91,-90,44,73,-52,-91,72,-95,63,-82,-16,76,1,
-6,-68,94,26,15,40,14,48,-94,-88,42,77,-53,-90,72,-95,59,-81,-15,75,1,
-3,-70,95,26,13,40,8,47,-94,-91,38,71,-53,-91,72,-92,64,-78,-15,76,1,
-7,-27,-75,21,-84,97,76,37,65,58,-36,3,-43,-74,96,-48,-94,11,-46,-30,-1,
2,-69,94,27,12,44,7,50,-93,-85,42,72,-50,-93,72,-93,61,-78,-16,80,1,
-13,-21,-68,20,-82,95,73,32,66,61,-35,8,-44,-75,104,-47,-97,12,-49,-30,-1,
-4,-70,96,27,17,43,9,46,-92,-83,40,77,-53,-94,76,-94,62,-82,-17,79,1,
-4,-70,92,29,14,41,6,46,-95,-86,36,78,-53,-97,74,-96,63,-80,-16,78,1,
-10,-25,-76,23,-81,97,81,32,66,58,-36,5,-42,-78,96,-44,-95,8,-45,-31,-1,
-10,-25,-72,23,-83,92,74,35,66,54,-33,10,-44,-77,99,-44,-89,10,-47,-28,-1,
-6,-73,90,26,10,37,5,47,-94,-94,38,68,-54,-97,71,-96,58,-83,-22,77,1,
-14,-27,-71,22,-81,95,80,34,67,59,-35,4,-41,-77,100,-49,-92,9,-49,-33,-1,
-10,-23,-71,24,-81,98,76,28,67,62,-35,8,-41,-79,100,-45,-90,11,-43,-27,-1,
3,-69,97,31,17,43,8,45,-91,-89,36,77,-52,-90,71,-93,63,-81,-15,75,1,
-14,-29,-68,22,-84,95,80,29,65,59,-36,8,-39,-78,100,-46,-89,8,-49,-27,-1,
0,-70,91,31,14,38,9,46,-91,-92,36,74,-54,-95,70,-95,59,-81,-16,79,1,
-13,-23,-74,21,-87,97,72,27,66,59,-36,5,-41,-76,96,-49,-97,11,-47,-30,-1,
-2,-70,91,28,11,39,10,44,-93,-91,37,72,-55,-98,74,-95,58,-81,-17,78,1,
-7,-67,94,30,13,39,12,47,-94,-88,36,77,-54,-94,74,-95,64,-84,-16,73,1,
-6,-71,94,27,13,41,7,50,-92,-86,41,76,-54,-95,75,-95,65,-83,-15,79,1,
-14,-25,-66,26,-84,96,79,35,65,64,-33,5,-41,-78,102,-51,-91,13,-44,-30,-1,
-8,-23,-73,24,-83,98,83,34,66,59,-36,7,-42,-77,101,-48,-93,12,-44,-29,-1,
-11,-22,-74,22,-80,98,80,37,66,64,-36,6,-42,-74,100,-50,-96,13,-45,-29,-1,
-7,-71,94,26,16,43,9,46,-96,-88,37,75,-53,-96,74,-98,62,-83,-16,78,1,
-10,-73,96,29,16,38,8,43,-93,-90,36,71,-54,-96,74,-95,62,-82,-18,78,1,
-8,-28,-76,21,-80,94,78,35,65,58,-36,8,-45,-77,98,-49,-89,8,-45,-30,-1,
-14,-19,-71,16,-80,96,75,29,68,61,-35,5,-37,-79,100,-49,-96,8,-48,-30,-1,
3,-73,96,22,16,41,5,47,-90,-92,37,73,-55,-95,74,-96,61,-83,-19,78,1,
-5,-74,99,24,16,39,9,43,-92,-94,33,74,-55,-96,74,-98,64,-82,-17,78,1,
-4,-71,93,30,16,41,13,47,-93,-85,39,76,-52,-95,78,-98,63,-82,-16,79,1,
0,-68,96,33,16,42,7,49,-91,-87,42,77,-55,-91,78,-93,59,-80,-15,79,1,
1,-68,98,30,18,41,12,50,-91,-81,38,78,-52,-90,77,-93,64,-79,-14,79,1,
-1,-69,95,27,15,42,7,50,-93,-87,46,75,-52,-94,73,-94,64,-81,-14,84,1,
-6,-21,-72,18,-83,95,75,29,68,61,-32,9,-43,-73,97,-47,-93,10,-40,-29,-1,
-3,-68,98,31,13,44,9,49,-95,-86,39,77,-51,-93,76,-93,66,-80,-16,78,1,
-13,-29,-74,18,-86,95,74,31,67,58,-36,6,-42,-75,97,-49,-96,10,-49,-31,-1,
-1,-68,96,28,14,42,12,43,-92,-92,39,73,-54,-93,74,-96,59,-81,-14,77,1,
-2,-70,90,27,17,42,11,50,-92,-85,38,76,-50,-94,73,-96,64,-81,-15,82,1,
-3,-67,93,25,18,39,10,49,-93,-87,37,78,-53,-96,75,-97,62,-84,-15,76,1,
-8,-24,-75,27,-84,97,74,36,69,60,-34,8,-38,-76,100,-50,-90,10,-46,-32,-1,
-10,-23,-73,18,-76,92,76,32,67,58,-31,7,-43,-75,99,-46,-95,9,-47,-28,-1,
-15,-21,-75,20,-81,94,73,28,67,59,-38,10,-42,-80,98,-47,-94,10,-47,-28,-1,
-18,-24,-73,23,-81,96,78,32,66,60,-33,3,-39,-78,102,-51,-91,10,-48,-28,-1,
-1,-69,97,24,15,40,7,48,-92,-89,33,77,-53,-94,76,-98,64,-83,-19,76,1,
-10,-25,-73,20,-84,98,75,38,67,60,-37,7,-39,-75,97,-48,-92,9,-48,-31,-1,
-15,-22,-74,19,-80,95,75,37,65,59,-38,3,-42,-79,96,-47,-100,8,-48,-31,-1,
-14,-23,-71,19,-78,93,83,30,68,60,-33,8,-42,-74,99,-46,-91,8,-44,-29,-1,
-2,-72,92,32,17,40,6,45,-95,-89,40,73,-56,-95,75,-95,61,-82,-15,72,1,
-16,-24,-70,20,-79,96,79,33,67,59,-34,7,-40,-77,102,-47,-88,8,-46,-28,-1,
-5,-23,-75,19,-79,98,74,37,67,59,-34,3,-41,-77,97,-44,-96,10,-44,-30,-1,
-6,-69,96,26,16,39,12,46,-95,-90,32,76,-52,-94,71,-96,64,-81,-16,79,1,
-13,-22,-69,20,-81,96,77,32,66,65,-37,8,-42,-74,100,-50,-94,11,-47,-28,-1,
-8,-26,-73,22,-77,95,81,35,65,62,-34,7,-41,-76,99,-50,-92,9,-43,-29,-1,
-11,-26,-70,23,-84,93,77,33,62,61,-39,5,-45,-78,97,-50,-94,12,-49,-28,-1,
-14,-26,-70,19,-80,95,80,35,66,63,-34,9,-41,-74,102,-45,-89,9,-44,-27,-1,
-7,-25,-70,20,-80,97,77,34,67,59,-32,7,-39,-72,101,-47,-89,12,-50,-25,-1,
-14,-28,-76,19,-81,93,79,34,65,61,-37,8,-43,-77,99,-50,-93,7,-47,-29,-1,
-12,-22,-72,19,-84,99,74,35,69,57,-32,6,-39,-76,100,-52,-92,10,-45,-30,-1,
2,-70,98,26,19,41,11,48,-94,-87,38,81,-53,-91,72,-96,69,-79,-16,80,1,
-5,-69,96,23,14,42,6,46,-94,-89,39,69,-54,-91,69,-95,62,-83,-17,73,1,
-8,-23,-70,24,-82,97,81,34,68,60,-30,8,-39,-78,98,-45,-92,11,-42,-29,-1,
-15,-26,-70,24,-83,96,77,31,67,61,-34,6,-40,-76,100,-48,-96,11,-46,-29,-1,
-12,-26,-74,19,-84,95,76,41,66,60,-33,7,-39,-78,100,-46,-92,10,-44,-27,-1,
-4,-69,92,29,18,39,14,47,-94,-87,41,76,-51,-92,73,-95,65,-81,-14,79,1,
-3,-69,95,31,15,42,10,47,-92,-90,37,79,-51,-92,74,-95,60,-82,-15,71,1,
-6,-70,94,31,17,42,13,45,-93,-88,33,78,-50,-94,72,-94,64,-82,-16,81,1,
-4,-69,98,28,17,37,11,47,-92,-92,40,73,-51,-94,71,-94,64,-80,-18,81,1,
-5,-71,97,27,15,39,7,45,-95,-88,34,77,-53,-97,74,-97,56,-81,-17,76,1,
-12,-26,-79,20,-81,99,74,30,68,60,-38,8,-43,-74,100,-47,-95,10,-47,-29,-1,
-5,-70,95,29,16,38,13,47,-94,-87,42,74,-54,-95,72,-95,62,-81,-16,77,1,
0,-66,91,28,15,40,7,48,-93,-88,40,79,-56,-92,72,-95,61,-81,-15,77,1,
-10,-26,-73,22,-84,95,75,33,65,59,-33,4,-44,-77,99,-49,-94,9,-45,-34,-1,
-5,-70,99,28,18,37,8,46,-95,-88,33,75,-55,-93,70,-94,62,-83,-18,75,1,
-19,-25,-75,21,-87,93,74,30,64,58,-39,6,-44,-80,94,-52,-96,6,-48,-32,-1,
-4,-69,97,33,16,40,10,45,-93,-86,38,77,-53,-93,76,-93,59,-80,-14,79,1,
-3,-67,96,28,18,42,12,46,-93,-85,43,73,-52,-92,72,-92,60,-80,-13,78,1,
0,-68,91,27,15,42,9,47,-93,-88,43,72,-54,-96,74,-94,61,-80,-12,79,1,
-8,-20,-70,24,-82,96,80,34,66,61,-37,5,-42,-74,101,-46,-92,13,-50,-29,-1,
-4,-69,95,26,14,40,8,48,-92,-88,40,77,-52,-96,76,-96,63,-81,-16,76,1,
-9,-21,-71,22,-82,97,81,36,65,62,-36,7,-39,-72,102,-47,-90,11,-48,-25,-1,
-4,-67,94,29,15,40,11,44,-91,-89,32,72,-53,-93,73,-95,64,-83,-17,79,1,
-11,-27,-72,22,-88,95,82,38,64,60,-37,6,-40,-76,100,-49,-98,10,-47,-29,-1,
-2,-66,93,30,15,40,15,49,-90,-91,40,80,-52,-89,71,-93,58,-79,-15,82,1,
-3,-71,93,28,14,40,8,43,-93,-92,37,77,-56,-97,73,-97,64,-82,-16,82,1,
-5,-70,92,28,16,40,12,46,-92,-92,36,74,-54,-92,69,-97,63,-84,-18,80,1,
-2,-68,91,29,14,41,13,49,-91,-84,41,74,-53,-93,78,-95,64,-80,-15,80,1,
-11,-30,-66,23,-85,93,74,29,67,61,-30,5,-38,-76,97,-47,-94,9,-46,-30,-1,
-11,-27,-71,22,-80,92,74,30,66,59,-32,5,-43,-75,98,-49,-94,10,-48,-31,-1,
-5,-70,98,24,13,39,14,47,-91,-90,41,79,-53,-92,76,-95,60,-79,-13,79,1,
-13,-27,-72,23,-83,96,78,35,66,62,-34,7,-43,-76,101,-47,-93,10,-43,-29,-1,
-6,-69,92,29,15,41,11,47,-90,-84,38,72,-51,-93,78,-96,64,-81,-17,79,1,
-3,-66,94,28,15,41,10,46,-90,-92,40,76,-54,-93,78,-96,61,-81,-14,78,1,
-8,-68,96,29,15,42,13,49,-92,-92,44,79,-53,-91,73,-95,64,-83,-16,74,1,
0,-68,100,29,17,42,8,49,-93,-89,37,77,-53,-93,75,-96,65,-81,-18,80,1,
-11,-20,-73,27,-86,97,78,34,66,60,-39,7,-39,-76,100,-52,-94,13,-47,-28,-1,
-9,-26,-73,22,-81,96,81,34,69,62,-33,7,-39,-72,98,-46,-96,9,-46,-32,-1,
-14,-30,-73,17,-85,94,75,32,65,61,-38,5,-45,-81,94,-54,-99,9,-44,-32,-1,
-2,-72,96,28,13,42,7,42,-95,-90,36,74,-57,-96,75,-97,61,-81,-17,73,1,
-9,-72,95,27,16,41,12,46,-93,-84,34,76,-51,-98,77,-97,62,-83,-16,78,1,
-12,-23,-75,21,-82,95,77,38,66,59,-35,7,-43,-75,98,-48,-93,9,-44,-30,-1,
0,-69,94,28,16,45,8,49,-91,-90,41,75,-52,-90,75,-95,61,-82,-14,79,1,
-9,-30,-74,18,-86,90,77,34,64,55,-38,7,-47,-78,96,-50,-94,9,-51,-32,-1,
-13,-19,-75,22,-87,97,76,34,67,57,-36,7,-42,-76,99,-44,-98,11,-46,-29,-1,
-13,-68,95,23,15,37,6,45,-93,-90,34,74,-51,-94,72,-97,60,-83,-15,74,1,
-8,-23,-78,21,-80,95,78,38,64,59,-33,4,-41,-80,102,-51,-96,9,-45,-31,-1,
-3,-74,94,28,17,40,6,49,-93,-90,39,77,-54,-95,74,-99,68,-82,-16,78,1,
-3,-71,93,28,14,40,5,46,-95,-88,39,73,-54,-93,71,-94,60,-81,-18,81,1,
-15,-30,-76,14,-83,95,70,33,64,60,-41,3,-41,-83,99,-55,-96,7,-52,-33,-1,
-3,-72,90,29,11,43,7,45,-94,-89,36,77,-52,-95,70,-97,63,-79,-15,76,1,
-12,-20,-70,21,-78,97,76,34,68,61,-30,8,-40,-75,106,-50,-92,11,-46,-29,-1,
-13,-25,-74,22,-83,95,79,31,65,58,-35,3,-43,-78,96,-46,-94,9,-48,-30,-1,
-14,-21,-70,16,-78,97,75,39,69,60,-31,6,-38,-74,100,-45,-99,10,-48,-29,-1,
-8,-70,93,28,12,37,9,46,-95,-89,33,77,-54,-97,72,-97,64,-80,-19,81,1,
-11,-29,-71,21,-83,93,76,32,65,56,-34,3,-42,-80,96,-47,-90,9,-48,-31,-1,
-6,-68,94,28,17,39,16,47,-96,-88,35,78,-49,-96,73,-95,61,-81,-15,76,1,
-10,-18,-74,23,-79,96,78,35,70,59,-35,7,-36,-80,97,-45,-95,9,-46,-29,-1,
-11,-23,-73,20,-81,99,76,38,69,60,-32,2,-41,-76,96,-46,-94,12,-45,-32,-1,
-15,-21,-77,22,-81,96,81,32,68,58,-36,3,-37,-77,100,-45,-94,9,-50,-30,-1,
-5,-73,93,28,14,38,6,46,-93,-91,37,71,-53,-95,74,-97,62,-81,-16,76,1,
-16,-24,-77,23,-79,93,79,29,67,60,-31,4,-42,-77,102,-49,-95,9,-46,-31,-1,
-7,-22,-67,17,-81,97,75,39,64,57,-38,5,-44,-76,99,-45,-92,11,-48,-29,-1,
-10,-21,-74,22,-80,97,78,31,66,62,-36,8,-42,-77,99,-45,-93,7,-44,-32,-1,
-11,-14,-73,21,-79,96,77,40,68,60,-34,9,-38,-77,101,-48,-94,9,-47,-29,-1,
-3,-66,91,27,13,39,8,47,-94,-86,37,75,-54,-97,75,-95,62,-80,-18,80,1,
-8,-23,-77,23,-82,99,78,34,67,61,-36,4,-39,-79,100,-49,-94,11,-45,-29,-1,
-15,-24,-75,20,-83,95,74,34,67,57,-34,8,-38,-77,100,-44,-93,8,-46,-26,-1,
-14,-26,-76,25,-79,93,80,28,65,60,-35,8,-45,-75,100,-46,-89,8,-46,-30,-1,
