-4,-74,94,29,14,40,7,44,-97,-91,38,73,-54,-95,70,-95,60,-79,-17,80,1,
-12,-22,-73,24,-81,97,80,35,67,61,-31,6,-43,-77,100,-42,-97,10,-40,-33,-1,
-5,-66,93,30,14,40,9,46,-97,-86,33,75,-54,-94,71,-93,63,-79,-14,78,1,
0,-70,99,26,17,38,7,49,-94,-90,37,76,-54,-98,73,-98,63,-82,-17,78,1,
-11,-22,-73,24,-82,97,77,35,68,60,-34,9,-39,-75,97,-48,-90,9,-47,-29,-1,
-12,-26,-73,19,-82,96,81,29,68,61,-35,1,-40,-76,95,-51,-93,10,-45,-31,-1,
-2,-71,94,26,14,41,13,49,-92,-85,45,75,-52,-96,74,-93,66,-81,-16,81,1,
0,-68,92,32,15,43,6,49,-93,-86,43,73,-53,-94,77,-94,65,-80,-16,83,1,
0,-74,96,28,16,39,7,46,-95,-96,38,77,-57,-96,73,-98,65,-82,-16,70,1,
-9,-22,-74,23,-81,95,78,37,65,60,-33,7,-42,-74,100,-46,-93,11,-45,-26,-1,
0,-73,91,24,15,40,8,46,-93,-92,38,71,-54,-97,72,-99,67,-83,-16,73,1,
-5,-75,98,26,13,41,2,46,-94,-87,31,73,-51,-98,74,-98,61,-82,-19,78,1,
0,-72,91,31,14,37,6,46,-91,-86,29,76,-53,-96,76,-97,65,-80,-18,75,1,
-12,-23,-73,21,-81,96,77,33,68,58,-31,6,-41,-74,100,-46,-93,11,-46,-30,-1,
-14,-26,-76,19,-82,97,78,33,67,60,-37,7,-41,-78,100,-47,-96,11,-47,-29,-1,
-3,-69,97,27,13,43,10,48,-94,-87,40,76,-56,-95,78,-97,66,-81,-16,81,1,
-11,-25,-76,20,-82,99,77,36,67,61,-34,9,-41,-72,99,-48,-96,10,-44,-28,-1,
-5,-23,-70,22,-81,96,80,39,66,61,-36,7,-42,-75,101,-47,-90,12,-44,-28,-1,
-4,-65,100,26,17,40,8,47,-95,-86,39,75,-56,-92,72,-96,63,-81,-15,81,1,
0,-74,91,28,14,37,6,47,-96,-95,36,76,-53,-98,68,-96,63,-80,-16,74,1,
-1,-69,92,25,13,41,10,48,-91,-87,41,75,-53,-96,76,-96,63,-82,-14,77,1,
-9,-15,-72,25,-81,97,80,31,67,61,-36,7,-40,-74,101,-50,-93,13,-46,-26,-1,
-2,-69,98,29,18,40,10,47,-92,-88,40,77,-53,-91,75,-96,63,-81,-15,72,1,
-13,-24,-75,21,-80,96,76,36,65,58,-35,5,-43,-79,100,-44,-94,11,-46,-29,-1,
-4,-70,93,28,17,44,11,44,-92,-92,41,73,-51,-92,72,-95,60,-84,-15,75,1,
-14,-25,-69,25,-85,96,84,31,68,62,-33,10,-41,-72,103,-47,-89,10,-44,-29,-1,
-6,-25,-74,18,-82,102,72,34,67,62,-38,5,-39,-78,101,-49,-92,10,-45,-31,-1,
-14,-21,-71,18,-81,97,72,34,67,60,-37,4,-43,-76,94,-49,-95,11,-46,-30,-1,
-4,-69,90,30,13,39,7,45,-93,-89,35,77,-52,-96,74,-96,65,-81,-15,74,1,
-12,-24,-71,24,-87,94,83,33,68,58,-36,7,-40,-76,97,-49,-92,8,-45,-31,-1,
-4,-70,95,32,15,42,3,46,-92,-88,34,77,-53,-91,76,-95,64,-81,-15,76,1,
-4,-71,94,23,17,38,12,45,-95,-92,36,76,-54,-96,69,-97,63,-84,-18,75,1,
-13,-20,-72,22,-81,98,75,35,70,58,-29,6,-33,-73,100,-46,-91,10,-47,-26,-1,
1,-72,94,29,15,42,4,48,-90,-91,35,78,-53,-95,80,-97,58,-82,-15,77,1,
-15,-28,-74,25,-83,93,78,35,65,57,-33,5,-39,-79,99,-50,-90,9,-48,-29,-1,
0,-71,96,26,16,42,12,46,-95,-90,41,76,-53,-95,72,-95,65,-80,-14,75,1,
1,-66,96,29,17,42,8,45,-92,-90,38,75,-50,-92,73,-94,65,-78,-12,77,1,
-9,-28,-75,18,-82,94,77,32,66,56,-34,5,-41,-75,100,-52,-91,9,-48,-30,-1,
-4,-67,94,31,12,39,4,45,-92,-89,33,77,-54,-93,74,-94,64,-81,-16,76,1,
-13,-23,-72,28,-83,93,81,34,66,60,-31,5,-38,-74,102,-50,-93,12,-49,-28,-1,
-5,-72,98,29,19,38,8,47,-92,-90,37,74,-53,-92,74,-97,70,-80,-13,80,1,
-6,-70,92,25,15,40,3,48,-96,-91,38,78,-54,-94,68,-94,61,-82,-17,74,1,
-17,-27,-72,20,-86,95,73,30,65,58,-37,7,-42,-75,96,-49,-94,9,-49,-29,-1,
-15,-21,-71,19,-83,98,73,33,66,60,-36,5,-42,-76,100,-47,-94,10,-46,-29,-1,
-16,-25,-71,23,-81,95,80,33,67,59,-30,7,-40,-78,103,-49,-94,9,-45,-31,-1,
-12,-24,-74,19,-81,95,73,33,66,58,-37,4,-45,-79,96,-53,-96,10,-49,-33,-1,
0,-69,97,27,15,41,5,49,-94,-86,39,80,-53,-96,75,-95,66,-80,-15,74,1,
0,-71,88,25,14,38,4,46,-94,-91,35,73,-53,-99,70,-94,62,-83,-19,75,1,
-2,-72,92,27,12,40,8,43,-95,-88,42,72,-53,-95,71,-97,59,-79,-16,75,1,
-6,-70,97,30,14,42,5,46,-94,-88,38,73,-56,-91,74,-96,61,-81,-14,77,1,
-1,-68,95,28,18,42,8,46,-92,-86,42,78,-54,-91,73,-95,66,-80,-12,81,1,
-14,-25,-71,19,-82,91,82,31,67,55,-32,7,-42,-75,98,-44,-89,8,-45,-27,-1,
-7,-28,-70,23,-82,96,73,39,65,59,-34,6,-43,-73,98,-46,-93,12,-48,-29,-1,
-4,-72,95,24,12,40,3,44,-95,-89,31,68,-52,-95,70,-98,63,-81,-20,75,1,
-6,-67,93,28,13,41,4,47,-94,-82,36,73,-55,-94,76,-97,63,-82,-17,77,1,
-3,-70,95,23,15,40,8,47,-94,-86,38,73,-51,-97,73,-95,62,-81,-16,77,1,
-5,-69,97,29,16,44,5,46,-91,-87,35,72,-50,-91,77,-95,62,-82,-15,77,1,
-12,-23,-67,20,-78,94,76,34,65,63,-34,6,-42,-75,98,-48,-93,10,-45,-28,-1,
-6,-66,97,28,18,39,10,49,-95,-87,37,80,-53,-94,72,-95,66,-81,-14,80,1,
-4,-67,96,25,18,42,8,47,-92,-91,43,77,-53,-91,71,-95,68,-82,-14,76,1,
0,-67,97,32,16,39,8,47,-94,-89,34,79,-52,-95,75,-96,58,-81,-15,72,1,
-12,-19,-73,24,-85,96,73,32,68,56,-34,10,-42,-78,97,-48,-92,9,-43,-30,-1,
-1,-68,97,26,18,41,12,47,-94,-91,39,80,-53,-91,70,-95,59,-82,-13,75,1,
-6,-70,96,28,18,42,10,46,-93,-89,39,71,-54,-92,71,-95,59,-83,-17,82,1,
-7,-26,-71,21,-83,98,78,39,67,60,-37,4,-37,-78,99,-46,-91,10,-47,-31,-1,
-6,-68,96,24,15,38,12,50,-93,-87,36,77,-51,-97,73,-94,65,-81,-17,81,1,
-12,-20,-73,22,-76,93,81,27,67,60,-35,10,-45,-74,98,-44,-91,9,-44,-28,-1,
-10,-28,-71,20,-84,95,79,32,67,59,-33,4,-42,-78,100,-44,-91,9,-44,-32,-1,
-2,-68,93,26,13,42,2,45,-95,-90,38,73,-54,-95,70,-94,56,-82,-16,76,1,
-13,-26,-71,20,-80,93,79,32,64,58,-33,6,-41,-81,103,-51,-93,8,-47,-29,-1,
-10,-29,-72,25,-78,97,85,34,66,61,-33,6,-44,-73,101,-45,-94,12,-46,-29,-1,
-13,-26,-68,21,-85,98,75,37,65,61,-36,6,-44,-76,102,-50,-93,13,-47,-30,-1,
-8,-22,-72,23,-82,99,77,30,68,60,-31,5,-39,-76,101,-45,-92,12,-43,-29,-1,
-11,-21,-70,26,-79,95,77,33,68,62,-34,10,-40,-75,99,-46,-93,11,-46,-28,-1,
-13,-26,-78,16,-85,95,74,35,66,56,-34,4,-42,-78,97,-53,-95,8,-48,-33,-1,
4,-69,97,31,16,42,10,48,-93,-91,42,79,-54,-92,76,-95,64,-80,-12,72,1,
2,-72,95,27,14,41,9,47,-95,-89,39,74,-54,-97,72,-96,62,-81,-18,78,1,
-12,-21,-73,17,-82,96,76,35,68,59,-33,10,-39,-78,101,-47,-92,9,-43,-26,-1,
-12,-24,-71,21,-81,96,77,35,66,62,-31,5,-39,-75,103,-51,-91,11,-46,-30,-1,
0,-70,91,26,15,39,5,49,-93,-87,39,76,-56,-93,72,-95,62,-79,-15,81,1,
-14,-24,-72,22,-81,96,76,35,66,59,-35,3,-36,-81,102,-52,-92,8,-49,-30,-1,
-2,-68,95,25,17,43,13,49,-93,-88,44,77,-51,-94,74,-96,71,-83,-13,78,1,
-13,-27,-72,19,-79,96,76,36,67,61,-35,4,-41,-78,97,-50,-88,9,-45,-30,-1,
0,-68,93,28,15,41,12,50,-96,-85,41,78,-56,-95,73,-95,61,-80,-15,80,1,
1,-69,93,28,15,37,13,49,-93,-82,38,79,-49,-96,73,-94,66,-78,-15,77,1,
-13,-19,-71,23,-81,97,73,34,67,62,-35,6,-42,-74,96,-46,-98,12,-47,-29,-1,
-1,-72,95,30,14,39,10,47,-93,-90,38,73,-54,-92,73,-94,64,-80,-14,71,1,
-4,-70,94,25,13,41,6,45,-92,-87,42,71,-54,-93,73,-96,66,-80,-17,78,1,
-6,-28,-72,20,-83,94,83,26,65,58,-37,6,-42,-77,100,-48,-91,8,-48,-29,-1,
-9,-25,-74,24,-85,97,76,38,65,59,-37,7,-43,-77,98,-43,-94,11,-44,-28,-1,
-4,-69,92,23,13,41,3,44,-94,-89,36,71,-52,-95,69,-96,59,-82,-16,75,1,
-2,-70,94,28,13,40,5,47,-92,-95,40,73,-55,-95,73,-96,61,-82,-17,81,1,
-15,-27,-69,17,-80,95,77,28,67,59,-34,11,-42,-76,102,-43,-93,7,-46,-29,-1,
-7,-24,-78,21,-80,96,73,33,67,57,-33,3,-40,-79,100,-47,-90,9,-48,-32,-1,
-6,-70,95,25,12,37,9,45,-94,-89,39,74,-57,-94,71,-94,58,-80,-18,78,1,
-17,-24,-71,19,-85,95,75,34,67,59,-34,8,-44,-74,95,-43,-101,11,-48,-31,-1,
-16,-20,-75,26,-83,97,78,33,68,60,-37,7,-37,-77,97,-47,-95,9,-48,-30,-1,
-15,-22,-72,18,-81,96,75,32,66,59,-37,4,-44,-78,98,-49,-92,9,-47,-32,-1,
-4,-73,98,30,19,41,15,47,-93,-82,36,76,-53,-95,77,-95,63,-80,-15,79,1,
-6,-71,89,27,13,41,12,48,-99,-88,37,73,-54,-97,71,-98,65,-84,-16,74,1,
-2,-70,96,29,15,38,8,47,-92,-90,36,73,-50,-95,73,-94,63,-78,-13,76,1,
-13,-20,-72,23,-80,93,77,34,65,58,-32,4,-42,-74,99,-50,-90,8,-48,-31,-1,
-9,-29,-76,18,-85,96,77,30,64,57,-39,6,-42,-78,99,-49,-93,8,-50,-30,-1,
-1,-70,95,25,15,40,0,47,-98,-91,35,76,-55,-97,70,-96,61,-80,-15,76,1,
-3,-70,103,27,14,40,7,47,-94,-87,40,76,-52,-94,75,-95,61,-80,-18,76,1,
-16,-26,-73,22,-83,95,81,37,66,59,-33,6,-41,-75,104,-51,-90,11,-48,-28,-1,
-9,-25,-71,23,-80,96,81,35,65,61,-35,6,-45,-77,99,-45,-93,11,-44,-30,-1,
-6,-69,91,29,15,37,11,48,-96,-86,37,78,-55,-95,73,-96,64,-80,-16,78,1,
-8,-29,-70,22,-83,98,75,33,65,60,-35,6,-44,-76,100,-46,-94,11,-46,-30,-1,
-12,-36,-72,21,-83,96,78,32,64,60,-34,6,-42,-79,104,-53,-93,8,-48,-33,-1,
-12,-22,-77,22,-82,95,81,34,64,57,-36,7,-45,-76,98,-50,-88,8,-44,-29,-1,
-10,-27,-73,23,-87,97,74,30,66,59,-37,8,-42,-74,95,-49,-92,12,-47,-29,-1,
-4,-22,-70,21,-79,99,77,43,69,60,-33,8,-38,-73,98,-43,-92,12,-43,-25,-1,
-15,-27,-76,17,-81,96,75,36,66,57,-31,3,-41,-76,101,-50,-96,8,-47,-32,-1,
-12,-26,-70,22,-83,95,79,33,66,58,-35,5,-41,-77,103,-47,-92,11,-48,-28,-1,
-11,-22,-75,22,-83,97,80,29,67,57,-36,5,-44,-77,97,-44,-92,9,-42,-31,-1,
0,-70,99,27,13,38,7,46,-90,-95,38,74,-51,-93,71,-93,66,-77,-16,80,1,
-12,-26,-78,20,-85,94,77,32,66,58,-36,5,-41,-75,98,-51,-92,10,-49,-30,-1,
-6,-68,95,28,13,38,6,47,-95,-89,38,78,-55,-96,72,-95,61,-81,-17,78,1,
-18,-22,-73,23,-81,94,77,30,66,57,-32,4,-43,-78,103,-50,-92,9,-49,-32,-1,
-9,-24,-68,23,-80,93,81,39,65,63,-35,8,-42,-71,101,-46,-95,12,-47,-26,-1,
-10,-23,-74,26,-89,94,77,32,67,57,-34,6,-42,-77,98,-44,-94,12,-46,-30,-1,
-13,-22,-72,21,-79,94,71,32,68,60,-35,10,-44,-71,97,-46,-92,9,-48,-30,-1,
-3,-74,96,27,15,39,9,50,-94,-85,38,77,-52,-98,75,-96,60,-82,-16,76,1,
-4,-69,94,34,13,42,9,45,-90,-90,42,72,-54,-91,76,-94,62,-82,-15,78,1,
-17,-23,-71,21,-86,97,78,36,65,60,-39,2,-41,-78,97,-48,-95,11,-47,-29,-1,
-1,-69,101,34,15,43,10,46,-93,-85,37,77,-50,-94,77,-94,66,-78,-16,82,1,
-6,-70,95,28,15,38,13,47,-95,-87,39,75,-55,-96,74,-96,59,-83,-19,74,1,
-11,-22,-66,25,-84,95,80,36,65,61,-32,9,-40,-74,103,-47,-90,13,-45,-25,-1,
-1,-72,97,26,14,39,11,46,-92,-92,37,74,-54,-95,73,-96,62,-79,-17,82,1,
-3,-71,97,26,15,42,5,48,-93,-90,42,74,-54,-93,75,-96,62,-81,-16,80,1,
-6,-71,96,27,13,37,11,44,-95,-90,39,71,-54,-97,73,-97,60,-81,-16,71,1,
-5,-68,93,26,11,38,7,43,-95,-92,32,71,-58,-95,73,-96,57,-83,-17,74,1,
-4,-69,98,28,13,39,11,44,-95,-89,40,73,-54,-94,74,-96,60,-81,-17,68,1,
0,-66,92,27,17,43,6,49,-94,-90,44,77,-53,-93,72,-95,62,-83,-14,77,1,
-1,-72,98,28,13,42,5,49,-93,-88,37,73,-52,-94,73,-94,67,-81,-18,78,1,
-8,-25,-70,19,-78,98,77,34,67,59,-33,6,-39,-75,98,-48,-92,9,-45,-28,-1,
-10,-22,-75,24,-82,96,76,30,66,59,-36,5,-43,-77,94,-48,-94,10,-44,-31,-1,
1,-67,94,32,15,42,17,47,-93,-85,40,78,-48,-98,79,-92,66,-79,-12,75,1,
-13,-23,-75,21,-82,97,78,28,66,63,-38,4,-45,-76,99,-49,-98,11,-46,-32,-1,
-7,-70,91,29,12,41,6,44,-94,-88,39,77,-56,-95,74,-96,60,-82,-16,79,1,
-6,-70,93,25,13,39,12,43,-95,-90,32,74,-52,-96,71,-97,61,-81,-17,73,1,
-14,-18,-74,20,-82,99,77,37,66,61,-39,5,-38,-77,99,-50,-95,11,-50,-29,-1,
-14,-27,-72,20,-84,95,79,29,65,61,-35,6,-43,-76,96,-48,-95,9,-45,-30,-1,
-1,-66,97,25,13,38,8,47,-93,-89,39,76,-54,-94,73,-94,60,-79,-18,77,1,
-9,-24,-74,17,-83,94,75,34,67,59,-37,8,-43,-76,96,-48,-94,10,-46,-30,-1,
-4,-72,91,27,14,40,10,47,-96,-87,38,76,-56,-98,73,-97,61,-84,-19,74,1,
-4,-69,95,23,14,38,4,45,-95,-89,34,75,-54,-97,71,-97,60,-81,-19,77,1,
-6,-34,-73,18,-85,94,77,38,63,61,-37,5,-43,-76,99,-48,-88,9,-47,-30,-1,
-11,-26,-71,24,-81,98,78,42,69,60,-36,8,-39,-79,98,-44,-89,12,-45,-30,-1,
-15,-19,-76,23,-84,96,78,30,67,57,-34,7,-41,-79,101,-53,-91,9,-46,-31,-1,
-7,-29,-74,19,-84,96,74,35,65,60,-35,4,-42,-78,98,-52,-93,9,-47,-31,-1,
-5,-25,-72,22,-85,98,77,35,68,59,-32,8,-39,-75,98,-47,-94,12,-45,-28,-1,
1,-69,100,30,17,41,10,49,-91,-89,40,76,-55,-89,76,-96,66,-81,-15,78,1,
-11,-24,-72,25,-79,93,79,31,66,60,-35,6,-42,-76,99,-49,-92,11,-46,-28,-1,
-4,-26,-70,29,-85,96,80,32,65,58,-30,1,-42,-73,100,-49,-95,14,-47,-31,-1,
-12,-25,-70,18,-83,97,75,32,66,57,-34,5,-44,-75,97,-47,-95,9,-46,-31,-1,
-2,-66,93,30,18,40,12,46,-94,-88,35,76,-54,-94,74,-97,61,-82,-14,78,1,
-11,-24,-75,17,-85,95,75,35,66,57,-39,5,-41,-78,93,-49,-97,8,-50,-32,-1,
-13,-16,-68,23,-81,97,79,36,66,61,-35,7,-41,-75,106,-45,-95,13,-47,-26,-1,
-10,-25,-71,24,-81,97,78,38,68,60,-30,6,-40,-77,101,-44,-91,11,-42,-29,-1,
-12,-25,-72,23,-82,98,81,31,66,58,-37,3,-41,-78,104,-47,-93,11,-50,-30,-1,
-5,-71,92,30,16,40,8,47,-94,-88,38,77,-52,-95,73,-97,64,-83,-18,76,1,
-14,-24,-69,18,-80,97,78,33,67,62,-34,6,-40,-73,100,-46,-94,10,-47,-28,-1,
-14,-25,-71,22,-81,93,81,28,64,58,-37,7,-47,-79,101,-48,-91,9,-46,-30,-1,
-4,-70,91,28,14,38,11,46,-93,-91,36,72,-51,-93,67,-94,65,-80,-16,75,1,
-6,-26,-71,19,-79,99,77,37,69,66,-34,10,-39,-75,98,-47,-92,11,-41,-27,-1,
-2,-70,100,31,15,42,8,46,-93,-87,39,74,-52,-92,74,-93,65,-81,-17,77,1,
-6,-24,-68,23,-79,101,78,36,69,65,-31,7,-39,-71,102,-41,-93,14,-43,-28,-1,
-16,-24,-72,21,-81,96,76,30,65,59,-37,4,-45,-78,96,-45,-95,11,-47,-31,-1,
-12,-24,-76,18,-83,97,75,34,67,57,-34,6,-41,-78,103,-56,-89,9,-46,-31,-1,
-9,-26,-67,22,-82,97,76,36,67,61,-32,7,-39,-74,102,-43,-95,13,-48,-27,-1,
-15,-26,-77,22,-85,92,75,33,61,57,-38,6,-46,-78,96,-49,-94,7,-49,-31,-1,
-6,-68,97,27,15,42,10,47,-93,-90,40,74,-51,-93,75,-94,63,-80,-14,82,1,
-13,-27,-74,22,-81,96,79,26,70,58,-33,7,-40,-79,100,-45,-97,10,-45,-28,-1,
-3,-71,98,31,21,39,12,48,-91,-87,35,75,-48,-94,74,-94,66,-81,-17,81,1,
-14,-27,-73,21,-79,94,78,33,65,63,-37,6,-41,-79,102,-50,-90,11,-49,-28,-1,
-14,-24,-72,20,-80,89,72,30,64,57,-34,4,-43,-81,98,-51,-97,8,-49,-31,-1,
-1,-72,94,29,14,41,9,47,-96,-90,40,75,-53,-97,72,-97,59,-80,-17,78,1,
-11,-22,-74,22,-88,94,71,34,67,58,-37,8,-37,-79,99,-48,-93,9,-50,-28,-1,
-6,-66,97,29,15,42,11,47,-91,-89,41,74,-51,-93,79,-95,64,-79,-12,88,1,
-10,-29,-76,21,-84,95,78,34,64,59,-37,4,-46,-77,91,-46,-96,9,-44,-32,-1,
-12,-26,-74,19,-82,96,77,37,66,61,-33,7,-39,-77,103,-49,-93,9,-44,-28,-1,
-10,-21,-74,17,-80,98,79,33,68,60,-37,8,-42,-74,101,-47,-90,8,-43,-30,-1,
-11,-25,-70,21,-78,94,80,32,66,59,-35,6,-43,-77,99,-48,-88,9,-46,-30,-1,
-11,-23,-70,19,-83,97,79,33,69,62,-32,8,-39,-73,102,-45,-95,10,-44,-28,-1,
-14,-23,-74,20,-82,95,79,32,67,58,-35,7,-40,-79,100,-46,-95,8,-46,-29,-1,
-10,-25,-75,23,-82,95,75,39,64,58,-37,6,-40,-77,97,-49,-93,10,-52,-28,-1,
-12,-24,-73,23,-83,96,75,34,67,59,-35,6,-44,-75,100,-48,-93,10,-46,-33,-1,
-1,-70,94,29,20,43,9,49,-93,-86,38,79,-53,-94,74,-97,68,-83,-12,76,1,
-2,-72,93,30,17,42,7,46,-89,-91,39,79,-52,-95,75,-94,64,-81,-14,81,1,
-4,-70,92,26,15,40,5,47,-92,-89,33,77,-54,-94,75,-100,65,-83,-15,79,1,
1,-72,96,27,17,42,6,48,-94,-90,36,77,-53,-94,71,-98,66,-82,-14,71,1,
-13,-28,-71,20,-84,96,77,29,66,59,-31,6,-40,-76,99,-49,-92,8,-45,-31,-1,
-13,-25,-71,22,-85,94,79,37,64,60,-38,7,-40,-81,101,-49,-92,10,-46,-28,-1,
1,-68,98,26,17,42,12,47,-94,-86,34,71,-54,-95,72,-96,65,-82,-15,79,1,
-3,-70,95,30,15,42,12,48,-94,-86,41,79,-51,-92,73,-93,70,-78,-15,79,1,
-11,-23,-79,21,-82,96,73,36,66,58,-37,9,-43,-77,99,-49,-93,10,-46,-30,-1,
0,-66,96,33,17,38,9,47,-93,-89,34,74,-54,-93,73,-93,57,-81,-17,82,1,
-7,-67,93,24,14,40,10,43,-97,-85,35,71,-55,-94,71,-97,57,-82,-16,76,1,
-12,-22,-75,20,-78,94,79,29,68,55,-34,7,-42,-78,101,-44,-90,8,-47,-29,-1,
-10,-22,-67,21,-83,96,79,37,68,60,-29,7,-43,-72,101,-45,-92,13,-43,-28,-1,
-2,-71,96,28,18,42,12,45,-94,-82,33,71,-54,-96,76,-98,65,-81,-15,76,1,
2,-66,99,31,16,41,7,50,-91,-86,39,75,-52,-89,76,-93,61,-80,-15,81,1,
-2,-70,92,29,14,41,8,48,-95,-87,37,75,-52,-94,72,-97,59,-82,-17,78,1,
0,-69,92,30,14,40,14,49,-94,-90,40,78,-55,-96,72,-96,64,-83,-17,77,1,
-12,-26,-74,21,-80,94,75,28,65,58,-36,5,-40,-78,97,-48,-93,6,-48,-30,-1,
-11,-28,-72,20,-82,91,80,36,65,58,-35,6,-42,-76,99,-50,-93,8,-50,-30,-1,
-17,-19,-73,23,-83,98,81,36,67,62,-39,10,-38,-78,102,-49,-91,10,-46,-26,-1,
-12,-21,-76,19,-79,96,76,35,66,57,-34,5,-41,-76,95,-50,-98,9,-49,-31,-1,
2,-67,94,29,14,42,12,45,-93,-92,40,77,-51,-94,73,-95,61,-78,-12,80,1,
-11,-20,-74,21,-80,99,79,33,68,61,-35,10,-41,-73,101,-44,-97,10,-44,-29,-1,
-4,-69,94,27,15,39,7,45,-94,-85,36,76,-53,-94,73,-96,67,-80,-17,79,1,
-16,-24,-68,24,-83,96,81,39,67,61,-34,8,-39,-77,102,-46,-89,12,-47,-27,-1,
0,-69,93,27,14,43,10,45,-94,-86,36,75,-51,-94,72,-96,62,-80,-15,76,1,
-17,-23,-72,25,-88,94,71,32,65,59,-39,2,-43,-78,96,-47,-99,13,-51,-30,-1,
-12,-22,-74,21,-85,98,75,31,68,58,-36,5,-41,-77,100,-48,-91,11,-46,-30,-1,
-8,-30,-70,25,-75,98,78,39,68,61,-31,6,-41,-77,100,-49,-88,11,-44,-30,-1,
-11,-29,-71,23,-85,101,80,34,67,62,-36,7,-42,-78,100,-45,-95,12,-45,-30,-1,
-2,-67,96,30,16,42,11,50,-94,-87,38,78,-52,-95,75,-94,65,-82,-15,79,1,
-12,-24,-71,23,-79,97,77,38,67,64,-33,6,-40,-77,102,-50,-91,11,-43,-29,-1,
-11,-32,-68,20,-86,96,75,37,65,62,-31,5,-42,-74,102,-49,-94,12,-47,-30,-1,
-1,-69,93,30,13,39,13,48,-95,-87,42,73,-50,-95,71,-93,63,-78,-17,82,1,
-14,-24,-73,20,-84,95,75,32,66,57,-36,5,-40,-79,100,-50,-94,9,-48,-31,-1,
-3,-67,93,28,15,42,12,45,-92,-88,42,74,-51,-94,72,-93,61,-79,-13,81,1,
2,-69,100,31,18,43,12,50,-93,-89,41,77,-53,-95,77,-93,66,-80,-13,81,1,
-12,-19,-76,27,-82,97,75,35,68,61,-35,8,-42,-76,98,-49,-94,13,-44,-30,-1,
-4,-72,95,26,15,42,1,47,-94,-95,38,77,-57,-94,72,-98,56,-83,-15,76,1,
-8,-28,-75,24,-83,98,76,38,65,60,-37,5,-42,-79,100,-50,-96,11,-45,-32,-1,
-13,-26,-71,23,-84,95,80,30,68,58,-35,10,-42,-76,96,-44,-88,10,-43,-27,-1,
-4,-68,98,28,17,43,15,49,-93,-85,41,73,-47,-90,75,-92,64,-78,-13,80,1,
0,-71,95,28,15,43,3,47,-91,-88,37,74,-52,-94,76,-97,58,-79,-15,84,1,
0,-68,96,30,14,42,10,46,-89,-89,37,74,-52,-90,79,-94,58,-81,-15,77,1,
-1,-73,97,28,17,41,2,48,-96,-94,39,75,-56,-93,69,-96,63,-80,-16,78,1,
-11,-24,-71,20,-81,95,75,37,68,57,-32,7,-42,-77,101,-42,-96,11,-45,-30,-1,
0,-71,99,27,18,42,6,46,-92,-91,33,76,-55,-95,78,-97,68,-83,-16,74,1,
-9,-26,-69,20,-79,95,78,34,67,59,-33,5,-43,-75,98,-48,-91,10,-45,-30,-1,
-13,-25,-72,23,-83,95,75,30,66,58,-34,5,-43,-76,99,-50,-95,11,-49,-30,-1,
0,-68,92,33,15,42,12,47,-93,-88,37,75,-52,-94,75,-92,58,-81,-17,80,1,
-4,-70,94,27,14,39,8,47,-95,-86,37,76,-55,-95,75,-97,64,-81,-18,76,1,
-5,-68,94,26,13,40,5,49,-96,-87,39,76,-56,-96,73,-97,65,-83,-19,75,1,
-14,-23,-75,21,-84,97,79,33,65,58,-37,4,-39,-79,98,-50,-94,8,-45,-29,-1,
-9,-25,-71,22,-82,97,79,40,65,61,-34,6,-42,-73,103,-45,-98,11,-48,-31,-1,
-8,-15,-71,21,-82,99,80,36,68,60,-33,6,-39,-75,100,-45,-93,12,-43,-26,-1,
-13,-21,-71,21,-81,95,79,37,67,63,-36,10,-39,-77,100,-46,-95,10,-46,-28,-1,
-1,-68,99,27,18,39,13,45,-90,-90,38,74,-50,-93,75,-94,63,-79,-14,80,1,
-15,-24,-76,20,-83,95,76,33,64,58,-38,3,-42,-78,98,-53,-93,10,-51,-28,-1,
-11,-29,-70,17,-83,96,77,33,65,60,-35,6,-41,-74,99,-52,-93,8,-50,-32,-1,
-15,-25,-78,23,-82,93,76,31,65,58,-36,6,-43,-78,95,-51,-94,8,-46,-31,-1,
-5,-70,97,26,18,42,13,45,-95,-90,35,76,-52,-97,76,-98,65,-83,-14,74,1,
-11,-24,-72,16,-84,100,73,38,69,59,-33,6,-36,-78,101,-48,-91,11,-45,-28,-1,
-5,-67,98,29,15,39,5,46,-94,-93,37,79,-56,-95,76,-98,66,-82,-15,74,1,
-1,-69,100,27,15,38,14,48,-92,-89,42,81,-53,-94,75,-94,62,-80,-13,74,1,
-4,-68,93,31,19,39,10,50,-89,-87,36,81,-54,-91,76,-93,67,-82,-14,82,1,
0,-69,94,29,15,39,8,47,-95,-86,37,86,-56,-96,74,-94,63,-80,-15,75,1,
-17,-23,-72,25,-83,94,78,34,67,60,-34,10,-40,-79,101,-47,-87,7,-45,-31,-1,
-2,-70,94,26,15,44,11,47,-94,-87,41,75,-52,-93,74,-95,60,-81,-16,80,1,
-2,-67,91,30,14,42,10,49,-92,-85,32,73,-50,-97,77,-95,65,-82,-16,83,1,
-10,-20,-69,24,-78,96,78,31,67,60,-31,4,-38,-73,101,-46,-95,11,-47,-27,-1,
0,-67,95,26,19,40,10,50,-93,-86,38,79,-50,-95,72,-94,68,-81,-13,80,1,
-11,-28,-74,19,-79,97,81,37,67,60,-33,5,-36,-78,103,-45,-94,8,-45,-29,-1,
-10,-29,-73,17,-84,97,76,32,66,58,-35,8,-46,-80,103,-52,-89,10,-43,-30,-1,
-3,-70,95,35,15,44,16,47,-92,-88,42,77,-53,-91,79,-94,63,-82,-14,77,1,
-2,-69,91,26,12,38,12,45,-91,-91,38,74,-57,-97,78,-97,62,-83,-16,79,1,
0,-68,96,29,15,40,6,46,-92,-88,35,78,-54,-93,77,-94,56,-81,-18,78,1,
-2,-72,91,27,16,40,9,46,-91,-92,36,74,-54,-96,74,-96,58,-84,-16,78,1,
-7,-68,96,28,20,38,19,48,-95,-89,39,78,-50,-95,72,-94,65,-82,-13,78,1,
-11,-68,94,29,14,40,10,44,-96,-88,37,75,-52,-96,72,-92,60,-79,-15,82,1,
-2,-71,94,29,16,42,8,47,-95,-85,36,76,-51,-95,74,-95,65,-79,-16,80,1,
-9,-67,96,28,17,39,13,47,-96,-88,40,76,-52,-94,73,-94,60,-81,-15,77,1,
-10,-23,-74,21,-82,98,76,28,69,58,-34,10,-40,-76,100,-49,-92,8,-43,-31,-1,
-1,-72,96,29,16,39,2,46,-93,-92,36,73,-53,-95,71,-93,63,-81,-18,79,1,
-6,-70,96,28,14,39,11,47,-93,-85,38,78,-55,-95,77,-97,64,-81,-15,76,1,
-9,-25,-74,26,-80,96,84,35,64,62,-39,6,-43,-75,99,-46,-92,12,-49,-28,-1,
-1,-72,94,29,12,39,8,47,-94,-94,40,75,-57,-96,74,-97,61,-82,-17,75,1,
-11,-25,-71,16,-82,96,73,34,67,62,-38,7,-40,-75,100,-45,-94,9,-50,-29,-1,
-2,-65,94,25,15,44,11,45,-94,-89,42,69,-54,-92,70,-93,62,-81,-16,83,1,
0,-69,91,28,12,40,9,46,-93,-89,41,76,-54,-96,75,-94,60,-82,-17,73,1,
-14,-70,96,24,13,34,10,46,-96,-91,32,75,-53,-95,70,-96,62,-80,-16,74,1,
-12,-27,-73,16,-77,98,80,30,68,58,-34,6,-44,-79,101,-47,-88,9,-41,-28,-1,
-9,-69,95,27,17,38,12,49,-93,-90,42,76,-55,-91,71,-92,59,-82,-17,80,1,
-9,-23,-76,19,-80,96,71,36,67,59,-33,7,-40,-74,101,-46,-94,10,-48,-30,-1,
-10,-23,-75,24,-83,95,80,31,68,59,-34,9,-42,-74,99,-45,-92,8,-44,-31,-1,
0,-71,97,29,16,40,8,46,-91,-87,38,67,-49,-93,72,-94,65,-78,-16,79,1,
-15,-28,-71,22,-82,97,76,39,67,60,-34,4,-42,-78,96,-47,-96,11,-44,-31,-1,
-14,-21,-71,21,-81,95,78,38,67,60,-35,9,-39,-75,100,-48,-88,9,-48,-26,-1,
-3,-70,96,27,16,41,9,49,-91,-84,40,77,-53,-95,80,-95,61,-82,-17,82,1,
-4,-71,94,27,14,39,8,45,-92,-91,33,72,-54,-93,70,-97,62,-84,-18,73,1,
-11,-22,-74,21,-80,96,80,37,66,59,-37,4,-44,-79,99,-46,-93,10,-43,-31,-1,
-4,-71,93,29,17,43,7,48,-94,-88,42,77,-53,-94,75,-94,65,-82,-14,76,1,
-3,-71,96,30,16,40,5,50,-94,-91,43,81,-58,-93,72,-97,64,-82,-18,79,1,
-9,-24,-75,21,-81,97,80,35,69,61,-33,7,-40,-74,103,-48,-93,12,-45,-28,-1,
-10,-24,-75,22,-80,101,74,34,66,62,-35,5,-40,-79,101,-50,-93,12,-44,-29,-1,
-11,-26,-67,21,-80,94,75,39,65,60,-33,4,-41,-76,98,-49,-95,12,-48,-28,-1,
0,-72,95,24,15,40,9,46,-95,-85,40,75,-55,-95,71,-96,63,-80,-15,79,1,
0,-68,97,27,19,41,7,49,-91,-87,34,81,-54,-94,76,-97,62,-83,-16,75,1,
-9,-21,-77,18,-81,94,80,30,68,57,-36,8,-42,-75,98,-45,-92,7,-47,-30,-1,
0,-69,95,28,19,40,10,47,-93,-87,38,73,-52,-97,75,-95,66,-81,-14,72,1,
-3,-71,97,30,14,40,10,48,-96,-88,37,72,-51,-96,72,-94,68,-80,-15,78,1,
-9,-21,-70,26,-81,97,78,30,66,63,-35,6,-39,-79,100,-47,-88,11,-43,-29,-1,
-10,-22,-74,22,-85,95,83,30,66,61,-36,9,-39,-78,100,-52,-90,8,-44,-29,-1,
-11,-23,-69,22,-82,99,75,35,66,62,-32,5,-41,-75,102,-47,-91,11,-45,-29,-1,
-1,-70,94,28,15,44,11,47,-91,-86,41,74,-53,-93,75,-95,65,-81,-13,77,1,
-14,-33,-71,20,-81,95,72,32,63,62,-37,4,-44,-80,97,-50,-93,6,-47,-33,-1,
-3,-70,94,24,17,43,9,47,-92,-87,35,73,-53,-93,74,-97,63,-83,-15,79,1,
-2,-71,96,29,17,42,15,48,-92,-89,44,75,-51,-92,76,-93,64,-80,-12,79,1,
0,-72,96,31,16,39,15,49,-91,-91,40,81,-55,-92,75,-96,65,-82,-15,74,1,
-12,-24,-73,23,-84,94,78,31,67,58,-32,4,-38,-76,99,-50,-91,10,-47,-29,-1,
-13,-23,-74,20,-78,96,77,40,66,66,-37,11,-40,-73,98,-50,-92,10,-48,-27,-1,
-2,-70,94,29,16,41,13,47,-92,-89,42,77,-54,-95,76,-96,65,-80,-13,76,1,
3,-68,95,31,14,42,6,47,-91,-92,35,76,-54,-93,76,-98,62,-82,-16,77,1,
-4,-69,90,33,14,42,7,49,-93,-87,39,79,-54,-92,77,-97,65,-81,-15,74,1,
-14,-22,-72,26,-84,95,75,35,67,58,-33,6,-40,-75,101,-42,-97,11,-48,-29,-1,
-1,-70,97,24,15,44,5,45,-94,-87,36,72,-53,-94,70,-97,61,-83,-16,72,1,
0,-74,89,23,15,41,8,46,-92,-90,34,73,-52,-97,72,-97,68,-81,-16,80,1,
-11,-20,-70,20,-81,96,76,32,68,59,-32,4,-39,-79,98,-47,-96,10,-45,-30,-1,
-11,-24,-77,20,-79,96,83,32,66,60,-33,7,-41,-76,104,-49,-90,9,-45,-30,-1,
-5,-72,96,27,16,40,9,48,-94,-86,38,79,-53,-95,75,-96,67,-79,-16,79,1,
-10,-18,-70,24,-84,98,77,33,69,59,-36,10,-39,-74,98,-43,-92,10,-45,-27,-1,
-11,-26,-71,22,-82,96,82,36,65,61,-37,10,-43,-77,99,-49,-88,9,-44,-27,-1,
-10,-26,-75,19,-82,97,73,33,68,58,-33,4,-42,-75,99,-50,-98,10,-45,-33,-1,
-9,-18,-74,25,-81,98,75,33,67,61,-35,11,-38,-77,103,-49,-94,9,-46,-29,-1,
-9,-26,-74,25,-82,97,76,37,67,60,-36,7,-40,-79,99,-46,-90,10,-44,-30,-1,
-7,-20,-72,26,-81,99,77,38,68,61,-32,7,-39,-75,103,-48,-93,13,-43,-29,-1,
-15,-25,-77,18,-83,94,74,28,66,57,-39,5,-44,-79,93,-50,-95,7,-46,-31,-1,
-9,-22,-70,20,-82,97,79,36,65,60,-37,4,-40,-74,96,-48,-91,9,-47,-28,-1,
-12,-21,-70,18,-82,96,74,28,67,59,-34,8,-42,-78,101,-49,-89,8,-45,-31,-1,
-5,-66,94,28,17,40,6,49,-93,-85,40,76,-56,-93,76,-93,67,-82,-15,81,1,
-9,-71,90,24,13,39,7,45,-95,-87,37,76,-54,-95,70,-96,65,-81,-19,72,1,
-9,-28,-69,20,-84,95,74,31,64,58,-32,3,-44,-83,100,-53,-93,8,-44,-35,-1,
-5,-70,95,28,15,43,10,46,-94,-88,38,73,-53,-95,74,-97,63,-82,-16,82,1,
-8,-25,-75,18,-85,94,76,32,65,57,-38,4,-40,-77,96,-53,-90,8,-46,-29,-1,
-4,-69,92,25,17,42,10,49,-92,-89,42,76,-52,-94,73,-94,70,-82,-15,82,1,
-16,-21,-72,20,-89,95,73,31,64,57,-37,6,-45,-76,97,-51,-96,10,-49,-31,-1,
-4,-65,95,30,16,40,15,47,-92,-85,36,78,-49,-94,73,-92,65,-79,-15,78,1,
-12,-20,-74,20,-84,95,73,34,68,59,-34,9,-39,-77,98,-50,-98,11,-46,-28,-1,
-4,-68,98,27,15,41,15,50,-92,-88,42,79,-50,-94,77,-93,67,-79,-12,78,1,
2,-72,94,26,17,39,9,50,-94,-89,42,80,-54,-96,70,-95,66,-79,-15,78,1,
-13,-25,-70,27,-84,98,79,35,67,61,-31,7,-40,-78,99,-46,-93,12,-41,-29,-1,
-5,-69,95,24,18,39,12,46,-94,-92,41,76,-54,-94,70,-97,62,-81,-16,77,1,
-14,-21,-71,19,-87,97,75,35,66,62,-36,9,-42,-77,100,-49,-91,10,-44,-29,-1,
-2,-70,94,31,15,40,9,48,-90,-92,36,75,-54,-89,74,-96,67,-81,-17,84,1,
-14,-27,-71,23,-82,91,76,35,64,58,-37,5,-44,-79,99,-48,-94,11,-49,-29,-1,
-7,-74,88,23,14,40,7,46,-93,-95,33,76,-57,-96,72,-100,67,-85,-20,79,1,
-11,-21,-72,24,-81,99,83,38,68,60,-36,9,-39,-80,102,-45,-88,9,-42,-28,-1,
1,-69,96,26,16,39,12,48,-92,-88,41,74,-51,-93,75,-94,64,-78,-15,81,1,
-11,-27,-69,24,-83,97,77,35,65,59,-33,6,-40,-81,103,-44,-97,9,-46,-30,-1,
-10,-27,-71,21,-80,96,79,36,66,62,-32,6,-42,-76,104,-47,-94,11,-45,-29,-1,
-2,-68,94,28,18,42,12,48,-93,-86,37,78,-51,-94,73,-96,62,-81,-12,76,1,
-14,-25,-73,22,-82,94,74,31,67,58,-33,8,-39,-79,102,-47,-92,9,-49,-29,-1,
-14,-17,-71,22,-81,94,77,35,68,57,-32,6,-40,-76,101,-46,-92,12,-47,-27,-1,
-6,-68,96,28,15,42,14,45,-94,-87,35,76,-52,-96,76,-96,64,-82,-15,80,1,
-12,-21,-75,27,-82,98,81,37,67,59,-34,7,-38,-75,103,-45,-90,10,-46,-29,-1,
-14,-27,-75,20,-79,98,79,35,68,61,-33,3,-38,-77,98,-49,-93,8,-45,-31,-1,
-1,-68,93,30,15,45,7,47,-92,-87,39,78,-52,-93,78,-94,65,-80,-12,79,1,
-3,-67,95,25,15,40,6,48,-95,-87,36,76,-52,-96,72,-96,64,-81,-18,78,1,
-5,-68,96,31,20,38,11,47,-95,-85,33,79,-51,-95,71,-94,67,-79,-15,78,1,
0,-67,95,28,15,42,6,47,-93,-90,37,76,-53,-93,71,-96,66,-82,-14,71,1,
-4,-72,97,32,14,41,6,47,-93,-88,37,73,-54,-93,79,-95,63,-80,-15,83,1,
-14,-25,-77,21,-80,97,77,33,69,58,-33,7,-38,-79,101,-45,-91,7,-44,-30,-1,
-13,-22,-72,20,-82,97,73,35,66,61,-36,6,-41,-79,100,-50,-88,10,-46,-29,-1,
-10,-24,-72,18,-82,95,76,32,68,58,-33,9,-36,-79,99,-52,-86,7,-46,-27,-1,
-6,-70,99,26,13,40,14,48,-92,-88,41,72,-52,-93,75,-93,57,-78,-17,86,1,
-11,-22,-71,27,-82,98,79,38,68,60,-34,8,-38,-75,103,-41,-92,11,-44,-27,-1,
-11,-28,-71,24,-85,99,74,38,66,62,-34,6,-38,-79,100,-47,-92,10,-43,-30,-1,
-18,-27,-73,14,-82,95,74,36,65,59,-36,4,-44,-77,95,-52,-96,7,-48,-32,-1,
-7,-26,-73,21,-84,97,75,33,65,60,-39,7,-47,-77,97,-48,-96,11,-44,-32,-1,
-8,-28,-74,22,-83,94,75,37,64,60,-37,4,-44,-75,94,-49,-96,11,-48,-32,-1,
-14,-23,-71,18,-80,93,75,35,65,60,-35,4,-46,-75,100,-46,-98,11,-47,-31,-1,
-10,-27,-70,20,-81,97,78,37,65,63,-32,6,-42,-74,99,-48,-91,11,-45,-29,-1,
3,-67,95,33,12,42,7,48,-91,-88,41,78,-53,-95,76,-92,59,-81,-16,75,1,
-11,-18,-76,29,-83,95,76,35,68,57,-36,9,-41,-77,98,-45,-91,12,-46,-29,-1,
-13,-21,-75,23,-81,96,75,31,67,58,-35,4,-42,-77,98,-50,-92,9,-47,-31,-1,
-13,-25,-71,19,-74,95,75,32,66,64,-34,7,-44,-76,98,-49,-93,8,-46,-32,-1,
-2,-71,98,25,15,40,13,49,-95,-88,40,75,-51,-97,75,-96,57,-80,-16,78,1,
-12,-20,-73,23,-81,95,82,40,66,60,-33,6,-41,-75,103,-48,-92,11,-45,-29,-1,
-3,-70,91,34,15,43,8,46,-93,-85,32,79,-54,-95,76,-96,67,-81,-15,77,1,
-4,-70,96,29,16,40,10,46,-94,-90,35,77,-55,-96,74,-94,66,-83,-17,74,1,
-10,-25,-73,19,-80,96,81,36,65,60,-35,6,-41,-77,102,-50,-90,9,-46,-29,-1,
-6,-68,95,34,17,42,12,47,-94,-88,38,74,-55,-93,75,-95,62,-81,-13,80,1,
-13,-20,-75,22,-83,93,74,31,68,56,-35,9,-39,-77,94,-49,-94,7,-46,-30,-1,
-11,-23,-69,20,-86,97,75,29,66,60,-36,6,-40,-78,100,-49,-92,9,-46,-31,-1,
-14,-28,-73,20,-84,94,77,35,63,57,-35,1,-44,-76,96,-51,-90,9,-48,-31,-1,
-5,-71,98,27,16,38,5,43,-94,-88,32,73,-55,-96,73,-97,61,-82,-19,79,1,
-5,-72,93,31,20,41,12,47,-94,-92,38,80,-51,-92,70,-95,66,-78,-10,79,1,
-1,-69,96,29,19,42,9,50,-93,-88,40,79,-53,-91,71,-93,66,-82,-16,78,1,
-12,-25,-76,26,-84,94,77,32,65,58,-36,5,-42,-81,95,-46,-94,10,-45,-30,-1,
-10,-22,-77,19,-80,97,76,27,67,61,-36,9,-43,-75,100,-44,-94,10,-45,-28,-1,
-4,-68,97,25,15,41,3,46,-94,-92,35,76,-52,-93,71,-95,57,-82,-18,76,1,
-12,-24,-74,21,-84,97,78,35,67,59,-33,3,-40,-76,95,-51,-94,10,-45,-32,-1,
-11,-22,-70,18,-80,96,77,37,66,61,-36,3,-42,-77,100,-48,-95,11,-50,-30,-1,
-12,-21,-70,20,-82,100,74,36,68,63,-34,6,-40,-72,95,-45,-98,11,-44,-29,-1,
-1,-69,97,30,15,42,9,48,-93,-82,39,70,-51,-94,77,-94,67,-80,-15,75,1,
-11,-20,-77,17,-77,95,78,33,67,57,-31,8,-42,-75,100,-51,-94,8,-44,-30,-1,
-16,-26,-76,16,-85,94,77,30,66,56,-37,7,-45,-79,94,-50,-93,5,-45,-32,-1,
-15,-27,-77,26,-86,92,79,32,65,59,-36,8,-39,-79,103,-51,-92,8,-50,-29,-1,
0,-71,94,28,12,41,5,48,-93,-88,46,71,-56,-94,73,-96,65,-80,-15,79,1,
-13,-27,-73,24,-84,99,78,33,64,58,-34,4,-41,-79,104,-52,-91,10,-47,-31,-1,
-3,-70,92,26,13,40,4,50,-95,-90,34,76,-54,-96,72,-95,59,-81,-18,80,1,
-1,-69,91,25,13,41,8,47,-93,-91,42,74,-56,-96,76,-97,62,-83,-17,82,1,
-11,-22,-71,19,-80,93,76,36,64,56,-36,6,-44,-74,96,-45,-91,8,-48,-30,-1,
-4,-68,94,28,14,41,5,49,-94,-83,35,77,-51,-95,73,-94,65,-79,-16,80,1,
-10,-21,-72,21,-85,97,80,34,66,60,-36,6,-38,-79,101,-48,-93,9,-46,-29,-1,
-8,-24,-73,24,-85,100,78,37,68,61,-35,9,-43,-73,99,-45,-89,14,-42,-29,-1,
-13,-27,-70,18,-84,94,70,32,64,58,-36,5,-46,-79,97,-46,-96,10,-48,-32,-1,
-3,-68,99,28,16,40,12,48,-90,-90,40,80,-52,-92,76,-94,69,-82,-17,77,1,
-14,-21,-71,20,-83,96,69,38,66,57,-33,4,-40,-77,100,-51,-93,11,-49,-31,-1,
-1,-72,91,28,12,42,7,46,-96,-89,44,73,-53,-99,74,-96,60,-79,-17,79,1,
0,-70,98,28,14,42,13,45,-95,-93,43,74,-55,-95,74,-95,65,-81,-17,75,1,
-11,-22,-70,20,-78,98,80,37,68,59,-30,7,-37,-78,103,-44,-90,7,-45,-29,-1,
-5,-65,97,28,13,39,6,47,-91,-88,37,75,-55,-94,81,-93,62,-80,-19,82,1,
-9,-26,-67,24,-81,97,83,35,66,64,-36,9,-42,-75,100,-42,-91,9,-44,-29,-1,
-1,-67,91,27,11,40,10,44,-92,-85,34,75,-51,-99,76,-96,58,-82,-18,74,1,
-11,-22,-75,19,-81,98,77,41,67,58,-34,3,-38,-76,99,-49,-95,11,-48,-30,-1,
-14,-26,-74,23,-78,94,84,29,68,59,-32,7,-39,-76,101,-45,-92,8,-46,-27,-1,
-8,-23,-73,18,-79,98,73,38,68,60,-32,7,-40,-73,99,-46,-93,10,-46,-29,-1,
-9,-22,-75,26,-84,93,78,38,64,59,-36,7,-43,-81,100,-51,-93,10,-43,-31,-1,
-5,-69,92,29,14,41,8,47,-91,-91,34,76,-53,-94,74,-97,64,-84,-19,80,1,
-7,-69,99,24,17,36,4,47,-93,-89,34,79,-54,-95,72,-97,65,-81,-17,80,1,
0,-68,98,26,12,39,13,47,-92,-90,43,74,-51,-95,76,-94,63,-80,-16,75,1,
-19,-28,-70,24,-80,91,80,36,64,58,-36,2,-43,-79,101,-45,-95,12,-52,-27,-1,
-11,-25,-74,24,-81,98,81,25,66,61,-38,8,-41,-80,100,-46,-93,8,-46,-30,-1,
0,-70,91,28,14,40,7,47,-92,-90,35,79,-53,-95,73,-95,59,-83,-18,76,1,
0,-67,96,27,16,39,17,49,-91,-89,39,76,-50,-94,71,-91,61,-81,-16,83,1,
-2,-74,96,28,16,39,3,48,-95,-91,42,74,-55,-93,70,-94,62,-79,-16,78,1,
-11,-26,-74,23,-85,94,77,33,66,57,-34,3,-42,-76,100,-48,-95,12,-51,-30,-1,
-5,-72,96,26,14,40,9,46,-91,-89,41,69,-52,-94,76,-95,62,-82,-18,80,1,
-2,-71,94,23,15,44,7,49,-92,-88,43,77,-49,-95,75,-96,65,-81,-16,80,1,
-16,-29,-77,21,-81,94,72,34,65,53,-34,2,-39,-80,100,-51,-92,6,-51,-32,-1,
-10,-19,-73,20,-85,98,76,33,68,56,-36,9,-42,-74,102,-47,-93,12,-47,-26,-1,
-13,-28,-74,21,-80,94,80,29,64,58,-38,5,-43,-80,99,-49,-90,8,-48,-30,-1,
-2,-67,92,28,12,43,10,45,-94,-88,43,73,-51,-94,73,-96,65,-78,-16,82,1,
-9,-26,-68,21,-87,99,79,35,67,61,-34,7,-41,-77,100,-44,-95,13,-44,-28,-1,
-4,-68,96,30,17,42,18,47,-93,-85,42,75,-47,-96,76,-95,67,-79,-9,78,1,
-4,-70,92,28,13,38,9,46,-92,-88,37,76,-53,-95,74,-94,58,-81,-16,77,1,
-2,-69,93,25,15,43,14,48,-92,-85,43,74,-52,-90,73,-95,68,-82,-16,76,1,
-13,-31,-68,19,-83,96,77,35,67,61,-31,8,-42,-76,100,-48,-91,10,-44,-28,-1,
-13,-22,-71,24,-82,94,79,32,68,60,-31,7,-40,-76,104,-46,-95,11,-46,-28,-1,
-10,-70,90,30,15,37,11,48,-95,-89,38,73,-52,-96,71,-94,63,-81,-15,80,1,
-13,-23,-74,21,-82,98,77,35,67,59,-37,6,-38,-78,100,-48,-92,8,-46,-29,-1,
-4,-69,98,27,14,39,7,46,-96,-90,39,72,-56,-94,76,-96,63,-81,-17,75,1,
-4,-68,93,26,13,39,12,46,-93,-89,33,80,-51,-94,73,-95,62,-81,-14,77,1,
0,-70,100,29,16,43,11,44,-92,-91,36,74,-54,-92,76,-96,65,-81,-16,80,1,
-14,-24,-69,20,-81,99,74,37,68,62,-35,6,-39,-81,100,-49,-94,12,-45,-28,-1,
-7,-20,-68,21,-82,99,80,33,67,61,-33,5,-37,-71,99,-43,-94,12,-48,-26,-1,
-15,-26,-76,18,-80,94,74,38,66,58,-34,5,-41,-77,96,-45,-97,7,-47,-30,-1,
-7,-71,92,25,14,36,11,46,-94,-91,38,76,-54,-96,72,-94,60,-81,-17,76,1,
-11,-17,-74,26,-80,99,79,38,67,63,-37,8,-41,-74,100,-45,-91,11,-41,-28,-1,
-17,-25,-66,19,-81,94,81,33,67,60,-36,7,-41,-73,101,-44,-89,9,-49,-29,-1,
-10,-26,-72,26,-84,93,81,34,65,58,-33,7,-41,-75,102,-46,-92,11,-49,-29,-1,
-3,-70,96,29,14,38,9,44,-92,-87,33,73,-51,-94,73,-96,65,-81,-18,76,1,
-6,-72,97,29,15,40,5,48,-94,-87,37,74,-54,-94,74,-95,64,-81,-19,82,1,
-4,-69,92,29,13,42,6,45,-94,-87,36,76,-49,-98,74,-96,60,-80,-13,74,1,
-13,-24,-75,27,-80,98,80,34,66,64,-34,7,-38,-73,101,-48,-96,13,-47,-26,-1,
-6,-71,95,25,16,38,6,47,-95,-92,36,78,-55,-96,69,-97,61,-83,-20,80,1,
-13,-21,-69,19,-84,94,75,32,67,60,-34,8,-44,-76,97,-45,-95,10,-46,-32,-1,
-6,-69,94,24,17,37,9,47,-95,-89,35,79,-53,-98,69,-97,67,-82,-16,76,1,
-13,-21,-73,25,-83,96,82,36,67,58,-35,9,-41,-79,102,-45,-89,12,-46,-27,-1,
-13,-19,-72,20,-81,103,82,33,69,61,-34,7,-38,-75,101,-47,-93,9,-42,-28,-1,
-2,-71,96,27,16,39,10,45,-93,-86,38,72,-52,-91,72,-95,63,-79,-18,77,1,
-13,-25,-75,23,-79,95,80,33,68,60,-37,9,-42,-80,95,-48,-91,9,-44,-29,-1,
-1,-70,94,31,14,43,6,45,-93,-90,35,74,-55,-93,76,-97,61,-82,-17,80,1,
-4,-71,88,26,14,37,6,50,-94,-91,46,74,-53,-96,69,-94,61,-81,-17,78,1,
-3,-69,95,29,14,42,12,48,-95,-85,43,76,-55,-90,72,-92,61,-79,-15,78,1,
-12,-19,-71,20,-83,97,75,36,68,60,-36,7,-43,-73,99,-44,-94,12,-49,-29,-1,
-6,-71,96,31,18,41,10,46,-90,-88,41,78,-51,-93,76,-95,68,-82,-14,72,1,
-20,-24,-74,18,-77,94,76,33,67,62,-37,6,-41,-78,99,-49,-95,10,-50,-28,-1,
-19,-27,-72,22,-86,92,72,35,64,58,-35,7,-43,-76,101,-48,-97,10,-54,-30,-1,
-3,-71,96,29,16,44,15,46,-91,-88,42,77,-51,-92,73,-96,65,-81,-14,81,1,
-12,-23,-73,19,-80,95,77,30,67,60,-36,8,-36,-80,101,-50,-90,7,-49,-27,-1,
-8,-70,96,25,13,39,4,44,-95,-91,34,75,-56,-96,71,-97,68,-83,-20,78,1,
-12,-25,-73,21,-79,94,81,31,66,60,-35,7,-43,-77,97,-49,-95,8,-45,-30,-1,
-6,-72,94,26,13,40,7,45,-95,-88,34,72,-55,-94,73,-96,61,-81,-16,80,1,
-10,-26,-71,21,-81,97,78,33,66,62,-35,6,-43,-80,101,-50,-91,10,-43,-30,-1,
-6,-71,91,28,15,39,14,46,-96,-83,38,77,-53,-96,71,-98,62,-81,-15,78,1,
-11,-17,-72,20,-85,98,74,34,68,58,-37,7,-39,-74,97,-44,-97,11,-48,-28,-1,
-3,-72,96,31,14,39,10,48,-92,-91,41,76,-57,-95,78,-97,61,-82,-17,75,1,
-10,-22,-76,25,-82,93,82,33,66,58,-34,7,-41,-76,104,-49,-87,9,-45,-29,-1,
-1,-65,91,25,13,42,7,46,-94,-88,39,76,-52,-96,74,-94,65,-78,-13,81,1,
-4,-69,93,27,11,37,14,44,-94,-88,36,77,-53,-97,75,-97,64,-79,-19,76,1,
-11,-22,-73,20,-84,99,78,35,66,60,-36,6,-40,-79,104,-48,-88,9,-43,-30,-1,
-12,-24,-72,21,-83,96,76,37,65,57,-34,5,-41,-81,100,-50,-96,10,-48,-31,-1,
-4,-69,94,26,19,40,13,47,-94,-88,38,77,-52,-96,73,-96,63,-80,-15,84,1,
0,-70,92,27,14,42,7,47,-93,-90,31,76,-51,-95,70,-97,65,-82,-17,74,1,
-2,-69,93,28,16,43,10,47,-93,-85,43,75,-52,-93,76,-95,68,-78,-13,85,1,
-10,-27,-73,23,-83,98,80,29,67,60,-35,5,-39,-78,98,-45,-91,10,-46,-31,-1,
-12,-23,-68,19,-81,93,79,36,65,59,-35,7,-41,-76,97,-47,-92,9,-46,-27,-1,
-13,-29,-75,24,-83,93,80,34,64,58,-37,6,-41,-78,97,-50,-90,9,-49,-28,-1,
-12,-24,-70,21,-86,97,77,37,66,60,-35,9,-39,-77,100,-48,-90,10,-45,-27,-1,
-6,-70,98,26,12,41,13,45,-97,-87,37,76,-53,-99,75,-98,64,-82,-16,71,1,
-1,-71,95,27,12,41,9,45,-93,-89,42,75,-55,-94,72,-93,60,-81,-18,77,1,
-12,-23,-74,21,-78,99,78,35,69,64,-35,9,-39,-78,101,-48,-92,10,-40,-27,-1,
-2,-69,94,27,14,39,9,43,-95,-91,42,73,-55,-96,70,-94,61,-80,-15,76,1,
-14,-25,-73,19,-84,93,74,34,66,56,-34,1,-39,-76,94,-53,-95,10,-52,-32,-1,
-1,-67,101,29,19,43,11,46,-93,-86,38,77,-51,-92,77,-95,60,-81,-14,79,1,
-2,-68,94,29,17,40,4,47,-91,-88,34,79,-55,-91,76,-97,60,-83,-15,79,1,
-3,-70,97,29,19,42,11,47,-94,-91,39,77,-53,-94,74,-96,63,-82,-13,80,1,
-10,-21,-67,22,-86,98,77,30,68,59,-35,7,-42,-75,97,-46,-91,12,-45,-30,-1,
-12,-21,-71,22,-83,95,78,41,66,59,-33,5,-39,-75,102,-50,-95,11,-48,-27,-1,
-13,-23,-73,20,-84,95,74,32,66,58,-35,6,-40,-77,97,-53,-95,10,-47,-29,-1,
0,-71,95,25,14,41,5,44,-93,-94,34,73,-54,-95,75,-96,58,-81,-14,76,1,
-9,-20,-73,21,-81,96,79,37,67,58,-31,1,-34,-78,105,-46,-99,11,-50,-29,-1,
-1,-68,96,26,17,39,11,50,-90,-84,36,73,-54,-95,77,-97,65,-83,-17,83,1,
-6,-69,100,27,14,41,10,45,-94,-84,36,71,-50,-97,77,-96,60,-82,-19,78,1,
-15,-27,-75,19,-87,96,74,34,64,58,-39,4,-41,-81,97,-52,-91,9,-50,-30,-1,
-10,-20,-72,28,-82,97,79,30,69,59,-32,10,-42,-74,101,-43,-89,11,-44,-30,-1,
-18,-22,-77,23,-78,97,74,28,68,58,-35,5,-37,-79,98,-48,-95,8,-48,-28,-1,
-10,-29,-74,19,-84,95,78,34,65,59,-31,5,-41,-75,100,-52,-96,9,-46,-31,-1,
-6,-72,94,30,13,40,3,49,-97,-89,37,81,-54,-98,75,-96,59,-81,-16,72,1,
-11,-17,-71,25,-79,97,76,31,69,60,-33,6,-39,-74,98,-47,-89,10,-45,-29,-1,
-6,-23,-67,19,-86,97,76,29,67,61,-35,8,-39,-74,100,-46,-89,11,-45,-28,-1,
1,-68,98,29,18,42,6,48,-91,-87,39,76,-51,-93,76,-94,65,-80,-12,78,1,
-6,-68,97,28,15,40,9,45,-94,-87,36,72,-51,-95,73,-93,67,-82,-16,77,1,
-13,-26,-74,22,-79,96,76,35,65,60,-35,4,-40,-79,99,-46,-94,9,-47,-29,-1,
-16,-25,-72,17,-83,99,75,37,67,59,-35,6,-42,-80,99,-43,-101,11,-46,-30,-1,
-13,-26,-75,21,-82,95,80,28,66,58,-34,4,-42,-77,99,-49,-97,10,-47,-29,-1,
-2,-70,92,23,16,41,8,46,-96,-92,36,75,-56,-98,72,-99,67,-83,-16,76,1,
-11,-29,-74,25,-81,97,73,28,66,56,-35,8,-41,-80,96,-43,-92,8,-46,-29,-1,
-5,-71,96,26,19,37,10,43,-92,-93,34,70,-54,-94,72,-96,64,-81,-15,80,1,
-10,-29,-76,18,-77,96,79,36,65,61,-37,2,-43,-77,100,-49,-94,9,-48,-31,-1,
-10,-23,-71,25,-86,97,77,35,68,58,-35,8,-38,-74,98,-43,-93,13,-49,-27,-1,
-16,-25,-75,19,-87,98,75,33,64,60,-37,7,-43,-77,100,-51,-96,9,-46,-30,-1,
-15,-23,-74,22,-81,98,75,35,66,59,-34,7,-40,-76,100,-49,-87,7,-47,-30,-1,
0,-71,100,30,17,42,8,50,-93,-87,38,77,-51,-95,77,-95,68,-78,-12,81,1,
-18,-27,-74,22,-79,95,77,35,64,61,-37,1,-43,-79,94,-51,-97,8,-49,-32,-1,
-3,-72,98,26,15,40,11,47,-94,-91,36,78,-53,-95,73,-95,64,-81,-14,72,1,
-9,-26,-69,25,-81,96,82,30,67,63,-32,6,-39,-72,101,-45,-93,12,-49,-27,-1,
0,-68,96,30,17,37,5,46,-93,-85,35,74,-54,-93,73,-95,63,-81,-19,71,1,
-12,-17,-70,20,-84,96,73,38,67,58,-34,3,-38,-73,96,-47,-99,11,-49,-29,-1,
-5,-19,-74,19,-85,98,73,32,67,59,-33,7,-40,-75,100,-47,-95,11,-44,-28,-1,
-6,-71,94,30,14,42,9,45,-92,-90,39,74,-50,-95,74,-93,63,-81,-14,75,1,
-16,-27,-72,25,-82,95,75,35,64,60,-35,5,-40,-78,98,-49,-93,10,-51,-26,-1,
-13,-24,-74,20,-85,97,75,34,68,59,-35,6,-38,-78,103,-48,-96,10,-47,-30,-1,
-6,-70,94,25,14,43,9,47,-93,-85,39,72,-52,-97,77,-96,62,-83,-20,80,1,
-14,-29,-72,15,-83,98,75,36,67,59,-36,6,-43,-76,97,-42,-97,8,-46,-32,-1,
-6,-69,93,24,12,38,7,48,-95,-90,33,75,-54,-96,74,-96,59,-83,-18,71,1,
-3,-67,99,30,17,41,7,46,-91,-88,35,75,-53,-92,78,-96,71,-81,-15,80,1,
-3,-70,97,31,12,42,13,46,-92,-91,38,73,-53,-93,76,-95,64,-80,-17,79,1,
-6,-19,-72,24,-78,97,73,39,68,60,-31,6,-41,-74,101,-46,-94,13,-45,-29,-1,
-10,-26,-70,24,-82,97,73,35,66,60,-33,6,-44,-78,100,-48,-94,11,-44,-31,-1,
-3,-71,94,31,18,39,9,46,-95,-89,37,74,-55,-96,74,-98,66,-81,-14,79,1,
-1,-68,94,29,16,43,10,47,-91,-83,41,72,-50,-93,74,-94,64,-81,-15,77,1,
-15,-20,-78,27,-85,99,75,37,69,60,-39,9,-39,-80,99,-48,-96,10,-45,-32,-1,
-12,-24,-70,25,-84,97,72,33,67,60,-33,9,-42,-75,103,-49,-92,10,-47,-32,-1,
-5,-73,92,31,15,41,12,45,-94,-88,42,71,-51,-93,73,-94,64,-82,-18,77,1,
-7,-25,-73,22,-81,95,79,39,65,57,-38,6,-41,-78,100,-44,-92,10,-47,-27,-1,
-1,-71,94,28,14,40,9,47,-93,-88,34,77,-53,-97,75,-94,66,-81,-19,76,1,
-15,-22,-76,20,-83,93,82,33,66,57,-32,10,-44,-76,104,-48,-93,8,-44,-30,-1,
-12,-25,-73,20,-83,98,78,29,67,61,-34,6,-41,-72,99,-47,-99,10,-47,-30,-1,
-3,-69,93,27,13,41,7,47,-93,-91,37,76,-54,-97,76,-96,65,-82,-15,78,1,
-8,-25,-72,23,-84,99,79,34,66,61,-34,4,-39,-77,101,-50,-95,11,-46,-29,-1,
0,-69,101,26,17,39,11,51,-93,-84,37,77,-53,-94,75,-95,70,-81,-15,75,1,
-13,-26,-74,16,-85,92,74,34,64,56,-40,5,-46,-80,95,-50,-95,7,-50,-34,-1,
-8,-67,94,30,13,43,10,47,-92,-88,40,76,-53,-92,77,-95,61,-83,-16,75,1,
0,-68,96,25,16,39,11,43,-93,-88,37,81,-53,-95,72,-97,58,-79,-9,75,1,
-7,-68,96,25,16,37,9,48,-94,-90,36,79,-50,-97,71,-95,60,-80,-16,81,1,
-2,-72,96,29,15,40,10,48,-90,-92,41,76,-51,-93,74,-92,63,-81,-16,80,1,
-16,-17,-75,23,-79,95,76,35,67,59,-34,9,-39,-77,104,-48,-91,9,-48,-28,-1,
-14,-23,-73,21,-85,95,72,33,65,56,-38,6,-41,-78,103,-52,-90,9,-51,-31,-1,
-10,-28,-73,19,-79,94,74,33,67,57,-37,7,-42,-76,97,-44,-95,9,-52,-29,-1,
-5,-68,98,28,15,42,13,45,-92,-86,34,76,-52,-92,76,-95,60,-81,-16,82,1,
-3,-71,101,24,16,40,8,45,-92,-94,37,74,-53,-96,73,-95,60,-83,-16,76,1,
2,-70,95,29,17,42,10,49,-94,-89,37,76,-54,-94,73,-98,63,-82,-16,78,1,
-7,-25,-69,21,-79,92,77,35,65,59,-35,5,-44,-79,103,-49,-86,12,-48,-28,-1,
-3,-69,93,32,13,44,16,46,-94,-88,43,78,-53,-92,78,-94,58,-80,-12,76,1,
-5,-30,-75,20,-83,95,77,34,65,59,-35,7,-43,-73,98,-48,-93,10,-47,-29,-1,
-1,-72,92,27,12,42,9,47,-93,-89,39,70,-51,-95,72,-93,64,-81,-17,79,1,
-17,-20,-70,20,-80,95,82,35,67,60,-34,5,-39,-76,101,-50,-93,8,-47,-29,-1,
-14,-24,-72,21,-81,98,78,32,66,65,-38,7,-41,-75,99,-50,-97,10,-45,-29,-1,
-3,-70,94,26,16,38,7,46,-94,-88,35,75,-53,-97,72,-98,62,-82,-17,78,1,
-3,-70,96,29,14,39,11,44,-98,-88,39,76,-56,-97,75,-97,64,-80,-15,71,1,
-13,-19,-76,18,-82,98,78,31,68,59,-36,10,-41,-74,100,-46,-93,10,-46,-28,-1,
-2,-74,96,28,13,40,5,46,-95,-92,39,69,-54,-93,69,-95,58,-80,-20,81,1,
-14,-24,-75,21,-81,94,74,30,67,59,-34,9,-44,-75,97,-48,-95,10,-46,-29,-1,
-13,-23,-74,25,-80,93,80,30,65,57,-33,8,-41,-77,103,-46,-94,7,-46,-30,-1,
-6,-29,-70,23,-81,99,81,28,67,61,-33,3,-39,-75,98,-45,-92,12,-45,-29,-1,
-12,-26,-74,27,-84,99,80,31,67,60,-39,8,-39,-78,100,-43,-93,10,-47,-29,-1,
-12,-25,-74,17,-79,96,77,33,66,60,-35,5,-40,-80,102,-50,-93,7,-47,-30,-1,
-4,-71,95,27,13,40,8,48,-92,-86,37,77,-53,-93,74,-95,65,-81,-18,79,1,
0,-69,96,30,14,39,6,46,-93,-90,31,78,-52,-94,71,-96,63,-79,-13,76,1,
-12,-29,-72,21,-83,95,79,31,64,58,-37,0,-45,-78,97,-51,-95,8,-48,-36,-1,
-8,-23,-65,25,-80,102,77,38,69,64,-33,10,-41,-72,100,-41,-91,12,-39,-28,-1,
-11,-24,-74,23,-81,94,80,29,66,58,-35,3,-41,-75,103,-53,-93,12,-50,-30,-1,
-11,-25,-72,21,-84,95,75,26,67,55,-35,5,-41,-76,98,-48,-92,10,-49,-30,-1,
-6,-68,94,27,16,42,9,47,-93,-90,43,74,-51,-93,71,-95,62,-81,-13,78,1,
-5,-68,95,23,13,42,7,41,-94,-92,37,74,-55,-96,77,-100,58,-84,-19,69,1,
-10,-29,-68,26,-86,95,76,33,65,61,-35,8,-40,-76,102,-44,-94,11,-46,-28,-1,
-9,-27,-74,21,-84,99,73,36,68,59,-36,11,-42,-80,99,-44,-94,10,-43,-30,-1,
2,-74,94,28,16,41,10,47,-92,-89,39,68,-54,-94,72,-96,63,-81,-19,78,1,
-5,-69,99,29,16,39,7,49,-94,-85,35,78,-53,-95,73,-94,70,-82,-16,79,1,
1,-71,94,31,15,41,9,49,-93,-85,40,73,-50,-95,72,-94,67,-78,-16,81,1,
-5,-69,94,23,12,39,8,45,-93,-86,40,74,-58,-94,74,-99,62,-83,-17,72,1,
-2,-71,92,26,17,40,10,49,-91,-88,43,76,-54,-93,75,-94,60,-83,-15,81,1,
-12,-24,-70,25,-85,95,78,35,65,59,-38,9,-41,-75,96,-44,-92,9,-48,-28,-1,
-6,-30,-72,20,-84,97,77,38,64,59,-38,5,-42,-78,99,-46,-92,12,-47,-27,-1,
-10,-25,-73,27,-83,99,76,33,67,61,-33,4,-38,-81,102,-48,-94,10,-42,-29,-1,
0,-68,90,27,18,37,8,49,-93,-87,37,76,-51,-97,70,-92,64,-80,-13,82,1,
-14,-20,-73,20,-85,98,75,37,66,60,-37,7,-40,-76,98,-47,-98,10,-47,-29,-1,
0,-68,95,30,15,40,3,48,-92,-88,38,77,-57,-91,75,-96,65,-80,-16,82,1,
-5,-70,88,29,16,36,4,47,-95,-90,34,74,-55,-98,73,-99,62,-82,-18,81,1,
-3,-72,90,25,16,37,9,45,-93,-92,36,74,-56,-97,71,-99,65,-83,-17,76,1,
0,-68,97,28,14,42,10,48,-94,-90,39,79,-52,-94,74,-94,64,-79,-15,78,1,
-14,-23,-74,21,-82,97,72,34,68,58,-32,2,-41,-78,98,-48,-95,11,-46,-33,-1,
-10,-21,-76,26,-84,96,78,36,67,55,-33,7,-39,-76,99,-48,-94,8,-44,-30,-1,
-12,-23,-73,23,-80,97,84,38,67,61,-33,10,-38,-77,103,-46,-89,8,-43,-28,-1,
-12,-18,-76,23,-76,97,75,41,68,61,-32,8,-39,-75,101,-50,-92,11,-46,-29,-1,
-11,-23,-70,20,-82,97,72,37,68,59,-33,9,-41,-76,100,-45,-93,11,-45,-29,-1,
-2,-70,94,25,12,41,5,47,-93,-90,38,71,-49,-95,68,-92,58,-80,-16,76,1,
-15,-19,-72,24,-82,93,79,33,67,57,-33,6,-40,-80,102,-48,-95,12,-46,-28,-1,
-13,-30,-75,20,-83,96,75,40,65,58,-39,8,-43,-79,97,-47,-94,8,-48,-31,-1,
-5,-67,91,24,13,38,16,43,-96,-88,37,72,-53,-96,72,-96,58,-82,-18,74,1,
-13,-19,-71,22,-78,95,79,31,69,58,-33,9,-40,-76,103,-43,-90,9,-47,-28,-1,
-14,-27,-74,24,-80,94,80,33,65,62,-33,2,-42,-77,103,-54,-97,12,-49,-33,-1,
-13,-23,-69,18,-81,95,80,35,66,59,-30,5,-41,-75,102,-45,-91,8,-42,-28,-1,
-2,-67,96,29,17,39,10,46,-95,-86,40,77,-51,-98,71,-95,65,-81,-14,73,1,
-15,-21,-70,23,-77,94,76,32,65,61,-32,3,-40,-74,99,-47,-91,9,-46,-28,-1,
-13,-25,-71,21,-82,99,79,31,64,62,-38,3,-43,-78,104,-53,-96,11,-47,-31,-1,
-2,-70,97,29,12,42,10,46,-91,-88,44,74,-58,-92,76,-95,61,-82,-18,76,1,
-8,-66,93,25,15,38,7,47,-94,-90,34,78,-53,-98,74,-95,66,-80,-15,73,1,
-7,-70,89,27,11,38,9,47,-93,-89,33,76,-52,-94,71,-94,59,-81,-19,79,1,
-14,-22,-73,19,-82,98,74,29,70,59,-30,5,-39,-77,100,-45,-94,9,-43,-29,-1,
-3,-68,98,26,14,42,11,46,-91,-87,38,78,-50,-97,75,-95,58,-82,-17,80,1,
-9,-23,-73,22,-83,99,74,34,67,60,-35,9,-41,-79,99,-46,-93,11,-43,-28,-1,
-2,-66,95,30,13,40,7,49,-94,-87,35,80,-53,-92,75,-94,66,-78,-15,78,1,
0,-69,94,28,12,40,3,45,-95,-88,44,78,-56,-96,72,-97,62,-80,-17,73,1,
-10,-27,-72,20,-82,98,78,37,68,60,-32,7,-40,-76,103,-53,-89,11,-44,-29,-1,
-7,-71,93,24,11,36,6,43,-94,-94,38,70,-57,-99,71,-98,59,-82,-18,79,1,
-12,-23,-75,24,-83,95,77,34,64,58,-36,7,-43,-77,100,-46,-96,10,-45,-30,-1,
-8,-24,-69,21,-78,96,79,36,66,63,-35,2,-44,-73,99,-48,-90,12,-47,-31,-1,
-7,-70,96,26,14,37,12,44,-95,-91,37,69,-52,-97,71,-95,62,-80,-18,75,1,
-13,-26,-75,22,-77,95,80,29,67,62,-32,7,-40,-78,101,-48,-93,7,-43,-30,-1,
-15,-24,-70,18,-85,96,75,31,66,58,-34,5,-41,-80,103,-50,-93,10,-47,-30,-1,
-11,-24,-72,24,-81,98,74,33,67,58,-33,3,-38,-77,100,-46,-93,11,-48,-29,-1,
-2,-68,94,29,15,41,14,47,-95,-84,38,76,-54,-94,77,-94,63,-82,-17,78,1,
-3,-71,94,26,13,42,9,47,-93,-88,41,75,-52,-94,74,-96,57,-80,-15,81,1,
-10,-19,-68,24,-81,98,75,34,65,60,-37,8,-46,-77,99,-44,-92,11,-46,-31,-1,
-13,-17,-72,19,-80,98,80,29,69,61,-36,8,-41,-78,104,-42,-94,11,-45,-28,-1,
-2,-68,92,26,13,39,8,48,-93,-88,37,73,-53,-97,72,-95,64,-80,-18,81,1,
-13,-20,-71,25,-80,95,74,40,65,62,-33,8,-38,-75,106,-52,-88,11,-48,-26,-1,
-11,-23,-71,14,-79,98,81,30,69,60,-34,7,-38,-78,104,-46,-91,8,-44,-28,-1,
2,-68,91,28,17,43,5,50,-93,-86,37,77,-52,-93,71,-95,70,-81,-14,80,1,
-14,-24,-72,19,-80,97,76,32,69,60,-35,6,-42,-76,97,-45,-95,10,-46,-30,-1,
-1,-68,93,29,14,43,9,46,-93,-91,38,80,-51,-95,73,-95,60,-82,-15,73,1,
-12,-20,-69,21,-82,95,76,28,66,61,-34,8,-42,-73,99,-43,-97,10,-46,-28,-1,
0,-69,98,23,18,40,10,46,-92,-93,40,76,-52,-94,73,-96,64,-81,-14,80,1,
-5,-67,93,29,16,42,10,46,-93,-86,37,79,-53,-92,76,-96,60,-82,-13,75,1,
-17,-26,-74,23,-83,94,80,31,64,58,-37,3,-41,-81,99,-49,-94,8,-48,-31,-1,
0,-70,100,26,18,40,11,47,-92,-86,35,74,-51,-93,75,-98,65,-81,-15,75,1,
-1,-70,94,28,15,41,7,49,-91,-92,45,75,-51,-94,72,-95,68,-80,-13,78,1,
-2,-67,98,30,17,40,13,46,-94,-85,34,77,-51,-93,76,-95,65,-80,-15,82,1,
-11,-26,-70,23,-84,91,79,33,63,58,-35,10,-45,-73,101,-50,-90,10,-50,-28,-1,
-2,-70,97,27,18,43,8,47,-92,-85,37,71,-48,-97,78,-97,67,-82,-15,77,1,
-2,-70,97,25,16,37,7,48,-94,-83,40,75,-55,-93,70,-93,64,-79,-18,81,1,
-3,-68,96,27,13,43,12,46,-97,-82,42,72,-51,-95,74,-96,66,-80,-16,75,1,
-10,-23,-76,18,-82,97,77,33,65,59,-39,4,-44,-82,101,-52,-93,7,-44,-34,-1,
-4,-68,91,28,14,39,9,48,-93,-87,37,76,-50,-97,74,-96,68,-80,-20,81,1,
-12,-24,-73,19,-80,97,77,34,68,59,-33,3,-37,-78,98,-47,-91,8,-46,-29,-1,
0,-67,92,28,13,40,11,49,-92,-86,40,77,-50,-95,73,-94,68,-78,-16,81,1,
-11,-25,-72,25,-85,93,77,30,65,58,-35,6,-42,-76,99,-50,-91,10,-50,-31,-1,
-7,-24,-73,20,-81,96,71,30,67,60,-34,7,-41,-72,99,-47,-92,10,-48,-30,-1,
-2,-73,92,27,17,40,6,44,-93,-95,37,74,-54,-95,70,-96,61,-79,-17,85,1,
-4,-71,95,31,12,41,3,47,-94,-91,39,75,-56,-94,73,-95,63,-81,-15,75,1,
-12,-29,-74,18,-82,96,79,34,66,59,-37,6,-41,-78,97,-51,-93,9,-47,-28,-1,
-13,-17,-72,24,-79,94,81,31,68,62,-36,12,-44,-73,97,-42,-95,11,-44,-27,-1,
-2,-68,93,31,11,42,9,45,-94,-93,36,77,-51,-96,73,-97,60,-82,-16,74,1,
-10,-23,-72,27,-84,98,83,30,66,63,-36,11,-40,-75,103,-48,-92,11,-43,-27,-1,
-8,-25,-74,17,-81,99,76,36,67,59,-35,5,-39,-78,99,-52,-89,8,-45,-31,-1,
-1,-72,91,28,13,41,10,44,-95,-92,39,73,-59,-95,72,-98,63,-83,-16,75,1,
-1,-68,99,26,18,43,7,47,-89,-88,41,76,-54,-91,77,-93,61,-81,-13,83,1,
-17,-18,-74,22,-83,96,76,36,67,58,-33,6,-42,-74,99,-48,-95,11,-47,-29,-1,
-12,-23,-73,16,-80,95,74,28,68,57,-35,5,-44,-78,96,-49,-96,7,-44,-33,-1,
-6,-23,-70,21,-79,97,75,34,67,60,-32,6,-40,-76,100,-48,-91,11,-44,-29,-1,
0,-66,87,29,12,41,9,45,-91,-91,36,77,-54,-94,74,-94,60,-82,-18,85,1,
-11,-25,-67,16,-81,90,76,31,65,59,-29,6,-42,-74,99,-48,-96,9,-47,-28,-1,
0,-68,97,27,15,43,12,49,-91,-86,38,77,-53,-93,75,-93,68,-83,-17,80,1,
-10,-25,-73,22,-79,97,77,38,64,61,-35,7,-41,-76,98,-48,-95,9,-47,-30,-1,
-13,-24,-67,17,-79,94,78,36,66,60,-35,6,-40,-73,99,-49,-89,9,-50,-26,-1,
-10,-26,-72,22,-82,95,79,27,66,59,-34,7,-48,-75,100,-48,-92,11,-43,-31,-1,
-10,-22,-74,23,-79,99,78,38,68,60,-32,8,-36,-79,107,-49,-92,11,-47,-28,-1,
-7,-20,-73,22,-81,100,77,35,67,59,-32,8,-40,-74,100,-46,-95,11,-43,-28,-1,
-6,-25,-73,23,-82,100,77,37,66,61,-36,4,-40,-76,96,-45,-90,11,-42,-29,-1,
1,-64,97,32,20,41,15,49,-93,-85,41,80,-51,-92,77,-92,61,-80,-11,80,1,
0,-74,94,28,15,39,2,46,-96,-93,37,68,-54,-95,70,-96,66,-81,-18,75,1,
-4,-67,97,25,14,36,11,46,-93,-88,33,77,-52,-98,75,-96,62,-81,-16,72,1,
-6,-70,95,29,16,44,9,50,-93,-89,47,72,-52,-90,70,-91,66,-80,-15,80,1,
-8,-23,-75,25,-75,96,77,39,67,60,-34,3,-40,-75,98,-46,-92,12,-48,-30,-1,
-2,-70,95,27,18,41,9,48,-93,-95,40,78,-56,-95,72,-96,68,-83,-16,79,1,
-12,-32,-75,22,-86,97,75,34,66,58,-39,7,-40,-76,94,-47,-94,10,-50,-29,-1,
-3,-67,98,30,18,40,17,47,-90,-91,41,75,-51,-90,76,-94,71,-82,-13,73,1,
-10,-18,-71,27,-79,98,80,37,69,61,-34,7,-38,-77,100,-45,-89,14,-43,-25,-1,
-7,-68,92,27,15,38,9,48,-96,-87,34,79,-54,-100,75,-97,66,-83,-16,75,1,
-6,-68,95,25,16,39,4,46,-94,-90,38,77,-56,-94,73,-96,65,-82,-15,76,1,
-5,-68,97,27,15,38,10,48,-92,-87,40,74,-53,-92,75,-95,63,-80,-19,84,1,
-4,-74,94,26,14,38,7,47,-92,-91,39,74,-55,-95,71,-97,53,-81,-20,79,1,
-11,-25,-73,24,-80,100,80,38,68,61,-35,6,-39,-78,105,-47,-94,14,-48,-26,-1,
-11,-24,-72,18,-83,98,76,33,67,61,-36,6,-43,-77,99,-48,-95,11,-47,-31,-1,
-7,-24,-73,18,-79,97,78,31,67,61,-33,5,-40,-75,99,-47,-93,9,-48,-31,-1,
-12,-25,-72,21,-83,97,77,33,64,60,-36,5,-44,-80,100,-45,-93,9,-43,-30,-1,
-11,-23,-74,19,-81,94,74,31,65,57,-37,6,-45,-78,97,-48,-93,10,-47,-29,-1,
-9,-28,-73,15,-78,95,76,32,66,59,-37,5,-43,-79,101,-45,-94,7,-48,-32,-1,
-2,-68,96,26,15,40,7,49,-93,-90,38,75,-51,-96,75,-97,63,-84,-16,76,1,
-3,-68,97,28,13,40,11,46,-92,-84,39,74,-52,-94,76,-91,62,-81,-19,79,1,
-5,-66,98,28,14,44,10,47,-93,-86,40,77,-53,-91,78,-95,66,-80,-14,80,1,
1,-68,95,27,15,42,5,48,-94,-88,41,73,-55,-94,73,-95,64,-80,-17,80,1,
1,-68,93,27,20,40,8,48,-93,-86,33,76,-52,-94,72,-96,63,-80,-13,81,1,
0,-68,96,24,15,41,3,49,-92,-90,36,72,-53,-92,70,-94,66,-81,-17,82,1,
-7,-70,96,29,13,38,9,46,-93,-86,37,77,-56,-95,77,-96,63,-82,-18,75,1,
1,-69,95,25,17,38,7,46,-90,-89,37,76,-54,-96,76,-96,64,-84,-18,82,1,
1,-68,91,30,13,43,9,49,-91,-85,40,73,-50,-94,74,-92,63,-80,-16,79,1,
-7,-68,92,27,12,41,14,46,-95,-86,37,74,-51,-94,74,-95,63,-82,-18,75,1,
-3,-69,101,31,16,40,8,46,-91,-84,39,76,-54,-95,80,-94,61,-81,-15,80,1,
-10,-23,-70,23,-81,96,77,37,65,62,-33,5,-40,-77,102,-47,-97,10,-46,-30,-1,
-11,-21,-74,25,-81,98,79,32,67,63,-35,4,-41,-74,99,-47,-101,12,-47,-31,-1,
-10,-22,-70,18,-78,95,81,33,65,61,-32,5,-45,-72,100,-44,-94,10,-44,-28,-1,
-17,-24,-78,19,-83,97,76,38,65,59,-39,7,-44,-78,100,-51,-91,9,-47,-28,-1,
-2,-70,94,30,15,43,12,45,-91,-85,38,74,-52,-92,74,-96,66,-82,-16,79,1,
-4,-71,95,30,11,39,10,43,-97,-94,34,74,-56,-95,71,-95,60,-79,-19,72,1,
-14,-30,-71,18,-79,96,78,39,66,60,-33,4,-44,-75,100,-46,-93,11,-47,-30,-1,
-11,-22,-72,27,-84,95,77,35,65,58,-37,8,-44,-75,98,-46,-96,11,-48,-30,-1,
0,-71,93,28,15,41,7,50,-90,-89,41,78,-51,-94,75,-94,58,-79,-12,82,1,
-11,-23,-71,25,-80,95,76,31,66,63,-34,9,-40,-75,100,-49,-89,10,-46,-29,-1,
-4,-70,97,28,15,40,12,48,-93,-93,48,76,-52,-93,71,-92,62,-81,-15,76,1,
-5,-67,96,26,17,42,7,46,-94,-88,37,75,-53,-92,71,-98,67,-80,-15,83,1,
-5,-67,98,33,15,38,11,47,-95,-92,38,83,-55,-90,75,-95,60,-81,-16,70,1,
-8,-70,91,26,14,42,11,48,-91,-87,41,75,-50,-94,76,-95,67,-81,-15,83,1,
-8,-28,-69,23,-81,98,76,34,68,61,-31,6,-42,-75,100,-44,-91,13,-42,-30,-1,
-11,-21,-75,14,-82,94,73,38,66,59,-37,7,-44,-74,94,-48,-95,6,-46,-33,-1,
-6,-25,-73,20,-84,97,77,32,66,59,-37,4,-40,-78,97,-48,-91,10,-47,-31,-1,
-9,-66,97,27,14,40,11,46,-95,-88,40,72,-50,-93,74,-95,65,-79,-13,80,1,
-12,-26,-71,18,-86,94,78,27,66,56,-36,7,-41,-76,98,-48,-90,6,-49,-30,-1,
-1,-69,98,30,15,44,13,49,-91,-87,44,76,-52,-92,75,-93,61,-79,-14,79,1,
-9,-25,-72,20,-81,95,78,32,65,61,-34,9,-41,-74,101,-47,-93,9,-46,-28,-1,
-1,-73,95,28,17,37,11,49,-93,-91,39,73,-53,-96,70,-96,61,-81,-17,78,1,
-9,-22,-69,20,-81,100,73,32,69,60,-31,3,-42,-74,103,-46,-94,14,-44,-31,-1,
3,-70,96,32,20,44,10,49,-94,-87,41,75,-52,-91,72,-93,67,-78,-12,80,1,
-5,-70,95,32,14,42,8,47,-94,-90,40,76,-53,-94,73,-95,68,-80,-14,76,1,
-13,-23,-70,21,-83,95,78,35,66,59,-32,8,-43,-77,104,-47,-92,12,-46,-27,-1,
-13,-27,-72,19,-76,91,76,33,65,57,-34,2,-43,-77,99,-48,-97,9,-54,-32,-1,
-7,-70,92,30,15,40,8,49,-93,-85,36,79,-51,-96,76,-95,69,-83,-16,78,1,
-11,-25,-68,19,-77,95,78,32,67,60,-30,3,-40,-75,100,-46,-90,10,-47,-30,-1,
-1,-71,98,28,16,43,1,46,-93,-90,36,74,-55,-92,73,-96,69,-82,-16,80,1,
4,-71,98,30,18,43,12,46,-92,-85,37,77,-47,-93,76,-97,66,-77,-13,78,1,
-4,-69,94,24,17,39,12,47,-90,-87,36,78,-50,-98,76,-97,69,-83,-15,80,1,
-2,-65,95,32,14,41,9,50,-93,-89,37,80,-49,-92,72,-90,60,-79,-15,79,1,
-11,-24,-73,20,-79,94,74,36,66,58,-35,7,-42,-79,99,-50,-94,10,-47,-29,-1,
-11,-25,-67,23,-82,97,83,35,67,58,-33,8,-42,-76,100,-43,-92,10,-42,-27,-1,
-13,-24,-71,22,-82,94,77,31,68,57,-34,7,-43,-78,96,-45,-90,9,-44,-30,-1,
-12,-28,-77,17,-78,97,78,32,66,58,-36,4,-43,-79,101,-48,-92,8,-44,-31,-1,
-4,-68,94,32,16,38,5,47,-96,-92,38,79,-58,-94,72,-97,66,-80,-16,77,1,
-9,-25,-72,22,-85,98,76,34,66,65,-35,9,-42,-74,102,-50,-92,12,-42,-28,-1,
0,-69,95,27,16,40,8,49,-93,-87,36,80,-54,-98,77,-96,66,-83,-16,75,1,
0,-67,97,28,17,41,15,48,-93,-83,39,78,-52,-94,75,-93,63,-80,-15,79,1,
-9,-29,-74,24,-81,95,78,35,66,61,-33,4,-39,-77,102,-48,-90,11,-48,-28,-1,
0,-69,97,29,15,39,4,47,-93,-87,37,77,-55,-93,72,-96,55,-81,-16,70,1,
-1,-67,96,29,17,37,11,47,-91,-89,31,78,-54,-95,76,-95,64,-81,-16,81,1,
-14,-28,-73,21,-78,92,78,36,65,60,-35,8,-44,-79,100,-51,-90,8,-47,-31,-1,
-13,-22,-69,17,-80,95,80,33,66,62,-35,4,-42,-77,99,-50,-97,11,-46,-29,-1,
-6,-66,102,30,18,42,8,48,-93,-84,35,78,-51,-91,74,-92,69,-80,-13,78,1,
-10,-27,-73,20,-82,95,79,34,67,60,-31,4,-42,-74,101,-49,-91,9,-45,-32,-1,
4,-71,92,30,16,40,8,48,-92,-87,38,74,-54,-98,77,-96,63,-81,-16,79,1,
-1,-70,101,34,16,41,11,48,-91,-88,45,74,-53,-93,79,-93,65,-79,-15,81,1,
-10,-70,92,24,13,42,12,46,-96,-86,40,72,-54,-95,74,-97,64,-81,-17,79,1,
-11,-25,-75,18,-86,95,76,36,65,58,-35,4,-38,-78,101,-52,-91,8,-49,-30,-1,
-4,-67,89,32,13,41,11,48,-93,-87,37,77,-50,-94,73,-94,64,-79,-15,81,1,
-2,-73,100,28,18,41,8,49,-92,-93,43,74,-55,-92,73,-94,60,-81,-16,79,1,
-7,-26,-73,21,-83,95,78,31,65,58,-38,6,-43,-74,97,-48,-90,12,-50,-27,-1,
-13,-27,-73,21,-83,92,78,31,63,60,-38,5,-47,-78,99,-49,-96,8,-48,-34,-1,
-15,-18,-70,24,-83,96,75,31,69,60,-32,9,-40,-78,101,-48,-92,10,-46,-32,-1,
-8,-71,96,23,12,37,4,47,-96,-92,36,74,-56,-95,72,-99,58,-80,-17,76,1,
-1,-70,95,32,12,38,2,48,-94,-91,34,76,-55,-94,72,-92,62,-80,-20,76,1,
-4,-71,96,28,16,42,10,49,-93,-89,40,77,-52,-90,73,-95,63,-81,-15,78,1,
-4,-66,89,26,11,40,15,47,-93,-86,42,73,-53,-95,74,-94,59,-83,-17,81,1,
-16,-24,-69,23,-85,97,75,35,66,60,-32,5,-40,-76,101,-46,-92,9,-46,-31,-1,
-4,-69,93,30,17,41,7,48,-94,-91,36,76,-49,-94,73,-94,64,-80,-13,76,1,
-16,-21,-71,22,-83,94,77,32,66,58,-35,8,-44,-79,101,-49,-90,10,-46,-29,-1,
-9,-24,-74,27,-80,98,83,33,68,61,-37,10,-37,-78,101,-47,-88,10,-45,-26,-1,
-13,-28,-73,20,-85,91,78,30,65,59,-35,7,-44,-73,97,-52,-91,9,-49,-30,-1,
-2,-70,95,27,17,39,6,47,-93,-86,37,74,-54,-94,72,-96,66,-79,-14,84,1,
-13,-22,-71,15,-83,100,69,35,68,59,-36,6,-38,-79,98,-48,-92,9,-47,-30,-1,
1,-68,88,26,13,42,6,49,-94,-87,44,73,-52,-96,71,-96,62,-83,-17,75,1,
-9,-29,-71,21,-79,96,79,34,68,62,-33,9,-40,-73,100,-42,-92,10,-46,-28,-1,
-5,-69,95,22,11,41,11,45,-93,-85,38,74,-50,-96,76,-96,62,-80,-19,81,1,
-11,-24,-74,23,-79,96,79,33,67,59,-35,5,-41,-77,100,-44,-92,10,-47,-30,-1,
-13,-16,-73,21,-78,97,77,34,67,63,-38,8,-41,-76,102,-48,-94,11,-49,-28,-1,
-4,-22,-73,25,-81,101,77,36,70,61,-33,6,-38,-76,100,-45,-91,13,-42,-29,-1,
-3,-70,97,30,16,42,14,44,-94,-86,30,78,-51,-95,76,-97,61,-82,-15,76,1,
-3,-70,96,27,15,43,11,44,-89,-87,41,72,-54,-90,75,-96,64,-84,-15,74,1,
-4,-73,96,30,16,42,5,49,-96,-87,37,78,-51,-95,76,-95,62,-80,-13,77,1,
-12,-23,-71,27,-87,92,77,28,66,53,-34,8,-44,-77,97,-45,-94,9,-49,-32,-1,
0,-70,98,27,15,40,9,44,-90,-91,42,73,-57,-90,74,-97,61,-80,-17,78,1,
-4,-67,93,27,15,42,9,46,-93,-86,38,77,-54,-94,73,-94,60,-82,-15,77,1,
-15,-21,-74,23,-83,98,78,38,66,60,-35,7,-43,-77,99,-46,-93,10,-43,-29,-1,
-6,-20,-74,21,-79,95,81,32,67,60,-34,5,-41,-73,98,-49,-95,10,-46,-30,-1,
-1,-71,97,27,15,43,8,45,-94,-85,37,74,-55,-96,79,-97,63,-79,-15,86,1,
-3,-28,-71,23,-81,99,79,37,68,61,-31,7,-37,-72,101,-45,-93,13,-46,-28,-1,
-6,-68,95,30,14,42,10,48,-94,-88,41,77,-54,-92,74,-94,63,-82,-16,76,1,
-7,-25,-75,23,-84,98,78,32,68,60,-36,8,-42,-75,95,-46,-94,9,-43,-32,-1,
-10,-20,-70,19,-80,97,77,35,70,62,-33,8,-36,-74,97,-47,-89,10,-46,-26,-1,
0,-67,97,34,12,43,8,50,-93,-87,42,77,-51,-92,74,-92,64,-76,-13,84,1,
-8,-22,-73,23,-81,96,77,36,66,59,-32,7,-38,-77,102,-47,-89,10,-46,-28,-1,
-4,-67,98,29,16,41,10,47,-91,-90,40,74,-54,-92,76,-92,62,-81,-16,82,1,
-1,-69,96,27,15,38,3,47,-93,-90,37,75,-55,-93,71,-94,62,-80,-17,77,1,
-1,-68,95,27,14,39,13,48,-94,-84,38,74,-50,-97,72,-92,62,-78,-15,79,1,
-1,-69,97,31,15,40,8,47,-92,-90,35,79,-54,-93,75,-95,61,-81,-15,77,1,
-2,-64,95,27,15,42,14,48,-94,-90,44,77,-52,-93,71,-91,64,-81,-14,75,1,
0,-69,95,31,16,43,9,49,-93,-87,37,77,-49,-95,77,-95,66,-81,-17,82,1,
-1,-70,94,30,17,41,11,49,-92,-85,36,76,-52,-93,75,-97,69,-82,-16,83,1,
-16,-26,-71,22,-79,95,82,34,66,62,-34,6,-39,-78,98,-48,-90,7,-44,-27,-1,
-12,-26,-74,18,-85,93,77,29,65,55,-35,5,-41,-78,99,-45,-96,6,-50,-32,-1,
-12,-24,-73,19,-82,98,78,34,68,61,-31,3,-39,-77,99,-48,-94,12,-42,-28,-1,
-9,-22,-74,23,-84,97,78,37,67,61,-33,5,-39,-74,103,-48,-88,10,-47,-31,-1,
-9,-27,-72,22,-82,98,79,36,67,63,-40,7,-44,-74,93,-45,-96,12,-45,-31,-1,
-13,-25,-74,23,-83,97,74,36,67,57,-36,7,-40,-80,99,-44,-93,9,-47,-29,-1,
-9,-16,-74,18,-82,99,76,33,70,59,-34,9,-39,-71,97,-44,-93,10,-42,-26,-1,
-3,-67,100,28,13,40,10,45,-94,-87,34,75,-54,-94,75,-95,64,-80,-17,76,1,
-12,-23,-69,20,-88,97,77,33,67,60,-36,7,-40,-77,98,-43,-93,9,-44,-29,-1,
-5,-69,96,28,16,38,9,47,-91,-88,38,76,-53,-97,74,-93,68,-83,-15,78,1,
-9,-21,-70,20,-83,99,74,37,67,63,-36,9,-40,-77,102,-45,-95,10,-44,-28,-1,
-5,-69,95,29,16,39,10,48,-93,-93,37,73,-52,-96,73,-94,64,-83,-17,75,1,
-2,-69,93,29,17,42,8,46,-92,-90,39,75,-56,-93,74,-93,63,-82,-14,77,1,
-4,-69,96,25,15,41,6,49,-93,-89,39,71,-53,-95,74,-95,64,-82,-18,79,1,
-11,-23,-73,26,-83,98,80,34,66,63,-33,6,-42,-72,99,-51,-92,14,-44,-27,-1,
-9,-68,97,26,15,38,10,47,-92,-93,39,74,-52,-90,69,-94,67,-81,-18,81,1,
-14,-26,-75,23,-88,95,76,34,63,57,-35,4,-43,-77,96,-50,-99,8,-45,-32,-1,
-9,-26,-71,17,-81,94,78,32,65,58,-30,8,-41,-72,99,-45,-94,8,-47,-27,-1,
-5,-66,96,29,19,42,13,49,-94,-88,38,81,-51,-93,73,-93,65,-83,-14,78,1,
-11,-21,-75,21,-80,100,81,34,68,60,-34,4,-39,-77,101,-47,-94,10,-44,-30,-1,
-11,-21,-77,23,-81,96,82,32,67,57,-31,4,-36,-79,104,-48,-92,8,-44,-29,-1,
-4,-71,99,29,13,40,5,44,-93,-90,39,77,-54,-97,76,-95,60,-81,-19,78,1,
-4,-66,92,29,15,40,12,47,-94,-88,38,76,-52,-98,74,-94,61,-80,-13,79,1,
-9,-74,93,24,16,42,8,45,-95,-87,30,73,-54,-96,75,-100,61,-86,-18,72,1,
-4,-69,96,32,17,40,17,49,-92,-84,36,79,-46,-93,75,-95,71,-76,-13,80,1,
-16,-20,-73,21,-79,97,77,37,66,59,-35,7,-41,-74,101,-49,-91,9,-47,-29,-1,
-13,-23,-76,24,-86,95,78,35,64,61,-37,3,-44,-77,93,-47,-98,10,-46,-33,-1,
-3,-71,92,24,14,40,8,45,-96,-93,35,74,-53,-96,67,-98,64,-81,-16,75,1,
-11,-22,-74,25,-83,97,79,37,67,65,-35,6,-37,-75,105,-52,-92,12,-47,-27,-1,
-9,-19,-74,26,-85,96,77,40,67,61,-38,11,-37,-77,102,-48,-91,9,-46,-27,-1,
-7,-26,-69,26,-76,99,76,41,71,61,-28,8,-33,-75,102,-41,-88,12,-45,-27,-1,
-12,-17,-77,28,-80,100,84,34,71,60,-34,11,-36,-75,105,-43,-90,11,-42,-26,-1,
-18,-24,-77,23,-83,91,73,26,67,58,-33,5,-41,-79,98,-55,-93,9,-48,-32,-1,
-3,-69,91,30,13,42,14,47,-92,-88,41,77,-51,-95,75,-94,62,-80,-15,77,1,
-11,-18,-73,25,-82,96,80,38,67,59,-34,6,-43,-75,102,-51,-93,13,-46,-30,-1,
-6,-24,-70,22,-80,97,81,36,69,63,-34,7,-39,-74,99,-43,-95,13,-43,-28,-1,
-12,-25,-71,18,-78,93,74,35,67,61,-36,5,-41,-79,100,-49,-98,12,-51,-30,-1,
-7,-68,90,28,14,42,7,46,-93,-88,38,75,-53,-93,69,-94,59,-82,-19,80,1,
-9,-20,-73,22,-78,95,76,31,68,61,-31,7,-41,-77,101,-46,-95,9,-43,-31,-1,
-4,-68,89,27,14,38,5,45,-94,-88,36,75,-51,-97,71,-95,65,-80,-14,73,1,
-2,-69,95,31,18,43,10,48,-93,-86,36,79,-52,-91,73,-95,65,-80,-15,81,1,
0,-67,97,28,14,43,13,47,-90,-84,41,74,-51,-95,77,-95,64,-82,-13,80,1,
-2,-70,97,28,17,41,4,46,-94,-91,37,73,-53,-94,74,-97,66,-80,-15,77,1,
-1,-66,95,30,14,43,6,46,-93,-90,34,78,-53,-89,72,-93,62,-80,-12,74,1,
-6,-71,99,26,16,39,11,46,-93,-92,38,75,-54,-93,71,-95,64,-81,-14,77,1,
-4,-68,96,27,16,42,14,46,-95,-87,35,83,-55,-94,74,-100,67,-82,-16,78,1,
0,-69,98,29,15,40,11,46,-93,-89,41,75,-52,-93,75,-93,60,-78,-13,75,1,
-5,-24,-67,15,-79,95,77,35,67,63,-31,7,-46,-72,101,-46,-93,12,-43,-29,-1,
-2,-72,97,29,13,44,7,45,-94,-86,41,76,-56,-95,77,-97,65,-81,-15,77,1,
0,-69,93,30,14,42,9,47,-94,-85,38,74,-55,-94,75,-98,61,-82,-17,76,1,
-15,-19,-74,23,-85,93,79,30,67,55,-34,9,-40,-74,98,-48,-94,9,-48,-27,-1,
-12,-24,-73,19,-82,97,78,34,67,62,-34,7,-40,-77,101,-46,-93,8,-44,-30,-1,
-9,-22,-72,24,-79,94,80,35,64,62,-37,5,-45,-74,97,-46,-91,11,-44,-29,-1,
-2,-69,96,29,13,40,7,46,-92,-89,39,78,-52,-95,75,-94,63,-79,-17,80,1,
-16,-24,-73,18,-84,95,79,29,66,59,-33,4,-40,-73,101,-50,-97,9,-47,-29,-1,
0,-71,98,27,17,43,9,49,-94,-91,42,79,-53,-93,73,-94,68,-81,-13,77,1,
-7,-70,97,27,17,40,10,45,-95,-88,33,76,-55,-99,73,-96,65,-83,-18,79,1,
-9,-30,-73,20,-85,99,76,40,66,58,-35,7,-38,-81,100,-49,-90,8,-45,-31,-1,
-12,-21,-72,21,-86,95,79,34,66,57,-34,4,-40,-74,102,-49,-94,11,-48,-30,-1,
-12,-24,-71,19,-83,96,78,28,68,61,-36,7,-41,-73,101,-47,-97,9,-45,-30,-1,
-15,-21,-71,20,-82,96,75,32,66,62,-35,6,-43,-74,102,-52,-89,11,-46,-29,-1,
-1,-70,101,31,16,43,4,47,-95,-87,33,78,-51,-93,75,-96,67,-79,-15,74,1,
-1,-69,104,24,16,41,10,45,-92,-87,38,74,-53,-95,77,-95,65,-79,-14,80,1,
-1,-72,95,30,13,40,10,46,-95,-88,37,74,-51,-97,72,-93,61,-80,-18,75,1,
-13,-27,-72,17,-82,95,76,32,65,58,-32,7,-40,-77,102,-49,-92,7,-46,-29,-1,
-9,-25,-69,20,-84,95,80,26,67,58,-33,8,-39,-75,101,-47,-88,8,-46,-28,-1,
-2,-67,96,28,19,40,15,47,-95,-84,34,77,-50,-95,74,-97,66,-81,-15,81,1,
-4,-71,97,26,16,40,9,45,-93,-87,37,71,-51,-90,70,-93,64,-78,-18,83,1,
-13,-25,-70,18,-84,96,72,32,65,61,-38,6,-45,-79,100,-46,-100,10,-48,-34,-1,
-8,-23,-72,20,-82,99,78,32,66,60,-35,8,-39,-75,102,-48,-90,8,-45,-29,-1,
-9,-31,-69,20,-82,94,78,31,64,62,-38,7,-46,-79,92,-46,-93,9,-44,-30,-1,
-12,-29,-74,26,-83,96,75,33,63,57,-36,4,-41,-77,102,-46,-96,10,-52,-30,-1,
-9,-25,-72,26,-82,96,79,38,66,59,-35,8,-41,-76,101,-43,-95,12,-48,-27,-1,
-3,-70,94,24,10,40,6,46,-96,-89,42,73,-51,-97,73,-96,63,-79,-19,78,1,
-9,-24,-73,19,-85,99,78,31,67,60,-34,6,-39,-74,102,-49,-96,10,-46,-30,-1,
-9,-24,-71,17,-81,100,76,36,68,63,-33,5,-41,-74,96,-49,-94,12,-44,-29,-1,
-7,-27,-75,19,-81,100,72,38,69,60,-33,6,-39,-76,98,-46,-97,11,-43,-31,-1,
0,-69,97,28,18,39,11,50,-91,-87,38,78,-52,-93,76,-95,66,-80,-17,81,1,
-14,-21,-75,25,-81,99,78,36,70,60,-33,8,-41,-76,99,-43,-92,11,-44,-31,-1,
-4,-64,94,32,15,37,4,48,-94,-88,38,81,-53,-95,75,-92,65,-82,-14,71,1,
-6,-70,97,22,15,40,1,44,-95,-90,36,73,-54,-99,71,-98,63,-83,-18,72,1,
-11,-23,-74,20,-86,97,75,32,68,57,-35,5,-38,-78,101,-50,-92,10,-47,-29,-1,
-7,-66,96,30,14,41,12,48,-93,-89,38,78,-53,-92,74,-94,66,-83,-17,74,1,
-3,-68,98,29,15,39,5,49,-93,-87,35,77,-52,-96,76,-94,63,-82,-19,76,1,
3,-69,96,27,17,43,9,50,-93,-87,38,77,-47,-93,71,-93,59,-80,-14,78,1,
-7,-67,91,30,16,39,8,45,-94,-89,32,75,-54,-92,71,-95,60,-82,-17,80,1,
1,-71,94,28,16,42,8,48,-93,-92,43,73,-49,-91,70,-94,62,-79,-14,78,1,
-9,-23,-75,19,-83,96,78,37,65,62,-39,5,-41,-77,98,-53,-90,10,-45,-29,-1,
-7,-65,94,27,12,40,10,48,-95,-87,41,78,-56,-94,74,-93,63,-80,-15,79,1,
-3,-66,95,28,15,41,12,46,-94,-86,40,73,-53,-94,77,-94,67,-80,-12,78,1,
-7,-67,100,26,15,41,13,44,-94,-85,38,76,-51,-94,76,-95,62,-80,-15,79,1,
-5,-68,95,31,15,41,9,44,-94,-90,39,75,-52,-94,76,-94,63,-81,-15,77,1,
-15,-24,-70,22,-84,94,77,33,65,58,-33,8,-41,-74,98,-47,-91,8,-49,-30,-1,
0,-70,92,27,14,39,13,45,-94,-91,40,74,-55,-97,72,-95,65,-81,-17,75,1,
-15,-19,-72,21,-83,97,78,33,67,62,-37,10,-40,-76,100,-47,-96,10,-47,-27,-1,
-8,-70,92,21,14,41,7,48,-93,-88,36,77,-54,-95,75,-98,62,-84,-17,76,1,
-13,-20,-71,26,-82,97,81,39,65,60,-33,3,-37,-80,104,-50,-95,12,-49,-28,-1,
-15,-22,-72,26,-78,95,81,35,65,60,-31,3,-38,-77,103,-46,-95,11,-48,-27,-1,
-8,-23,-77,24,-80,100,75,35,68,60,-35,6,-41,-79,102,-48,-88,11,-43,-30,-1,
-15,-23,-78,21,-83,95,75,36,65,59,-37,7,-45,-78,101,-47,-96,10,-44,-30,-1,
-7,-70,93,31,13,40,13,45,-94,-89,46,73,-53,-94,74,-93,66,-80,-17,77,1,
-2,-72,97,26,15,41,7,46,-95,-91,33,74,-55,-99,74,-97,56,-84,-19,76,1,
-4,-72,98,32,18,42,6,48,-93,-89,43,73,-54,-92,74,-97,66,-82,-12,75,1,
-5,-70,100,27,19,39,6,51,-94,-85,40,76,-53,-92,71,-94,66,-81,-16,80,1,
-4,-72,94,29,13,36,8,44,-94,-89,28,75,-55,-98,76,-100,57,-82,-21,77,1,
-14,-23,-72,24,-86,100,78,30,68,60,-32,8,-39,-75,100,-45,-93,9,-41,-29,-1,
0,-68,97,24,15,40,7,46,-94,-91,36,76,-55,-95,72,-97,68,-80,-14,78,1,
0,-70,99,34,16,41,12,45,-90,-88,37,74,-49,-93,77,-92,68,-79,-12,81,1,
-4,-69,94,26,12,45,8,46,-93,-87,44,72,-49,-93,73,-94,64,-79,-15,81,1,
-3,-67,92,32,15,39,7,48,-93,-88,34,82,-55,-94,72,-94,63,-81,-18,77,1,
-13,-25,-70,21,-83,94,75,32,67,58,-28,6,-39,-71,97,-44,-93,9,-46,-28,-1,
-7,-23,-75,24,-82,98,78,37,65,61,-38,4,-38,-79,100,-50,-90,11,-47,-29,-1,
-1,-70,96,26,16,40,5,49,-94,-88,38,73,-51,-97,73,-95,62,-80,-14,77,1,
-9,-71,100,29,12,40,11,44,-94,-89,35,73,-53,-94,73,-95,61,-80,-17,75,1,
-5,-73,97,25,16,38,14,46,-92,-88,34,74,-53,-94,72,-96,64,-82,-18,77,1,
-5,-64,94,25,14,38,9,47,-96,-84,35,75,-50,-94,69,-93,58,-80,-18,81,1,
-2,-71,91,30,16,41,6,47,-95,-89,40,75,-56,-94,72,-98,62,-80,-15,78,1,
-20,-21,-74,15,-80,94,76,32,66,59,-37,2,-37,-83,100,-55,-92,7,-48,-28,-1,
1,-67,94,27,17,41,8,48,-94,-85,37,75,-53,-96,74,-96,65,-81,-14,77,1,
-3,-68,93,29,13,39,8,45,-95,-92,40,72,-56,-98,73,-93,55,-81,-15,77,1,
-6,-66,92,29,16,40,14,46,-94,-83,36,78,-50,-94,74,-93,61,-82,-15,73,1,
1,-69,96,27,17,43,9,50,-91,-87,39,75,-51,-93,76,-96,67,-79,-14,83,1,
-14,-17,-71,22,-80,98,77,37,69,63,-35,9,-39,-79,101,-45,-91,10,-43,-28,-1,
-11,-25,-74,27,-85,96,75,36,66,59,-35,9,-44,-79,97,-45,-91,10,-43,-31,-1,
-7,-70,94,25,16,40,7,45,-93,-90,33,77,-51,-96,74,-99,69,-83,-16,73,1,
-9,-27,-72,21,-83,99,79,35,67,62,-35,6,-37,-77,103,-47,-93,10,-46,-29,-1,
-3,-21,-70,23,-77,98,77,34,70,62,-30,9,-39,-71,103,-46,-90,13,-44,-27,-1,
-5,-71,99,28,15,40,8,46,-95,-89,37,75,-54,-95,74,-95,67,-82,-18,74,1,
-4,-68,95,28,16,42,9,48,-94,-89,44,72,-50,-96,72,-93,60,-80,-13,79,1,
-8,-23,-66,21,-83,97,82,35,67,62,-35,8,-40,-74,102,-45,-93,13,-45,-25,-1,
-14,-26,-70,19,-86,96,82,29,67,58,-35,9,-41,-79,105,-53,-91,8,-45,-29,-1,
-4,-68,99,29,13,43,7,45,-96,-93,35,72,-51,-96,73,-96,65,-83,-17,75,1,
2,-71,98,27,19,39,9,47,-93,-95,38,74,-51,-95,71,-93,60,-80,-16,79,1,
-5,-67,95,26,17,37,5,43,-95,-91,35,74,-57,-93,70,-95,61,-81,-16,75,1,
-6,-68,94,28,14,42,10,45,-93,-88,39,73,-53,-94,75,-96,70,-84,-15,73,1,
-10,-21,-70,25,-84,98,78,33,68,64,-35,12,-39,-73,99,-45,-88,11,-44,-26,-1,
-14,-21,-71,21,-81,95,79,38,67,61,-35,8,-38,-77,100,-47,-90,11,-45,-26,-1,
-11,-26,-69,20,-85,95,73,29,66,57,-35,4,-41,-78,97,-49,-95,9,-52,-33,-1,
-10,-24,-71,23,-80,98,74,33,69,61,-32,8,-43,-76,99,-45,-94,11,-44,-31,-1,
0,-67,96,33,19,42,9,48,-91,-84,33,76,-48,-92,76,-94,66,-79,-13,82,1,
-11,-31,-71,22,-83,94,76,34,66,59,-34,4,-40,-78,97,-49,-93,10,-47,-30,-1,
-7,-20,-71,27,-81,96,78,38,67,59,-38,9,-39,-78,96,-44,-92,11,-46,-27,-1,
-3,-69,93,27,14,43,5,46,-92,-90,38,75,-54,-93,72,-96,65,-84,-17,72,1,
-5,-66,94,26,17,38,9,46,-94,-87,31,76,-54,-95,70,-97,64,-82,-16,77,1,
-17,-26,-72,22,-82,92,77,37,65,60,-36,4,-44,-77,98,-49,-94,10,-48,-32,-1,
-6,-69,95,30,16,40,11,49,-90,-88,42,77,-54,-91,77,-94,62,-82,-15,77,1,
-3,-71,95,32,17,40,6,49,-92,-92,38,76,-54,-93,70,-97,67,-82,-18,82,1,
-8,-66,92,29,11,40,11,44,-93,-86,34,76,-51,-96,75,-94,62,-82,-20,77,1,
-11,-26,-70,18,-86,97,74,31,66,57,-36,8,-44,-77,97,-47,-92,9,-45,-30,-1,
2,-70,100,30,16,43,4,49,-92,-85,39,77,-52,-95,75,-95,68,-80,-16,77,1,
-12,-23,-72,21,-80,94,78,37,66,59,-33,7,-41,-74,97,-46,-93,9,-49,-29,-1,
-4,-72,95,30,15,41,7,48,-92,-90,38,74,-55,-91,74,-95,62,-81,-15,79,1,
-4,-68,96,29,16,38,8,46,-90,-87,38,73,-51,-94,74,-93,66,-80,-16,77,1,
-7,-69,92,27,16,40,10,47,-94,-87,38,76,-52,-96,73,-96,67,-83,-16,77,1,
-3,-71,95,31,12,41,5,48,-93,-89,44,76,-54,-94,73,-94,61,-79,-17,80,1,
-16,-24,-70,19,-86,98,78,36,66,59,-36,4,-42,-74,97,-51,-99,12,-49,-30,-1,
-8,-24,-71,18,-79,93,81,34,66,57,-35,6,-45,-75,99,-47,-89,11,-49,-29,-1,
-2,-71,95,31,16,40,11,45,-93,-89,37,75,-51,-96,76,-94,59,-78,-13,80,1,
-4,-69,91,24,12,41,3,46,-95,-89,35,75,-55,-95,71,-97,62,-84,-18,73,1,
-17,-21,-71,18,-80,96,76,32,68,57,-31,7,-42,-75,99,-46,-95,9,-45,-29,-1,
-10,-23,-68,26,-82,95,82,33,67,59,-32,8,-43,-73,97,-46,-88,10,-43,-30,-1,
-15,-19,-73,16,-80,96,77,34,66,59,-37,7,-42,-76,96,-45,-98,9,-49,-28,-1,
-6,-22,-69,22,-87,99,77,34,67,59,-36,8,-39,-77,103,-44,-92,11,-46,-29,-1,
0,-68,95,29,17,42,6,48,-95,-86,38,75,-55,-91,71,-98,68,-81,-15,71,1,
-9,-21,-69,18,-81,99,77,37,69,59,-33,8,-38,-72,100,-40,-92,11,-44,-24,-1,
-1,-71,94,28,14,40,14,46,-94,-90,41,73,-54,-96,75,-96,58,-81,-16,80,1,
-14,-28,-68,18,-87,96,76,32,65,62,-38,7,-43,-75,98,-48,-92,12,-48,-27,-1,
-1,-70,98,28,14,41,9,43,-92,-88,35,75,-53,-92,73,-96,64,-79,-12,76,1,
-5,-71,95,27,17,40,8,44,-95,-90,37,77,-56,-96,74,-97,62,-82,-14,75,1,
-1,-67,98,30,16,42,8,47,-92,-86,39,73,-51,-92,75,-92,61,-80,-14,78,1,
-11,-23,-75,22,-86,95,79,36,67,57,-35,8,-40,-76,100,-52,-92,10,-46,-29,-1,
-16,-25,-73,23,-80,95,79,37,65,61,-33,4,-40,-74,97,-49,-93,10,-48,-28,-1,
-3,-71,98,28,13,40,6,48,-94,-89,37,79,-52,-96,73,-96,65,-81,-18,75,1,
-13,-21,-73,19,-81,94,80,31,66,61,-36,6,-43,-79,98,-50,-92,9,-46,-30,-1,
-1,-69,96,28,19,43,12,45,-90,-91,35,78,-52,-94,75,-96,65,-84,-13,79,1,
-1,-71,91,28,14,42,7,45,-92,-91,41,72,-54,-93,69,-95,56,-83,-15,77,1,
-3,-72,94,27,17,42,13,49,-91,-86,43,76,-53,-94,75,-95,63,-82,-15,78,1,
-2,-68,95,30,16,42,10,44,-94,-87,42,73,-52,-92,73,-95,64,-81,-15,75,1,
-2,-73,92,27,15,40,6,48,-94,-88,38,70,-52,-98,73,-94,65,-81,-15,76,1,
-8,-27,-69,26,-80,96,77,35,66,60,-33,8,-41,-78,100,-47,-89,10,-43,-30,-1,
-11,-23,-71,25,-81,99,76,33,67,61,-34,9,-40,-79,100,-47,-92,11,-43,-28,-1,
-14,-21,-68,21,-84,97,75,33,66,60,-33,8,-42,-75,99,-48,-94,10,-46,-29,-1,
1,-70,98,29,13,42,10,45,-93,-85,34,73,-51,-95,76,-97,67,-80,-17,79,1,
-12,-21,-77,23,-84,94,71,32,64,55,-36,5,-43,-78,98,-48,-93,9,-50,-32,-1,
-15,-21,-76,23,-88,99,75,36,67,59,-38,6,-36,-77,101,-46,-94,8,-47,-31,-1,
-13,-26,-69,20,-80,97,76,31,68,59,-33,7,-41,-78,102,-43,-90,10,-45,-27,-1,
-1,-68,96,23,15,40,10,44,-93,-89,33,70,-52,-93,70,-95,60,-80,-17,82,1,
-14,-20,-69,20,-79,98,74,35,68,61,-36,5,-41,-76,97,-44,-93,12,-47,-29,-1,
-8,-69,95,32,13,43,9,44,-94,-90,37,73,-53,-92,76,-94,61,-82,-17,76,1,
-1,-72,91,27,14,38,17,50,-94,-87,40,74,-52,-95,70,-94,63,-80,-17,78,1,
-12,-22,-78,24,-86,94,73,33,65,57,-35,4,-41,-78,96,-50,-95,10,-47,-30,-1,
-12,-27,-71,22,-80,98,81,30,67,62,-36,9,-43,-81,102,-48,-91,9,-38,-29,-1,
-8,-71,95,24,12,38,8,44,-96,-91,39,73,-54,-96,71,-94,56,-79,-18,81,1,
