-3,-74,93,29,15,39,9,45,-95,-92,38,79,-57,-94,72,-97,63,-82,-18,73,1,
-12,-20,-76,22,-86,97,80,31,65,57,-34,3,-39,-77,100,-49,-99,8,-46,-30,-1,
-17,-21,-71,20,-80,95,74,31,69,57,-29,2,-38,-76,100,-44,-99,10,-50,-31,-1,
-11,-22,-76,26,-82,96,79,33,65,61,-36,9,-39,-80,102,-49,-92,9,-46,-29,-1,
-13,-22,-78,17,-78,93,75,32,66,58,-39,6,-43,-76,100,-50,-94,9,-49,-30,-1,
-5,-69,97,29,16,38,12,46,-95,-89,31,79,-51,-95,74,-96,63,-80,-17,79,1,
-13,-20,-75,21,-82,99,74,34,67,59,-35,4,-38,-81,102,-48,-94,10,-46,-30,-1,
-14,-23,-72,18,-84,95,76,35,65,59,-35,4,-43,-76,95,-48,-98,9,-46,-30,-1,
2,-67,95,27,15,44,9,48,-91,-87,42,78,-48,-94,74,-92,65,-78,-13,80,1,
-11,-22,-71,21,-77,95,78,41,67,61,-34,6,-44,-75,97,-49,-95,12,-44,-30,-1,
-13,-28,-74,24,-84,97,77,34,67,61,-33,9,-38,-76,105,-47,-92,10,-46,-28,-1,
-15,-19,-70,19,-79,96,79,32,70,61,-33,7,-41,-76,99,-46,-93,10,-44,-29,-1,
-14,-19,-71,18,-81,94,73,34,67,58,-31,4,-41,-75,100,-47,-93,10,-45,-29,-1,
-4,-71,94,30,14,40,6,45,-94,-87,31,75,-53,-95,73,-95,61,-82,-15,75,1,
-6,-24,-75,23,-79,97,82,37,68,58,-32,7,-39,-77,103,-45,-87,10,-43,-27,-1,
-15,-25,-72,21,-85,97,80,29,66,61,-34,7,-44,-76,101,-48,-95,10,-43,-30,-1,
-10,-20,-73,18,-75,97,81,33,68,59,-32,5,-41,-72,99,-44,-95,9,-46,-30,-1,
-11,-24,-71,19,-84,95,74,34,67,57,-37,3,-40,-79,98,-47,-89,9,-49,-30,-1,
-14,-21,-71,21,-83,93,75,40,64,60,-35,9,-45,-75,99,-48,-93,11,-46,-28,-1,
0,-72,93,26,15,42,9,46,-94,-91,37,71,-52,-94,70,-100,63,-83,-15,72,1,
-9,-22,-75,18,-80,94,75,34,68,59,-36,4,-41,-75,96,-48,-93,10,-45,-30,-1,
-4,-72,92,29,16,40,16,47,-94,-87,41,72,-53,-94,73,-95,65,-81,-15,77,1,
-3,-72,90,29,10,41,7,44,-96,-91,34,72,-52,-99,73,-99,64,-82,-18,77,1,
-1,-69,90,29,19,43,11,49,-94,-88,40,76,-53,-93,71,-95,65,-82,-14,82,1,
-11,-19,-71,23,-80,95,81,33,67,56,-32,7,-38,-78,103,-43,-91,9,-46,-28,-1,
2,-72,95,30,14,40,11,46,-94,-88,36,74,-52,-94,72,-95,58,-79,-16,74,1,
-7,-68,94,30,13,42,12,45,-96,-86,40,75,-53,-95,75,-95,61,-81,-15,79,1,
-3,-72,97,28,15,42,12,45,-94,-93,36,73,-53,-94,73,-96,65,-83,-19,81,1,
-12,-25,-73,17,-87,97,77,32,67,59,-37,6,-40,-79,98,-52,-93,7,-44,-31,-1,
-11,-23,-75,21,-82,96,78,36,65,57,-34,5,-42,-77,100,-50,-93,9,-45,-30,-1,
-8,-69,93,31,16,40,12,47,-95,-89,34,77,-51,-93,71,-96,69,-83,-17,72,1,
-13,-25,-77,21,-81,94,77,32,66,57,-36,7,-45,-79,98,-43,-98,10,-48,-30,-1,
-2,-72,95,27,14,40,9,45,-91,-91,38,77,-53,-93,74,-96,66,-81,-16,75,1,
-7,-67,94,30,17,41,15,45,-92,-89,38,75,-50,-91,72,-92,61,-81,-14,78,1,
-3,-73,92,29,13,41,8,45,-93,-90,41,73,-53,-94,74,-95,63,-81,-17,73,1,
0,-69,95,31,17,41,8,48,-94,-87,36,81,-53,-96,74,-94,64,-80,-15,81,1,
-9,-30,-76,22,-79,98,78,35,69,58,-34,6,-37,-79,103,-50,-89,11,-47,-29,-1,
-6,-19,-73,23,-86,98,80,36,67,58,-37,9,-41,-74,102,-47,-94,12,-46,-28,-1,
-9,-26,-69,20,-81,97,73,35,69,61,-33,8,-38,-74,97,-46,-90,10,-48,-29,-1,
-9,-24,-71,27,-82,99,79,36,67,62,-32,7,-39,-76,101,-46,-92,11,-44,-30,-1,
0,-72,92,31,15,40,9,48,-93,-85,40,74,-53,-94,76,-94,69,-77,-14,78,1,
-3,-70,95,32,16,40,14,45,-95,-88,42,72,-54,-94,73,-95,65,-81,-17,77,1,
-13,-24,-66,21,-83,98,76,34,68,61,-35,7,-37,-79,100,-46,-93,10,-43,-27,-1,
-13,-23,-72,21,-80,94,79,35,64,58,-36,5,-42,-77,99,-52,-94,9,-49,-30,-1,
-5,-68,95,25,15,40,10,50,-96,-87,36,82,-51,-97,73,-96,63,-82,-15,75,1,
-13,-20,-72,19,-83,99,73,38,67,60,-35,6,-38,-79,101,-49,-93,12,-46,-27,-1,
0,-72,95,29,17,41,8,50,-94,-85,40,78,-50,-95,74,-95,68,-79,-14,80,1,
-22,-28,-72,20,-79,96,82,26,66,58,-32,1,-41,-77,101,-48,-95,9,-47,-29,-1,
-12,-26,-72,16,-83,97,76,35,67,59,-35,5,-40,-76,97,-50,-92,9,-47,-29,-1,
-7,-26,-70,23,-83,95,84,28,68,59,-32,10,-42,-71,99,-45,-94,10,-45,-28,-1,
-12,-30,-70,17,-88,95,76,33,65,61,-35,4,-40,-78,98,-55,-90,10,-45,-30,-1,
-10,-24,-72,23,-80,100,84,33,68,62,-31,7,-37,-73,105,-47,-95,10,-44,-30,-1,
-6,-68,96,26,19,41,7,45,-95,-89,34,75,-51,-93,70,-97,64,-82,-14,76,1,
-15,-28,-72,21,-84,97,79,37,67,60,-36,3,-39,-77,98,-45,-92,10,-48,-30,-1,
-8,-22,-72,22,-80,95,80,33,67,59,-33,8,-44,-72,101,-49,-92,11,-46,-30,-1,
-12,-24,-72,18,-80,95,75,34,66,58,-32,7,-42,-78,101,-47,-95,10,-47,-29,-1,
0,-72,95,27,18,38,13,46,-92,-90,39,76,-54,-97,72,-94,64,-81,-13,75,1,
-12,-20,-75,22,-81,99,74,36,67,63,-39,7,-41,-77,98,-49,-101,12,-46,-31,-1,
-4,-70,96,30,15,42,14,47,-90,-88,39,79,-53,-90,77,-95,60,-81,-16,79,1,
-9,-26,-76,23,-84,96,77,31,66,56,-36,5,-42,-77,100,-48,-94,11,-48,-31,-1,
-13,-24,-75,19,-82,96,73,34,65,58,-36,5,-39,-79,98,-48,-93,8,-47,-30,-1,
-10,-25,-72,21,-83,97,73,38,66,61,-32,6,-39,-76,101,-48,-94,11,-46,-29,-1,
-14,-24,-80,23,-83,96,76,34,68,55,-34,5,-36,-79,98,-50,-98,8,-47,-30,-1,
-17,-20,-70,22,-87,96,71,31,69,56,-36,9,-41,-78,98,-45,-94,9,-48,-31,-1,
-4,-67,98,24,12,39,4,49,-92,-88,36,79,-55,-95,77,-97,61,-82,-20,78,1,
-7,-69,92,31,13,38,7,43,-94,-92,35,71,-52,-95,71,-94,67,-79,-17,82,1,
-11,-25,-75,22,-78,93,80,36,65,58,-33,5,-43,-76,100,-44,-95,8,-46,-31,-1,
-15,-19,-79,23,-80,91,77,35,66,56,-36,7,-44,-79,97,-49,-90,8,-47,-30,-1,
0,-68,93,26,19,42,10,48,-93,-86,40,73,-52,-93,70,-95,65,-83,-16,79,1,
-11,-28,-71,23,-78,97,78,32,68,60,-32,8,-40,-82,99,-47,-90,8,-42,-31,-1,
-13,-25,-72,26,-85,93,78,35,65,59,-34,8,-43,-78,99,-47,-93,11,-46,-29,-1,
-13,-21,-75,24,-86,99,74,27,67,59,-35,4,-39,-76,98,-49,-99,12,-47,-32,-1,
-3,-70,97,27,16,36,14,47,-92,-86,38,77,-52,-97,74,-97,65,-81,-17,75,1,
-17,-24,-76,22,-82,95,80,32,65,60,-38,2,-42,-78,97,-49,-91,8,-47,-32,-1,
-1,-71,95,25,15,42,10,46,-93,-89,36,74,-53,-95,78,-98,62,-83,-16,76,1,
1,-71,98,25,13,40,12,48,-95,-90,39,74,-52,-96,73,-96,61,-79,-16,80,1,
-14,-22,-74,23,-81,95,77,29,68,60,-36,8,-42,-76,99,-47,-92,9,-46,-30,-1,
0,-73,91,25,15,40,7,49,-94,-91,40,80,-57,-94,70,-95,62,-83,-15,73,1,
-4,-68,95,28,13,39,9,44,-93,-91,38,76,-53,-94,74,-94,64,-80,-18,79,1,
-5,-70,94,28,13,36,7,47,-93,-87,38,76,-52,-98,75,-95,64,-80,-16,76,1,
-10,-25,-74,21,-83,98,80,29,67,60,-33,6,-38,-77,97,-45,-92,6,-43,-31,-1,
-5,-71,95,26,16,40,12,46,-92,-87,41,73,-51,-95,74,-96,64,-82,-15,79,1,
-4,-69,93,28,12,41,6,48,-95,-87,38,77,-51,-95,70,-93,64,-78,-16,82,1,
-12,-30,-69,22,-83,94,82,34,65,62,-36,7,-42,-74,99,-47,-92,10,-48,-28,-1,
-1,-72,94,28,16,43,4,49,-95,-88,38,78,-54,-93,75,-96,62,-81,-15,76,1,
-9,-22,-72,23,-82,95,80,36,67,60,-34,5,-39,-74,99,-47,-90,12,-48,-29,-1,
0,-66,92,29,18,42,12,50,-91,-88,41,79,-48,-91,74,-95,67,-80,-11,79,1,
-13,-16,-68,23,-77,96,78,38,69,58,-31,6,-39,-77,102,-44,-94,11,-46,-30,-1,
-13,-23,-72,21,-81,96,80,30,68,59,-35,6,-42,-78,96,-44,-96,9,-44,-31,-1,
-9,-24,-75,26,-81,97,78,34,65,59,-37,6,-38,-81,103,-48,-93,11,-49,-28,-1,
-7,-25,-72,16,-80,98,77,42,64,61,-35,4,-42,-76,104,-46,-97,11,-47,-29,-1,
-14,-31,-67,23,-83,93,79,30,64,61,-34,5,-43,-79,100,-49,-94,10,-47,-32,-1,
-8,-28,-69,20,-82,96,78,32,65,64,-37,7,-42,-77,99,-48,-90,11,-46,-29,-1,
-13,-22,-69,20,-79,97,81,30,69,61,-30,4,-38,-73,100,-47,-96,11,-47,-28,-1,
-4,-70,92,31,17,39,14,47,-92,-89,38,80,-54,-92,74,-95,65,-80,-12,75,1,
-14,-24,-69,21,-79,97,80,33,67,62,-34,7,-41,-75,101,-45,-91,10,-44,-27,-1,
-11,-23,-68,18,-80,99,80,36,68,62,-35,7,-39,-73,101,-47,-90,10,-45,-27,-1,
0,-72,96,30,18,41,9,49,-94,-84,38,73,-49,-99,76,-94,69,-80,-14,80,1,
-2,-68,99,30,19,43,8,47,-95,-92,36,77,-51,-94,72,-97,66,-80,-13,79,1,
-17,-22,-75,18,-78,95,79,30,69,59,-34,5,-39,-75,99,-50,-94,8,-48,-30,-1,
-4,-71,98,30,16,40,11,49,-93,-88,45,75,-52,-92,73,-93,65,-79,-14,81,1,
-6,-68,100,32,17,40,10,48,-94,-86,39,76,-54,-90,75,-95,65,-80,-15,77,1,
1,-69,97,33,16,45,9,49,-90,-87,41,77,-54,-91,79,-94,66,-81,-13,83,1,
-5,-72,94,29,13,40,13,46,-94,-88,38,78,-54,-96,78,-96,62,-79,-15,82,1,
-11,-26,-70,21,-81,96,77,36,67,57,-30,4,-38,-76,106,-42,-92,11,-49,-28,-1,
-12,-19,-74,18,-77,97,81,33,66,61,-35,3,-39,-75,101,-48,-94,10,-48,-26,-1,
-11,-25,-73,23,-81,97,78,32,67,60,-33,6,-38,-73,101,-48,-93,11,-50,-27,-1,
-3,-69,96,29,14,41,8,47,-90,-91,39,72,-52,-92,76,-94,62,-81,-15,81,1,
-12,-30,-71,21,-85,95,78,33,64,59,-36,4,-40,-76,98,-46,-95,9,-48,-30,-1,
-15,-25,-75,21,-87,95,79,26,67,57,-35,6,-40,-76,96,-48,-93,9,-44,-27,-1,
-10,-22,-70,26,-84,95,77,32,66,63,-33,5,-40,-75,96,-46,-93,12,-43,-28,-1,
-16,-26,-72,20,-83,95,77,29,67,58,-36,4,-42,-80,99,-45,-91,8,-48,-31,-1,
-10,-24,-72,21,-83,99,80,34,67,61,-35,7,-40,-77,96,-48,-90,9,-43,-30,-1,
-15,-25,-74,20,-82,95,76,32,67,59,-34,9,-40,-78,98,-47,-92,8,-46,-28,-1,
-4,-70,97,26,15,39,11,45,-93,-92,33,76,-53,-96,73,-95,61,-80,-15,77,1,
-2,-65,95,27,17,40,14,50,-91,-85,41,78,-52,-94,77,-94,68,-81,-14,81,1,
0,-70,99,30,17,43,6,46,-91,-91,42,72,-53,-92,77,-97,60,-82,-15,79,1,
-7,-25,-75,22,-82,96,80,30,66,60,-36,3,-40,-77,99,-52,-90,9,-46,-31,-1,
-10,-25,-71,23,-83,96,78,39,65,59,-34,1,-42,-76,99,-49,-91,13,-47,-30,-1,
-4,-70,95,24,16,41,12,49,-95,-87,40,76,-52,-95,73,-94,63,-81,-17,80,1,
-9,-25,-72,23,-82,98,77,29,67,64,-37,7,-43,-76,99,-44,-91,11,-43,-30,-1,
-3,-72,102,28,15,41,4,48,-92,-86,41,75,-54,-94,78,-95,64,-81,-16,81,1,
-11,-26,-75,23,-81,95,80,39,65,61,-35,6,-37,-75,103,-51,-94,11,-48,-25,-1,
-4,-67,100,30,20,42,14,49,-91,-87,43,77,-50,-92,78,-93,68,-81,-13,84,1,
-15,-26,-77,25,-83,93,80,36,64,64,-40,9,-42,-78,101,-51,-92,9,-48,-29,-1,
-4,-72,97,30,14,43,8,46,-94,-95,44,77,-54,-94,73,-95,62,-82,-17,76,1,
-14,-19,-72,24,-81,97,80,33,66,60,-35,6,-42,-74,100,-48,-95,10,-47,-29,-1,
-12,-24,-73,24,-81,96,82,38,64,63,-36,8,-44,-76,102,-48,-93,11,-46,-28,-1,
3,-67,96,31,18,45,9,47,-91,-89,40,75,-52,-92,75,-96,68,-83,-13,75,1,
0,-69,94,26,13,44,5,47,-93,-86,37,74,-53,-92,73,-95,55,-83,-19,75,1,
-13,-25,-69,22,-83,93,77,29,65,57,-35,7,-43,-76,100,-46,-93,9,-50,-30,-1,
-1,-72,96,28,19,42,11,51,-90,-86,38,75,-51,-93,77,-96,69,-81,-16,83,1,
-12,-25,-74,25,-81,98,80,34,66,61,-39,5,-44,-78,95,-45,-93,11,-44,-29,-1,
-11,-23,-74,17,-77,95,77,34,66,59,-35,6,-40,-76,100,-51,-95,8,-47,-28,-1,
-1,-72,96,24,12,40,5,46,-91,-96,38,79,-52,-97,76,-98,60,-81,-16,77,1,
-12,-26,-73,23,-83,97,81,34,66,61,-37,6,-41,-79,98,-48,-91,10,-42,-28,-1,
-4,-71,93,32,14,39,12,48,-95,-86,34,76,-52,-95,73,-96,68,-80,-16,74,1,
-1,-70,93,29,16,39,10,48,-95,-89,37,74,-54,-96,72,-93,62,-82,-18,78,1,
-15,-29,-72,21,-85,94,79,29,66,59,-38,11,-44,-79,101,-48,-92,8,-47,-30,-1,
-3,-71,94,28,14,40,8,46,-92,-91,35,73,-53,-93,71,-95,59,-81,-19,78,1,
-4,-68,94,29,15,41,9,47,-93,-87,34,78,-55,-96,77,-97,64,-82,-17,81,1,
-11,-29,-75,22,-87,94,76,32,64,59,-38,3,-41,-77,98,-51,-93,8,-49,-34,-1,
-13,-27,-69,17,-89,95,76,31,65,59,-38,5,-45,-80,97,-53,-95,10,-48,-33,-1,
-1,-68,91,30,12,41,3,44,-92,-85,36,73,-52,-97,78,-96,64,-80,-17,81,1,
0,-68,96,28,17,40,7,48,-92,-88,37,77,-57,-94,76,-97,60,-83,-17,82,1,
-5,-68,97,32,14,41,8,44,-94,-94,37,73,-53,-93,75,-96,59,-80,-15,76,1,
-4,-67,98,27,18,40,9,49,-91,-89,39,76,-51,-91,73,-93,68,-82,-15,78,1,
-12,-20,-72,19,-82,96,72,36,67,58,-35,8,-45,-78,100,-49,-92,11,-46,-31,-1,
-5,-70,93,29,16,39,15,45,-93,-85,37,75,-52,-96,73,-96,65,-83,-17,75,1,
-3,-69,97,30,16,40,10,48,-93,-88,39,75,-53,-93,74,-93,64,-79,-16,79,1,
0,-70,94,29,11,43,10,47,-92,-89,41,75,-51,-93,76,-93,64,-79,-13,77,1,
-12,-28,-75,20,-86,95,75,33,63,60,-41,6,-43,-79,99,-52,-97,8,-48,-31,-1,
-10,-27,-72,21,-80,97,77,34,67,61,-34,4,-39,-75,100,-47,-92,10,-48,-30,-1,
-4,-70,97,30,18,45,7,46,-92,-87,40,74,-54,-92,76,-97,64,-84,-17,78,1,
0,-69,97,26,16,43,9,47,-91,-89,35,78,-53,-93,76,-95,54,-82,-13,79,1,
-12,-30,-71,24,-83,95,81,39,65,61,-34,6,-42,-77,100,-48,-92,12,-48,-30,-1,
-12,-20,-71,24,-83,98,77,30,67,61,-36,4,-40,-74,99,-47,-95,13,-49,-29,-1,
-17,-18,-74,18,-82,99,77,35,68,59,-37,4,-38,-75,98,-48,-96,9,-48,-30,-1,
-4,-69,98,27,12,42,5,45,-92,-89,41,68,-54,-92,74,-96,63,-82,-18,74,1,
-14,-21,-70,21,-82,96,75,36,67,60,-33,8,-42,-75,102,-46,-92,11,-46,-29,-1,
-15,-31,-78,18,-80,94,77,31,65,57,-38,5,-43,-80,101,-51,-91,9,-48,-27,-1,
-2,-68,94,28,18,43,12,50,-93,-85,35,78,-53,-92,73,-95,63,-84,-14,73,1,
-4,-69,94,29,16,40,11,48,-89,-89,40,74,-51,-90,73,-94,71,-81,-15,79,1,
-10,-26,-70,28,-85,97,82,37,66,64,-34,6,-38,-73,102,-45,-90,11,-45,-29,-1,
-12,-19,-74,22,-79,98,76,33,65,64,-37,9,-40,-77,98,-53,-95,9,-46,-29,-1,
-2,-69,92,27,15,40,8,46,-93,-90,41,74,-56,-95,75,-94,67,-82,-15,74,1,
-11,-26,-74,23,-85,92,78,33,64,57,-35,6,-45,-78,95,-48,-94,7,-46,-33,-1,
-6,-70,94,30,14,43,2,43,-92,-91,34,73,-55,-94,75,-97,67,-83,-18,79,1,
-16,-22,-76,23,-84,94,72,37,65,57,-37,6,-44,-75,92,-47,-93,10,-47,-30,-1,
-14,-23,-71,26,-83,96,72,38,65,59,-35,6,-42,-78,97,-50,-98,12,-48,-30,-1,
-5,-66,95,32,17,41,9,49,-94,-83,37,76,-53,-90,74,-94,65,-81,-15,80,1,
-12,-23,-72,19,-80,98,74,34,67,60,-33,8,-39,-75,102,-49,-93,7,-46,-30,-1,
0,-71,96,28,15,39,7,48,-91,-87,36,76,-53,-94,76,-95,63,-80,-16,80,1,
-7,-73,95,25,16,40,7,47,-94,-90,43,77,-57,-92,70,-96,64,-82,-15,76,1,
-15,-24,-68,22,-84,96,75,36,66,63,-36,7,-41,-76,95,-49,-95,11,-45,-29,-1,
-9,-20,-69,23,-79,96,76,33,68,60,-31,7,-38,-77,101,-43,-94,11,-44,-28,-1,
-2,-69,98,27,16,42,6,50,-92,-89,41,82,-52,-92,75,-93,63,-79,-15,83,1,
-4,-66,94,27,15,44,6,48,-94,-87,45,74,-51,-92,75,-96,66,-79,-14,80,1,
-4,-67,95,28,15,43,10,47,-93,-88,38,77,-55,-93,74,-95,60,-83,-15,75,1,
-7,-71,95,29,18,39,8,48,-94,-89,39,80,-52,-96,74,-97,66,-79,-15,81,1,
-8,-30,-74,18,-83,97,76,38,67,59,-34,6,-42,-77,99,-46,-96,10,-47,-32,-1,
-12,-24,-70,19,-81,95,80,37,67,59,-33,5,-41,-72,97,-46,-94,10,-48,-31,-1,
-2,-70,99,31,15,41,6,49,-92,-85,36,78,-53,-92,77,-95,67,-81,-17,79,1,
1,-67,102,28,18,44,10,49,-93,-87,42,74,-52,-91,72,-92,63,-80,-13,78,1,
-11,-18,-73,21,-85,94,75,31,65,59,-36,7,-43,-76,103,-51,-92,11,-48,-31,-1,
-12,-21,-73,22,-76,95,77,31,69,60,-32,8,-40,-75,99,-44,-95,10,-47,-28,-1,
-4,-69,96,29,17,41,9,48,-95,-88,38,79,-56,-95,78,-96,61,-82,-15,81,1,
-18,-24,-70,20,-83,95,75,31,65,60,-38,5,-40,-81,98,-49,-90,10,-51,-29,-1,
-8,-69,91,24,15,38,12,48,-94,-87,37,78,-53,-96,73,-95,66,-82,-15,75,1,
-4,-70,94,23,15,39,10,48,-95,-88,35,75,-50,-99,73,-97,66,-81,-15,75,1,
-12,-25,-71,25,-85,96,82,38,66,60,-34,6,-42,-74,104,-44,-95,13,-48,-29,-1,
-6,-70,91,23,10,41,3,44,-94,-93,40,70,-52,-98,71,-97,60,-82,-18,76,1,
-4,-69,100,29,17,41,8,47,-93,-84,36,72,-49,-92,76,-94,66,-79,-17,76,1,
-3,-69,87,29,14,38,6,48,-92,-88,36,78,-54,-96,73,-95,62,-82,-17,75,1,
0,-70,94,35,14,42,8,47,-92,-86,35,75,-51,-92,75,-95,63,-78,-15,79,1,
-10,-20,-75,21,-83,93,79,36,66,58,-34,9,-40,-76,102,-49,-93,9,-47,-28,-1,
-9,-26,-74,20,-79,94,81,31,66,58,-35,4,-42,-77,102,-47,-91,11,-48,-29,-1,
0,-70,94,27,17,37,10,46,-93,-88,32,77,-53,-97,73,-97,63,-83,-16,76,1,
-3,-70,95,24,15,39,7,45,-94,-89,37,74,-58,-90,68,-97,62,-81,-16,76,1,
4,-69,91,28,17,43,8,49,-90,-86,39,78,-50,-95,72,-94,64,-80,-12,78,1,
-4,-68,97,28,14,41,11,47,-95,-86,38,74,-53,-96,77,-99,63,-82,-16,76,1,
-1,-67,95,29,14,40,6,46,-91,-88,40,74,-52,-94,73,-93,65,-79,-16,80,1,
-8,-27,-73,20,-82,96,71,32,67,57,-34,7,-38,-79,98,-49,-94,9,-47,-29,-1,
-1,-70,94,26,14,41,11,49,-91,-88,42,81,-51,-95,75,-93,59,-79,-14,77,1,
3,-68,97,26,14,42,3,49,-94,-88,39,77,-48,-97,74,-95,66,-79,-14,77,1,
0,-70,92,30,14,42,8,49,-93,-86,39,76,-53,-96,73,-96,62,-81,-16,76,1,
-12,-24,-75,23,-83,100,74,37,68,60,-35,9,-39,-79,98,-49,-88,9,-42,-29,-1,
-3,-68,98,27,16,41,6,48,-89,-90,38,73,-49,-93,75,-93,63,-82,-19,80,1,
-15,-18,-75,24,-81,98,74,34,68,60,-36,4,-42,-79,97,-50,-95,10,-45,-32,-1,
-12,-27,-77,22,-84,96,79,36,67,58,-34,6,-40,-77,99,-50,-91,9,-47,-29,-1,
-13,-21,-74,21,-84,100,73,32,68,61,-32,7,-39,-78,100,-50,-94,9,-40,-30,-1,
0,-67,95,27,18,44,10,47,-91,-89,37,75,-52,-89,72,-94,64,-81,-13,83,1,
-6,-68,97,26,18,36,8,46,-93,-86,36,75,-50,-94,71,-95,69,-81,-17,78,1,
0,-70,96,27,15,38,4,45,-96,-92,40,75,-57,-95,72,-96,61,-80,-16,76,1,
-4,-69,94,28,15,41,7,46,-92,-90,37,75,-54,-94,72,-95,61,-84,-18,75,1,
-3,-73,93,26,13,42,9,48,-93,-90,44,77,-53,-96,75,-96,56,-84,-17,75,1,
-1,-69,99,27,13,42,7,46,-90,-89,42,73,-52,-92,74,-95,64,-80,-16,77,1,
1,-72,98,30,16,43,11,48,-94,-88,46,76,-53,-92,74,-92,63,-79,-15,80,1,
1,-69,97,23,16,37,4,47,-92,-94,40,74,-57,-94,73,-97,61,-82,-15,76,1,
-11,-69,96,27,13,39,11,45,-94,-87,40,73,-53,-96,75,-94,64,-82,-17,77,1,
0,-69,96,27,17,41,3,51,-94,-87,37,80,-52,-92,72,-95,65,-78,-15,75,1,
-11,-23,-71,21,-82,94,77,37,66,59,-36,6,-44,-75,94,-44,-95,11,-46,-29,-1,
0,-70,93,29,19,43,13,52,-91,-89,45,77,-51,-93,73,-94,66,-82,-12,77,1,
-11,-20,-72,24,-84,101,79,38,68,63,-32,7,-37,-75,101,-47,-93,12,-41,-27,-1,
-15,-25,-71,17,-84,98,77,33,68,60,-33,3,-37,-75,99,-50,-94,10,-49,-30,-1,
0,-72,99,29,17,41,6,45,-92,-90,34,76,-54,-93,73,-97,63,-82,-16,74,1,
-16,-23,-73,26,-83,93,73,36,64,57,-34,7,-40,-79,101,-47,-90,8,-50,-31,-1,
-9,-69,92,24,14,38,8,45,-95,-87,37,71,-50,-98,70,-95,63,-81,-18,78,1,
-10,-20,-76,17,-76,96,78,34,67,59,-31,4,-42,-73,102,-50,-93,10,-44,-29,-1,
-8,-18,-68,21,-80,96,80,37,67,61,-30,7,-41,-72,101,-49,-93,10,-42,-28,-1,
-6,-69,92,28,17,40,12,47,-93,-90,38,78,-54,-95,75,-96,62,-83,-12,76,1,
-5,-72,95,27,13,40,12,47,-94,-86,36,74,-51,-96,72,-95,62,-81,-18,77,1,
-11,-22,-74,21,-81,98,78,30,69,59,-34,8,-41,-79,99,-48,-91,10,-44,-31,-1,
-2,-69,99,29,17,41,8,47,-92,-91,36,77,-55,-93,73,-95,64,-83,-15,75,1,
-2,-69,99,30,18,40,14,47,-95,-84,38,76,-51,-95,75,-95,66,-80,-15,75,1,
-13,-25,-76,19,-83,94,80,31,64,57,-34,4,-44,-78,100,-51,-95,8,-47,-32,-1,
0,-65,93,26,14,42,7,47,-94,-90,40,74,-53,-94,71,-94,57,-83,-16,77,1,
-14,-21,-75,24,-82,96,74,33,68,57,-39,7,-42,-79,100,-43,-94,10,-48,-30,-1,
-10,-29,-72,22,-88,98,76,32,67,58,-34,5,-37,-76,101,-46,-92,9,-50,-32,-1,
-15,-23,-73,20,-85,97,75,34,65,60,-35,5,-42,-73,93,-52,-95,9,-44,-29,-1,
-10,-21,-75,22,-84,99,78,31,67,61,-36,10,-41,-77,99,-47,-94,9,-42,-29,-1,
-14,-25,-70,17,-80,95,78,25,66,60,-31,5,-45,-76,101,-49,-93,10,-45,-31,-1,
-12,-22,-75,20,-79,95,79,32,67,60,-36,5,-45,-73,96,-45,-98,10,-46,-31,-1,
-15,-24,-73,21,-82,96,77,32,65,58,-36,4,-43,-80,96,-48,-92,10,-45,-30,-1,
0,-68,95,23,14,41,6,49,-94,-86,44,75,-51,-96,72,-94,65,-79,-14,79,1,
-12,-20,-74,21,-83,95,75,37,65,59,-36,6,-40,-77,102,-48,-95,10,-50,-28,-1,
-14,-26,-72,15,-83,94,74,37,65,58,-35,5,-45,-74,100,-49,-96,11,-51,-30,-1,
-7,-69,100,27,15,40,5,42,-89,-92,33,77,-57,-93,78,-97,63,-83,-17,77,1,
1,-71,95,28,17,40,6,48,-93,-83,40,75,-55,-93,74,-94,62,-79,-14,81,1,
0,-69,95,28,13,41,5,48,-93,-91,37,76,-57,-92,75,-96,59,-82,-21,81,1,
-13,-30,-70,23,-84,92,76,28,65,59,-33,3,-42,-79,98,-52,-91,11,-51,-33,-1,
1,-68,95,26,11,41,5,44,-93,-85,33,71,-53,-97,77,-96,62,-80,-18,76,1,
-13,-26,-72,25,-85,95,79,35,63,61,-36,5,-47,-74,98,-51,-95,12,-46,-30,-1,
-6,-69,91,26,14,41,5,47,-95,-90,38,73,-51,-95,73,-95,61,-81,-16,75,1,
-14,-29,-73,17,-82,97,77,34,67,58,-35,4,-39,-80,101,-48,-91,8,-48,-31,-1,
-12,-25,-70,20,-78,97,78,35,66,63,-34,6,-39,-77,100,-48,-92,11,-47,-26,-1,
-8,-18,-72,27,-82,99,76,35,67,62,-35,9,-38,-78,102,-49,-91,12,-44,-27,-1,
-1,-68,96,24,15,39,6,48,-93,-92,37,73,-51,-95,71,-95,66,-81,-18,83,1,
-10,-25,-75,23,-82,95,75,32,66,60,-33,4,-42,-76,101,-48,-94,11,-44,-29,-1,
-9,-19,-67,26,-81,96,79,32,68,59,-30,8,-39,-76,105,-46,-90,11,-45,-28,-1,
0,-69,94,30,15,41,12,47,-94,-84,34,76,-48,-93,71,-95,66,-79,-14,80,1,
-15,-25,-70,23,-78,95,75,29,67,59,-28,4,-42,-72,99,-45,-90,11,-46,-29,-1,
-2,-74,93,23,15,38,8,46,-92,-90,37,72,-55,-101,77,-98,60,-84,-19,75,1,
-9,-24,-76,26,-82,95,73,35,66,60,-37,10,-42,-76,98,-47,-90,10,-46,-28,-1,
-12,-21,-70,20,-78,97,80,32,71,59,-30,10,-41,-75,103,-43,-93,11,-43,-29,-1,
-11,-25,-71,23,-80,99,83,33,69,62,-34,8,-42,-76,100,-45,-92,9,-41,-32,-1,
-8,-30,-65,18,-79,99,78,39,67,64,-33,6,-44,-75,98,-45,-91,13,-40,-28,-1,
-4,-71,92,28,14,39,8,49,-96,-87,38,78,-54,-98,72,-97,59,-82,-18,74,1,
1,-68,98,28,17,42,8,47,-91,-90,39,74,-54,-91,74,-96,61,-82,-12,77,1,
-1,-66,94,26,15,39,11,48,-91,-90,36,77,-53,-94,75,-95,63,-80,-15,81,1,
-11,-25,-70,20,-84,93,73,36,68,58,-31,10,-39,-75,102,-42,-93,9,-47,-28,-1,
-2,-72,91,29,14,40,10,44,-91,-90,35,71,-55,-95,76,-98,59,-84,-17,70,1,
-2,-64,95,28,16,40,11,49,-93,-81,41,76,-51,-94,79,-93,64,-78,-12,83,1,
-13,-21,-71,23,-84,96,77,32,67,57,-34,9,-42,-79,97,-44,-92,9,-44,-30,-1,
-2,-72,89,27,12,39,7,44,-94,-88,30,73,-54,-99,70,-99,60,-83,-21,74,1,
-6,-25,-74,23,-83,94,77,34,67,58,-30,9,-42,-74,101,-49,-93,10,-44,-31,-1,
-10,-20,-71,27,-82,96,76,31,68,59,-34,4,-41,-77,100,-47,-92,12,-45,-32,-1,
-4,-70,96,31,17,38,9,47,-93,-89,36,73,-52,-94,75,-94,61,-82,-17,77,1,
-8,-67,96,26,13,40,8,48,-91,-86,39,74,-52,-92,74,-93,64,-80,-17,84,1,
-3,-69,99,31,18,41,4,50,-89,-88,37,77,-51,-91,78,-94,68,-81,-15,82,1,
-11,-21,-69,20,-82,100,74,34,68,61,-33,6,-39,-76,98,-47,-92,10,-43,-30,-1,
-13,-21,-72,25,-82,97,76,35,68,63,-35,8,-39,-76,100,-45,-92,11,-45,-28,-1,
-5,-18,-68,25,-79,97,82,31,70,58,-31,10,-41,-71,100,-39,-93,12,-43,-27,-1,
-16,-21,-73,23,-83,93,78,30,68,59,-33,5,-40,-77,100,-48,-93,10,-49,-31,-1,
0,-69,94,26,13,36,8,45,-96,-91,35,76,-56,-99,75,-96,58,-82,-18,72,1,
-11,-31,-74,21,-83,95,76,34,68,60,-31,5,-40,-75,97,-49,-95,10,-44,-30,-1,
-9,-22,-71,20,-81,96,78,28,69,59,-30,8,-40,-72,101,-43,-89,9,-45,-30,-1,
-7,-23,-72,23,-85,100,71,38,66,58,-38,9,-40,-78,98,-45,-90,10,-46,-29,-1,
-11,-20,-72,20,-82,99,76,36,67,63,-34,8,-39,-77,102,-48,-94,10,-43,-28,-1,
-13,-24,-69,20,-84,96,78,32,67,60,-33,4,-39,-77,99,-44,-93,10,-46,-30,-1,
-4,-72,92,26,12,41,7,47,-94,-89,39,71,-56,-94,77,-98,60,-82,-18,75,1,
-1,-67,90,28,16,41,6,48,-92,-89,36,77,-55,-96,77,-95,64,-81,-15,80,1,
1,-70,92,27,15,43,8,50,-91,-86,39,79,-53,-93,74,-95,66,-83,-16,79,1,
0,-70,94,28,14,42,8,49,-93,-88,40,78,-52,-95,77,-96,65,-80,-14,74,1,
-2,-67,98,25,15,42,4,47,-94,-91,36,79,-55,-92,73,-97,60,-83,-16,74,1,
-3,-71,98,26,18,39,10,48,-92,-87,42,77,-53,-92,71,-93,58,-80,-16,81,1,
-13,-21,-72,20,-82,96,82,26,67,59,-34,7,-40,-75,103,-49,-89,9,-45,-27,-1,
-7,-71,98,27,15,39,6,46,-93,-92,35,77,-51,-94,74,-94,62,-80,-16,77,1,
0,-69,93,28,16,42,17,48,-92,-87,41,73,-51,-91,71,-93,67,-79,-15,82,1,
-16,-28,-75,21,-85,95,76,31,66,59,-35,8,-42,-76,99,-49,-93,6,-46,-32,-1,
-3,-27,-71,23,-79,97,80,38,63,62,-33,5,-38,-75,104,-50,-90,9,-45,-28,-1,
-5,-69,97,27,11,42,6,44,-92,-91,36,72,-55,-92,74,-97,60,-82,-17,77,1,
-14,-26,-75,20,-83,95,77,34,64,59,-32,2,-42,-77,100,-52,-95,8,-44,-33,-1,
-7,-20,-70,22,-82,95,72,37,66,59,-31,7,-43,-73,101,-46,-94,12,-46,-30,-1,
-16,-28,-76,23,-84,95,81,37,65,62,-33,3,-41,-78,101,-54,-94,9,-46,-31,-1,
-3,-70,97,28,16,40,9,46,-92,-90,40,76,-53,-95,76,-96,63,-80,-14,72,1,
-12,-23,-70,22,-81,100,77,36,69,61,-31,6,-40,-75,100,-42,-95,12,-44,-28,-1,
-13,-26,-75,22,-84,97,77,36,66,57,-36,6,-41,-78,104,-51,-90,9,-49,-30,-1,
-3,-72,90,26,14,41,6,50,-94,-88,42,70,-53,-95,72,-96,65,-82,-17,78,1,
1,-69,94,34,12,45,9,45,-92,-82,41,75,-52,-89,75,-95,62,-79,-15,75,1,
-15,-24,-73,16,-82,91,78,33,64,59,-37,4,-44,-76,97,-52,-92,8,-49,-32,-1,
-13,-26,-68,23,-76,98,78,33,68,64,-35,7,-40,-77,101,-45,-92,12,-49,-27,-1,
-4,-68,95,26,18,39,13,50,-91,-85,41,77,-52,-92,74,-95,66,-81,-16,84,1,
-9,-70,98,23,16,41,11,45,-97,-87,36,69,-50,-92,67,-95,64,-82,-16,74,1,
-11,-22,-73,19,-81,101,76,36,67,63,-35,5,-40,-75,103,-47,-94,11,-45,-30,-1,
-9,-26,-73,19,-82,95,76,35,68,59,-34,5,-40,-76,98,-50,-96,10,-48,-32,-1,
-12,-22,-77,24,-82,98,77,34,68,59,-34,5,-39,-77,99,-45,-92,10,-46,-30,-1,
0,-70,94,31,17,37,10,48,-92,-91,39,79,-56,-92,73,-94,61,-80,-15,78,1,
-3,-66,99,29,15,46,12,46,-93,-85,43,75,-50,-92,75,-95,63,-80,-12,78,1,
-18,-27,-73,16,-84,90,74,31,64,57,-36,7,-43,-78,97,-48,-95,7,-50,-30,-1,
-14,-24,-70,15,-82,98,76,31,68,62,-36,4,-38,-80,99,-48,-92,9,-46,-30,-1,
-17,-21,-73,17,-77,92,80,28,67,58,-32,3,-41,-77,101,-50,-94,7,-49,-31,-1,
-15,-19,-73,26,-84,99,76,32,67,60,-37,8,-38,-77,99,-44,-97,11,-46,-26,-1,
-3,-70,91,25,13,41,7,46,-95,-88,37,72,-53,-94,71,-97,62,-82,-15,75,1,
-12,-27,-72,17,-87,93,74,32,65,55,-36,6,-44,-78,97,-48,-96,9,-50,-31,-1,
0,-70,93,29,16,41,14,47,-92,-88,44,76,-54,-93,74,-96,63,-80,-13,79,1,
-15,-30,-75,19,-82,96,77,33,66,60,-33,5,-41,-78,100,-48,-95,7,-43,-32,-1,
1,-71,97,29,16,39,9,47,-93,-88,37,73,-56,-93,72,-95,61,-81,-15,78,1,
-5,-71,92,26,17,42,13,47,-95,-88,37,74,-54,-97,75,-97,65,-84,-17,80,1,
-5,-71,92,33,15,40,7,44,-94,-93,39,74,-57,-94,73,-96,62,-81,-15,81,1,
-1,-69,95,24,14,43,7,46,-93,-93,37,77,-53,-96,72,-98,61,-82,-18,79,1,
2,-70,98,29,15,38,11,46,-95,-90,30,77,-55,-95,73,-98,59,-80,-16,75,1,
-1,-72,94,28,14,41,8,46,-96,-81,38,74,-53,-94,73,-96,61,-78,-16,77,1,
-11,-23,-70,20,-86,97,73,37,67,60,-36,10,-43,-77,97,-48,-91,10,-43,-29,-1,
-12,-23,-68,21,-83,93,78,35,66,59,-31,7,-42,-76,100,-44,-93,10,-46,-30,-1,
-3,-68,97,28,21,41,10,46,-92,-89,33,80,-53,-90,74,-98,64,-82,-14,78,1,
-8,-27,-71,20,-84,96,81,38,66,60,-33,6,-42,-72,97,-47,-91,10,-44,-28,-1,
-15,-23,-73,20,-85,97,74,33,65,59,-37,8,-42,-77,102,-51,-94,9,-48,-29,-1,
-16,-29,-72,24,-84,93,76,32,66,58,-36,5,-36,-82,100,-47,-89,8,-49,-29,-1,
-14,-23,-76,19,-84,98,73,30,67,56,-38,4,-40,-76,97,-51,-91,8,-51,-31,-1,
-2,-71,96,26,13,42,8,47,-92,-90,39,73,-51,-93,73,-96,61,-81,-19,78,1,
-6,-73,94,29,15,40,10,48,-95,-86,34,75,-53,-98,77,-100,66,-79,-16,85,1,
-12,-28,-71,19,-84,96,75,34,65,59,-35,4,-41,-75,99,-50,-93,10,-49,-31,-1,
-12,-24,-70,23,-83,93,78,31,66,59,-34,8,-42,-77,101,-48,-94,11,-47,-29,-1,
-12,-24,-75,23,-81,93,77,37,64,59,-37,7,-42,-77,97,-46,-95,8,-46,-30,-1,
-9,-21,-74,23,-82,97,79,42,66,63,-38,10,-40,-77,106,-46,-92,10,-45,-29,-1,
-11,-23,-73,27,-85,99,76,33,68,61,-36,5,-41,-78,100,-48,-92,12,-45,-31,-1,
-15,-25,-71,15,-83,95,80,35,67,57,-31,8,-42,-76,101,-49,-92,7,-44,-30,-1,
-13,-23,-68,21,-81,97,75,31,66,61,-33,5,-41,-72,103,-45,-94,11,-50,-30,-1,
-5,-69,94,27,16,38,5,47,-96,-86,32,76,-55,-93,70,-97,62,-81,-20,78,1,
-2,-73,94,27,14,39,9,46,-93,-89,35,75,-51,-95,74,-96,64,-78,-15,78,1,
-6,-71,96,26,14,35,4,44,-97,-92,33,74,-58,-98,74,-98,59,-80,-17,77,1,
-9,-29,-73,22,-81,94,82,30,66,60,-35,9,-43,-77,101,-49,-87,10,-45,-28,-1,
-2,-71,96,26,16,40,2,46,-95,-91,39,71,-54,-98,72,-94,63,-82,-19,81,1,
-6,-68,97,29,17,37,11,48,-95,-83,36,74,-50,-95,75,-94,72,-78,-14,81,1,
-20,-28,-73,22,-83,93,75,29,66,58,-34,7,-39,-82,99,-50,-95,6,-47,-29,-1,
-5,-70,94,30,16,38,10,50,-94,-83,39,80,-51,-97,75,-92,66,-78,-13,78,1,
-12,-26,-71,18,-83,98,75,36,66,58,-32,0,-42,-76,101,-47,-95,11,-49,-31,-1,
0,-69,100,30,17,43,10,48,-91,-87,41,80,-54,-90,75,-93,62,-81,-13,79,1,
-3,-66,97,31,16,43,10,50,-90,-87,35,83,-46,-91,78,-92,67,-79,-13,77,1,
-10,-24,-71,22,-83,100,75,32,68,60,-36,6,-42,-77,99,-43,-91,11,-45,-31,-1,
-3,-71,90,27,10,39,5,45,-96,-91,35,73,-54,-95,69,-95,55,-80,-18,71,1,
-5,-69,95,28,14,40,12,46,-95,-89,35,77,-54,-98,76,-98,64,-83,-18,75,1,
-4,-68,98,32,13,41,14,46,-92,-84,41,78,-53,-94,81,-92,60,-77,-13,85,1,
0,-72,92,28,15,41,10,50,-93,-88,42,76,-52,-94,73,-95,64,-81,-17,76,1,
-14,-24,-72,21,-83,98,77,33,66,60,-34,4,-41,-77,101,-50,-95,12,-46,-29,-1,
-10,-20,-72,19,-85,94,73,35,66,57,-37,7,-44,-78,97,-48,-90,11,-46,-27,-1,
-5,-23,-74,24,-86,95,73,33,65,60,-36,10,-44,-75,100,-47,-98,11,-46,-30,-1,
-14,-26,-72,17,-82,94,77,32,66,59,-37,6,-38,-83,98,-50,-90,5,-45,-31,-1,
-11,-69,95,27,16,39,12,47,-94,-89,40,76,-52,-95,75,-94,63,-83,-19,78,1,
-6,-23,-75,25,-83,95,78,33,67,58,-35,11,-40,-79,101,-46,-87,8,-44,-30,-1,
-15,-23,-68,19,-85,96,81,31,67,60,-34,7,-43,-76,104,-48,-91,10,-46,-32,-1,
-10,-25,-70,24,-85,97,80,34,65,60,-38,6,-36,-82,101,-47,-88,9,-48,-28,-1,
0,-69,92,27,16,40,9,45,-95,-90,39,75,-52,-95,70,-96,62,-79,-15,76,1,
-12,-19,-70,24,-82,96,78,39,66,61,-34,7,-40,-77,99,-44,-94,11,-47,-28,-1,
-5,-71,98,27,14,42,5,47,-92,-93,36,80,-57,-94,76,-99,61,-85,-19,74,1,
-13,-18,-73,21,-84,96,79,36,69,58,-32,9,-39,-75,100,-44,-97,8,-45,-30,-1,
0,-74,94,28,15,39,6,47,-94,-90,39,72,-56,-98,74,-96,62,-83,-17,72,1,
-16,-24,-74,23,-82,96,77,32,66,58,-35,8,-42,-77,104,-43,-96,8,-48,-30,-1,
-8,-66,92,26,11,39,11,44,-95,-90,39,75,-56,-97,75,-95,62,-82,-17,78,1,
-13,-26,-74,22,-80,94,80,35,66,60,-36,7,-45,-78,99,-47,-90,9,-46,-32,-1,
-1,-68,94,32,15,40,7,49,-91,-93,42,73,-51,-92,72,-92,59,-78,-14,79,1,
-3,-70,100,28,17,40,4,44,-93,-91,36,73,-53,-96,73,-97,63,-81,-15,81,1,
-6,-71,95,28,13,45,9,44,-96,-86,34,74,-50,-98,75,-96,61,-79,-14,81,1,
-10,-30,-71,21,-82,98,74,33,67,59,-33,6,-37,-80,101,-50,-89,9,-46,-29,-1,
-10,-24,-75,23,-84,97,79,37,65,61,-35,6,-38,-76,101,-51,-92,10,-46,-26,-1,
1,-71,98,31,17,43,12,46,-91,-88,41,76,-52,-94,78,-95,70,-80,-13,79,1,
-11,-24,-74,24,-84,96,80,34,65,59,-37,8,-44,-76,99,-46,-91,11,-47,-29,-1,
-18,-24,-74,24,-84,94,79,31,66,59,-35,8,-43,-75,98,-45,-96,9,-48,-31,-1,
-3,-66,97,32,18,43,16,50,-92,-86,43,76,-51,-89,72,-93,67,-80,-14,81,1,
-11,-25,-68,25,-84,97,80,29,67,60,-35,9,-41,-78,101,-44,-93,10,-45,-28,-1,
-17,-20,-73,23,-83,96,80,31,67,58,-34,7,-39,-79,101,-47,-93,7,-44,-30,-1,
-12,-23,-71,24,-79,95,79,30,67,62,-30,5,-44,-73,102,-48,-93,13,-45,-30,-1,
-10,-30,-74,24,-83,96,82,33,65,62,-36,7,-40,-78,101,-48,-89,9,-45,-30,-1,
-1,-70,94,30,14,44,8,48,-94,-90,39,77,-53,-93,73,-95,63,-82,-16,76,1,
-10,-21,-73,21,-83,95,78,29,68,58,-34,7,-38,-76,97,-47,-92,10,-48,-28,-1,
-6,-71,93,29,15,42,13,45,-94,-87,38,78,-52,-94,73,-94,65,-82,-14,77,1,
-11,-25,-73,24,-80,100,80,34,68,63,-36,6,-38,-75,99,-48,-90,10,-45,-29,-1,
-6,-71,94,27,11,42,9,41,-97,-90,36,70,-55,-96,72,-98,59,-84,-19,69,1,
-12,-26,-74,23,-79,100,74,41,70,61,-31,6,-36,-76,100,-45,-94,12,-44,-28,-1,
-4,-69,96,32,16,39,8,49,-94,-88,41,80,-55,-93,71,-94,68,-81,-16,78,1,
-18,-24,-73,19,-82,97,77,27,67,58,-36,4,-42,-78,100,-50,-96,9,-49,-32,-1,
-1,-71,96,33,19,41,6,47,-94,-87,36,73,-53,-94,72,-95,64,-80,-15,77,1,
-15,-29,-73,17,-84,95,78,29,65,59,-36,3,-43,-75,94,-53,-96,8,-46,-32,-1,
-7,-70,94,29,13,40,11,44,-94,-89,38,76,-55,-96,78,-94,61,-82,-18,80,1,
-14,-21,-78,15,-79,97,77,36,67,58,-35,1,-40,-78,100,-51,-93,8,-46,-31,-1,
-15,-28,-75,20,-83,97,77,34,66,58,-35,4,-35,-85,101,-48,-92,7,-46,-29,-1,
-13,-26,-76,22,-83,97,74,32,66,58,-34,5,-38,-79,101,-49,-92,6,-48,-32,-1,
-11,-24,-72,24,-82,97,79,38,66,59,-34,6,-37,-78,102,-48,-90,10,-47,-27,-1,
-2,-70,92,27,15,41,11,47,-93,-86,40,74,-54,-95,74,-96,58,-80,-16,80,1,
1,-68,99,28,17,42,9,49,-93,-87,41,79,-54,-92,74,-93,62,-80,-15,80,1,
-10,-19,-76,23,-81,100,80,38,68,62,-37,9,-37,-76,100,-48,-91,10,-44,-27,-1,
-5,-69,95,26,17,38,17,48,-95,-89,39,80,-50,-96,72,-94,63,-83,-16,74,1,
-13,-26,-75,21,-81,96,79,32,65,60,-34,4,-43,-77,102,-48,-91,10,-45,-29,-1,
-6,-67,93,29,15,41,7,47,-95,-84,35,76,-50,-94,72,-94,58,-81,-13,79,1,
-8,-73,95,26,15,40,10,44,-93,-92,39,72,-54,-96,72,-98,64,-85,-20,77,1,
-5,-69,94,30,17,39,12,47,-94,-89,35,78,-53,-95,74,-96,63,-81,-16,77,1,
-11,-21,-77,22,-84,97,79,33,67,60,-38,6,-39,-76,100,-48,-94,10,-46,-29,-1,
-14,-23,-72,21,-80,95,82,32,65,62,-35,6,-41,-75,101,-48,-94,10,-46,-28,-1,
-9,-21,-70,21,-81,99,77,34,68,59,-36,9,-40,-75,98,-42,-91,11,-45,-27,-1,
-1,-71,94,30,15,40,5,45,-94,-92,36,74,-53,-93,72,-93,60,-79,-15,79,1,
-2,-70,96,29,15,43,6,46,-92,-86,38,76,-54,-93,75,-95,61,-80,-14,76,1,
-5,-69,94,27,15,37,9,47,-93,-87,36,78,-57,-93,73,-97,64,-82,-19,78,1,
0,-69,97,29,19,38,15,48,-94,-87,33,79,-54,-92,74,-96,65,-81,-15,73,1,
-9,-71,101,26,15,39,8,46,-96,-92,37,75,-57,-93,72,-98,66,-80,-14,77,1,
-11,-30,-74,21,-81,96,79,36,64,61,-32,4,-42,-76,100,-49,-90,10,-46,-30,-1,
5,-68,94,29,18,43,10,48,-93,-89,39,73,-52,-95,73,-94,62,-81,-14,82,1,
-9,-24,-68,24,-83,96,77,40,68,60,-34,11,-40,-75,100,-40,-92,11,-45,-28,-1,
-7,-28,-73,20,-83,97,78,31,67,60,-32,8,-42,-73,99,-45,-87,9,-43,-29,-1,
-7,-66,94,28,14,42,10,49,-92,-91,39,81,-51,-92,75,-95,64,-81,-15,77,1,
-5,-70,96,28,14,40,9,46,-95,-92,39,79,-57,-98,78,-97,60,-83,-16,73,1,
-1,-71,96,28,14,39,9,46,-95,-91,36,76,-56,-94,73,-95,60,-80,-16,77,1,
-17,-23,-77,16,-82,94,74,34,66,55,-33,6,-42,-76,96,-46,-95,6,-46,-30,-1,
-12,-25,-72,21,-81,95,81,30,68,61,-34,7,-39,-74,99,-47,-94,9,-48,-29,-1,
-8,-68,94,26,15,41,11,46,-93,-91,39,75,-53,-92,70,-95,67,-83,-16,74,1,
0,-69,93,32,13,43,10,44,-92,-90,38,73,-51,-92,72,-93,59,-82,-15,70,1,
-9,-24,-76,23,-84,94,82,34,65,59,-35,5,-42,-76,100,-47,-93,9,-47,-30,-1,
-5,-70,100,27,16,41,7,46,-94,-85,37,71,-51,-96,79,-97,67,-82,-17,77,1,
-11,-26,-70,24,-80,94,81,32,67,61,-32,7,-40,-72,99,-46,-92,12,-47,-26,-1,
-18,-25,-70,19,-81,93,76,36,64,60,-33,6,-43,-77,104,-47,-98,8,-47,-30,-1,
0,-69,91,23,15,43,11,49,-95,-87,45,73,-49,-94,69,-94,63,-80,-14,78,1,
-8,-24,-75,18,-83,97,74,36,68,58,-33,6,-37,-77,99,-49,-92,8,-46,-32,-1,
-1,-69,94,29,15,40,9,46,-89,-89,40,71,-49,-96,77,-95,64,-80,-16,79,1,
-6,-67,96,26,16,38,10,51,-94,-86,43,76,-55,-96,76,-94,67,-80,-14,82,1,
-16,-23,-71,24,-83,92,80,33,65,56,-35,4,-43,-75,98,-49,-93,9,-47,-28,-1,
-6,-70,98,20,17,42,8,47,-93,-92,37,73,-53,-96,75,-98,66,-84,-17,82,1,
-1,-69,97,29,17,44,12,47,-89,-91,38,73,-52,-92,77,-95,68,-83,-14,75,1,
-4,-69,99,29,17,42,11,49,-94,-84,40,74,-51,-90,73,-93,66,-79,-12,81,1,
-11,-19,-71,24,-80,95,74,35,68,59,-31,7,-37,-78,99,-45,-93,9,-46,-29,-1,
1,-70,92,29,16,43,9,49,-93,-87,41,75,-52,-95,75,-95,65,-81,-16,79,1,
-16,-21,-75,23,-81,97,71,37,67,57,-36,5,-41,-80,98,-48,-93,10,-48,-31,-1,
-10,-23,-76,25,-82,96,79,36,66,62,-34,9,-38,-76,101,-52,-92,9,-45,-28,-1,
-2,-65,95,27,17,45,14,48,-94,-82,40,72,-49,-92,74,-94,65,-81,-13,83,1,
-13,-26,-73,21,-86,98,75,36,67,57,-33,9,-43,-76,99,-46,-89,10,-44,-27,-1,
-14,-14,-73,20,-84,99,72,33,70,58,-34,7,-39,-73,98,-46,-92,9,-46,-30,-1,
1,-73,96,30,17,42,6,48,-92,-90,35,77,-55,-94,73,-95,69,-83,-17,77,1,
-8,-24,-71,21,-84,99,77,36,67,60,-32,6,-40,-76,100,-49,-96,10,-46,-33,-1,
-10,-26,-66,23,-77,97,78,34,67,63,-31,5,-37,-76,99,-45,-92,12,-49,-27,-1,
-11,-26,-71,15,-85,99,73,33,66,59,-36,6,-40,-83,99,-49,-92,8,-41,-29,-1,
-1,-69,95,24,19,41,4,48,-95,-88,38,73,-53,-96,74,-97,62,-82,-16,80,1,
-14,-26,-75,18,-80,96,76,35,66,57,-36,5,-42,-78,96,-45,-97,8,-48,-30,-1,
0,-72,96,29,18,41,9,48,-92,-87,40,74,-53,-95,77,-97,67,-82,-16,82,1,
-3,-71,92,26,12,39,8,47,-96,-90,31,75,-54,-101,70,-98,63,-82,-18,78,1,
-17,-23,-77,26,-77,94,75,37,67,58,-36,6,-42,-77,97,-46,-93,9,-48,-31,-1,
-4,-69,95,30,17,43,11,47,-94,-86,41,78,-51,-93,73,-95,67,-80,-12,73,1,
-3,-69,95,27,12,36,6,43,-93,-93,37,73,-58,-96,71,-95,59,-81,-17,76,1,
0,-73,96,29,16,40,8,45,-98,-90,37,76,-56,-97,70,-96,62,-81,-16,72,1,
0,-67,96,29,15,38,11,49,-91,-92,37,79,-53,-90,73,-95,62,-81,-15,78,1,
0,-67,92,31,14,46,5,44,-94,-84,33,74,-51,-94,76,-96,64,-82,-17,75,1,
0,-68,97,29,14,42,8,45,-96,-88,38,75,-55,-96,75,-95,57,-80,-15,75,1,
2,-69,98,30,17,44,8,51,-92,-84,39,80,-50,-92,77,-95,63,-79,-13,78,1,
-15,-22,-74,23,-88,98,78,34,67,62,-35,5,-42,-74,101,-52,-94,12,-43,-31,-1,
-2,-71,95,31,14,36,9,47,-93,-87,34,77,-56,-96,75,-94,57,-80,-18,76,1,
-7,-69,94,29,16,39,14,46,-94,-90,38,77,-54,-92,69,-93,61,-82,-16,77,1,
-3,-71,99,27,14,40,7,44,-94,-92,36,72,-54,-94,73,-97,63,-79,-17,81,1,
-1,-69,98,29,14,39,11,45,-94,-91,37,74,-52,-94,73,-96,64,-82,-17,74,1,
-1,-69,96,26,13,41,8,46,-91,-90,38,75,-55,-91,75,-95,62,-82,-18,79,1,
2,-68,101,29,16,45,15,49,-92,-88,39,72,-48,-88,74,-94,63,-80,-13,80,1,
-4,-73,89,27,11,38,5,48,-96,-92,36,76,-53,-97,68,-95,61,-81,-20,72,1,
-7,-68,97,25,16,41,8,46,-94,-87,38,74,-51,-94,72,-95,61,-80,-15,82,1,
-10,-28,-74,18,-86,96,76,36,63,58,-36,5,-46,-77,98,-47,-100,10,-46,-32,-1,
-15,-23,-74,23,-82,93,77,31,64,58,-38,3,-42,-80,97,-55,-96,10,-50,-30,-1,
-13,-26,-74,18,-85,95,78,33,65,59,-38,9,-43,-79,98,-51,-90,8,-43,-29,-1,
-12,-24,-68,19,-83,96,79,35,66,60,-36,7,-43,-74,99,-44,-92,11,-47,-26,-1,
0,-68,98,31,15,40,10,45,-92,-91,36,76,-53,-94,74,-94,65,-81,-16,73,1,
-5,-69,97,29,13,40,8,47,-96,-88,36,78,-52,-98,77,-96,67,-83,-18,78,1,
-7,-64,94,30,16,35,12,47,-93,-86,32,80,-52,-95,75,-92,64,-81,-16,78,1,
-12,-30,-75,21,-86,95,73,31,65,59,-35,1,-43,-80,94,-53,-94,9,-44,-34,-1,
-12,-22,-76,21,-81,94,72,30,66,59,-35,11,-44,-76,99,-46,-94,6,-43,-31,-1,
-12,-28,-71,20,-80,96,80,33,67,61,-30,5,-40,-74,102,-49,-91,11,-46,-29,-1,
-2,-69,94,27,16,39,13,48,-93,-82,39,73,-52,-95,72,-92,63,-82,-17,78,1,
-14,-23,-74,17,-81,97,74,39,68,59,-35,7,-40,-78,99,-50,-95,11,-47,-28,-1,
-3,-68,97,25,14,39,8,48,-95,-87,38,76,-54,-97,73,-94,67,-81,-19,79,1,
-3,-67,95,30,15,42,14,45,-93,-90,40,78,-55,-93,78,-97,61,-80,-12,79,1,
2,-68,101,29,16,41,12,51,-92,-88,41,81,-53,-92,77,-93,62,-79,-15,79,1,
-12,-26,-78,20,-83,97,75,38,67,60,-36,8,-37,-79,100,-51,-92,8,-48,-30,-1,
-6,-27,-69,18,-83,97,75,37,67,62,-31,6,-42,-73,98,-51,-92,11,-42,-30,-1,
-4,-72,97,27,14,42,5,47,-91,-93,36,73,-52,-95,77,-99,64,-81,-17,80,1,
-7,-21,-74,25,-80,98,74,31,69,60,-35,6,-38,-78,102,-48,-91,13,-47,-29,-1,
-10,-20,-68,29,-83,98,83,34,68,64,-35,10,-38,-76,103,-44,-89,13,-45,-26,-1,
-4,-69,92,26,16,39,9,48,-97,-87,35,76,-51,-97,68,-95,61,-81,-17,77,1,
-14,-24,-73,21,-84,96,78,35,66,62,-33,10,-38,-74,104,-50,-95,9,-44,-27,-1,
-3,-68,95,28,15,41,9,46,-93,-90,36,75,-51,-95,75,-94,66,-80,-17,78,1,
-9,-24,-75,25,-81,97,75,37,66,62,-36,6,-38,-76,96,-46,-94,12,-47,-28,-1,
-15,-22,-71,21,-80,96,81,36,66,61,-39,5,-43,-77,99,-47,-91,10,-45,-27,-1,
-4,-70,95,28,16,40,16,45,-92,-90,39,75,-49,-95,72,-95,61,-80,-14,81,1,
0,-71,94,25,14,40,8,47,-92,-88,35,73,-51,-94,75,-95,59,-79,-17,82,1,
-12,-25,-73,25,-80,97,81,34,66,61,-35,3,-40,-77,98,-46,-96,11,-46,-29,-1,
-11,-24,-73,22,-84,100,82,31,68,59,-33,4,-37,-77,103,-52,-91,12,-44,-27,-1,
-15,-20,-72,20,-86,95,81,32,67,55,-35,5,-42,-75,98,-48,-92,9,-46,-30,-1,
-1,-69,95,28,14,40,8,45,-90,-91,36,72,-53,-92,72,-92,62,-82,-15,76,1,
-15,-24,-73,18,-86,93,75,28,66,57,-35,7,-41,-79,97,-52,-90,6,-46,-31,-1,
-15,-29,-71,22,-81,95,78,30,66,64,-35,7,-41,-78,99,-47,-95,10,-46,-29,-1,
-13,-24,-74,20,-81,95,78,29,67,59,-34,9,-39,-77,101,-48,-93,8,-45,-27,-1,
0,-73,92,23,13,39,5,49,-96,-90,39,75,-50,-100,70,-96,62,-79,-19,79,1,
-10,-26,-71,20,-81,96,73,40,65,60,-36,5,-41,-79,100,-48,-97,11,-48,-30,-1,
-14,-27,-71,22,-84,97,77,31,67,59,-36,7,-41,-77,99,-48,-95,12,-48,-27,-1,
-13,-22,-69,22,-83,97,73,31,68,63,-33,7,-36,-77,102,-47,-92,10,-46,-29,-1,
-11,-28,-72,20,-81,96,77,37,63,63,-40,4,-43,-79,102,-52,-94,11,-50,-31,-1,
3,-66,96,34,17,42,8,48,-93,-91,43,80,-54,-90,71,-95,66,-81,-12,74,1,
0,-70,91,26,14,37,8,46,-91,-90,40,76,-55,-97,75,-95,58,-82,-19,78,1,
-14,-24,-69,21,-82,98,76,35,68,59,-31,10,-38,-76,105,-42,-94,9,-48,-29,-1,
-8,-68,96,25,13,41,9,48,-94,-89,38,76,-52,-96,75,-95,67,-81,-17,79,1,
-1,-73,97,27,16,42,8,45,-91,-92,38,75,-50,-93,74,-96,67,-79,-15,77,1,
-11,-21,-70,23,-82,100,75,41,68,61,-33,4,-35,-75,101,-47,-90,12,-46,-26,-1,
-11,-23,-69,22,-80,94,79,36,66,59,-31,7,-44,-76,102,-47,-94,10,-44,-31,-1,
-13,-22,-71,23,-83,98,74,33,67,57,-33,7,-39,-77,103,-45,-91,10,-46,-29,-1,
0,-68,95,28,18,43,12,48,-91,-90,39,75,-50,-92,74,-96,68,-82,-15,80,1,
-10,-24,-72,15,-80,99,74,37,67,62,-36,5,-41,-77,96,-51,-92,10,-45,-29,-1,
-14,-22,-73,20,-81,96,81,33,65,62,-35,4,-39,-78,103,-51,-92,10,-46,-30,-1,
-9,-66,87,24,11,37,8,49,-98,-90,40,75,-53,-98,71,-95,64,-82,-19,79,1,
0,-65,100,30,16,40,10,47,-92,-89,39,78,-54,-92,76,-92,59,-80,-14,75,1,
-4,-70,96,30,17,41,11,47,-93,-88,40,79,-53,-93,74,-94,63,-81,-14,78,1,
-13,-24,-67,20,-84,94,78,31,66,60,-32,6,-39,-77,101,-50,-95,10,-46,-27,-1,
-15,-21,-79,18,-81,100,72,33,70,60,-36,5,-36,-79,94,-51,-95,8,-46,-30,-1,
-4,-71,93,29,16,41,13,43,-95,-94,37,73,-56,-93,72,-96,61,-81,-14,76,1,
-10,-28,-75,22,-81,93,76,31,65,59,-32,7,-40,-76,99,-49,-94,9,-47,-27,-1,
-3,-68,94,30,16,41,6,46,-97,-87,35,76,-56,-96,76,-98,66,-81,-13,77,1,
-3,-66,95,32,13,44,8,48,-93,-86,41,76,-49,-94,77,-91,62,-78,-15,78,1,
-6,-24,-70,21,-87,102,76,39,68,62,-36,8,-39,-77,103,-46,-94,12,-43,-29,-1,
-4,-72,89,25,11,36,7,48,-96,-88,34,76,-53,-98,68,-95,62,-79,-17,76,1,
-12,-26,-76,21,-82,95,76,34,66,57,-34,5,-42,-78,99,-48,-92,9,-46,-30,-1,
-13,-21,-70,21,-85,96,77,40,66,60,-37,9,-43,-80,98,-46,-95,9,-44,-30,-1,
-11,-26,-72,16,-84,93,76,33,66,58,-35,9,-41,-79,99,-50,-97,6,-46,-29,-1,
-12,-24,-74,20,-86,97,70,34,68,58,-35,5,-36,-76,97,-50,-93,10,-50,-29,-1,
-6,-69,94,30,18,40,7,45,-95,-90,32,77,-52,-94,71,-97,66,-81,-12,75,1,
-12,-22,-73,23,-81,95,77,33,67,60,-39,8,-45,-78,94,-47,-93,9,-43,-31,-1,
-17,-23,-74,24,-84,94,79,27,64,56,-33,3,-42,-78,101,-52,-93,10,-48,-31,-1,
0,-70,93,28,17,43,8,47,-92,-88,37,71,-52,-92,74,-97,71,-82,-18,81,1,
-5,-77,95,25,14,36,10,48,-95,-96,40,72,-58,-97,73,-98,63,-83,-20,77,1,
-11,-22,-77,20,-82,97,78,32,66,61,-36,9,-42,-73,102,-48,-94,8,-46,-29,-1,
0,-72,94,26,17,40,12,49,-91,-88,38,78,-51,-95,71,-94,62,-81,-16,80,1,
-7,-21,-71,22,-83,98,77,31,67,60,-33,8,-40,-72,101,-45,-91,10,-43,-30,-1,
-4,-68,94,24,16,41,11,47,-95,-95,42,75,-53,-93,70,-98,65,-82,-15,78,1,
-6,-28,-73,17,-82,95,76,30,66,58,-32,5,-44,-76,100,-47,-95,10,-45,-32,-1,
1,-69,97,27,15,40,6,47,-91,-92,36,78,-52,-93,72,-95,68,-81,-15,76,1,
0,-68,100,26,17,39,6,49,-91,-87,42,75,-56,-91,76,-95,65,-81,-16,78,1,
-5,-67,97,33,14,41,7,45,-95,-88,38,75,-54,-91,73,-94,59,-80,-15,76,1,
-10,-17,-70,25,-82,97,81,40,67,61,-35,8,-39,-72,99,-44,-92,11,-45,-27,-1,
-10,-22,-70,22,-80,99,75,34,67,62,-33,7,-35,-78,103,-47,-93,9,-45,-28,-1,
-15,-26,-70,24,-83,99,77,36,66,60,-35,4,-40,-74,99,-46,-98,12,-51,-30,-1,
-13,-22,-70,20,-82,94,78,28,67,59,-33,8,-39,-73,98,-44,-91,8,-49,-28,-1,
-4,-66,96,30,17,41,12,45,-95,-85,36,78,-51,-95,74,-94,63,-80,-13,78,1,
-3,-70,94,28,19,43,9,48,-93,-88,36,81,-52,-90,70,-96,68,-83,-15,74,1,
0,-69,95,28,19,39,5,48,-93,-88,41,74,-51,-94,72,-94,63,-81,-15,78,1,
-18,-20,-72,18,-85,96,76,28,66,58,-36,5,-36,-76,103,-52,-94,7,-52,-28,-1,
-11,-27,-73,26,-83,96,80,31,66,61,-36,5,-42,-75,102,-48,-94,13,-49,-29,-1,
-1,-68,94,29,16,37,6,50,-92,-88,40,80,-51,-97,74,-92,66,-79,-16,82,1,
-15,-20,-78,17,-80,97,76,36,68,58,-37,9,-39,-79,99,-47,-91,6,-45,-29,-1,
-9,-21,-70,26,-84,102,80,35,68,60,-33,7,-39,-75,101,-47,-93,11,-40,-30,-1,
-3,-68,92,29,14,37,11,46,-92,-90,36,76,-53,-94,71,-95,63,-81,-17,78,1,
0,-66,100,31,14,45,9,48,-92,-81,39,76,-51,-91,77,-94,68,-79,-14,82,1,
-9,-23,-67,21,-80,96,77,36,63,63,-36,2,-44,-77,101,-53,-91,10,-46,-34,-1,
-11,-21,-69,25,-85,97,77,29,69,60,-33,9,-34,-78,104,-44,-93,10,-45,-25,-1,
-5,-70,92,29,16,40,11,46,-95,-85,35,75,-54,-97,76,-98,63,-84,-17,76,1,
-3,-70,98,26,13,40,5,47,-94,-88,37,77,-54,-97,76,-96,59,-82,-19,78,1,
-8,-68,100,28,13,43,8,44,-93,-91,32,76,-51,-97,78,-97,67,-81,-17,81,1,
-15,-26,-74,18,-80,94,77,33,66,59,-38,7,-43,-80,100,-46,-94,8,-47,-31,-1,
-12,-29,-70,14,-82,96,75,35,65,58,-33,5,-42,-77,97,-49,-93,6,-44,-30,-1,
-11,-34,-74,17,-81,92,83,30,65,59,-35,3,-43,-79,97,-50,-90,7,-46,-32,-1,
0,-69,98,29,18,45,13,49,-89,-88,43,76,-51,-92,76,-94,69,-81,-14,83,1,
1,-70,98,25,17,39,10,46,-91,-90,37,75,-51,-99,75,-95,57,-82,-15,81,1,
0,-66,95,28,12,42,7,48,-94,-87,37,80,-52,-94,73,-95,62,-79,-15,80,1,
-1,-69,96,29,15,43,10,47,-91,-90,40,77,-53,-93,74,-95,69,-82,-14,77,1,
-13,-26,-76,18,-82,96,76,30,68,57,-34,5,-41,-74,99,-45,-92,8,-45,-30,-1,
0,-70,97,33,16,44,7,51,-93,-84,42,82,-52,-91,78,-91,63,-78,-13,77,1,
-7,-73,97,27,13,43,5,47,-94,-87,36,75,-54,-98,79,-98,67,-83,-16,78,1,
0,-71,94,27,18,42,7,48,-89,-86,37,75,-52,-95,75,-96,65,-80,-15,82,1,
-4,-69,94,28,13,42,12,46,-94,-85,36,79,-50,-95,77,-98,63,-82,-17,72,1,
-10,-26,-68,20,-81,96,81,39,66,62,-32,5,-39,-77,100,-46,-90,9,-46,-30,-1,
-9,-28,-69,16,-79,96,77,36,65,62,-33,10,-46,-75,96,-47,-96,9,-45,-31,-1,
3,-72,89,28,14,42,8,49,-92,-86,36,74,-52,-95,72,-96,66,-80,-16,78,1,
-14,-22,-71,20,-86,96,80,34,66,56,-39,8,-40,-78,101,-46,-91,9,-50,-28,-1,
-6,-70,91,25,16,38,13,48,-92,-90,42,78,-55,-94,72,-96,65,-82,-16,84,1,
-17,-30,-76,17,-85,91,75,31,64,56,-35,2,-41,-77,97,-53,-97,8,-53,-30,-1,
-12,-26,-71,20,-81,95,79,29,66,60,-35,6,-45,-78,99,-49,-95,10,-47,-32,-1,
-10,-68,89,22,11,38,7,44,-93,-92,37,67,-54,-94,69,-95,55,-82,-16,77,1,
-11,-17,-73,26,-78,100,81,34,67,63,-37,6,-39,-77,99,-47,-93,13,-46,-27,-1,
-8,-23,-74,18,-83,97,79,29,67,59,-36,7,-41,-76,97,-49,-90,9,-44,-29,-1,
5,-67,96,34,18,44,12,49,-88,-88,37,76,-49,-91,76,-92,63,-82,-15,77,1,
-3,-71,98,24,17,40,4,50,-96,-86,35,70,-56,-96,75,-97,69,-83,-20,83,1,
-3,-69,94,31,17,40,12,47,-93,-88,38,79,-53,-92,74,-95,61,-81,-13,75,1,
-10,-72,94,26,13,37,9,45,-96,-91,34,76,-56,-95,68,-96,65,-81,-19,78,1,
-3,-71,95,30,13,42,7,47,-94,-89,40,76,-56,-95,78,-98,66,-80,-16,75,1,
-12,-21,-73,28,-81,94,75,35,66,58,-35,10,-42,-75,99,-46,-91,10,-48,-28,-1,
-12,-23,-78,25,-82,97,73,34,67,59,-35,6,-40,-78,98,-47,-96,11,-48,-29,-1,
-10,-26,-72,19,-83,96,76,37,65,57,-34,3,-41,-76,97,-48,-96,9,-48,-31,-1,
-18,-25,-78,18,-78,94,74,33,69,58,-32,5,-39,-77,98,-49,-95,6,-49,-33,-1,
-5,-70,99,28,16,40,13,42,-95,-95,38,74,-56,-89,69,-96,63,-81,-16,74,1,
-15,-27,-74,17,-83,93,78,28,67,54,-34,7,-40,-77,102,-47,-94,7,-50,-29,-1,
-14,-28,-75,20,-83,97,79,31,67,59,-35,5,-43,-76,100,-48,-95,8,-47,-33,-1,
-10,-26,-75,16,-82,98,79,33,64,60,-36,1,-44,-75,101,-55,-97,11,-46,-30,-1,
-7,-24,-70,22,-86,94,77,32,65,62,-36,5,-41,-80,100,-52,-90,10,-44,-32,-1,
-17,-26,-70,17,-82,94,74,33,65,61,-35,9,-43,-75,99,-53,-92,9,-45,-26,-1,
-10,-22,-74,24,-79,97,80,34,66,59,-33,4,-37,-76,100,-47,-91,10,-45,-27,-1,
-15,-21,-73,21,-82,98,76,34,68,58,-35,5,-40,-75,97,-49,-98,11,-50,-30,-1,
1,-68,92,26,15,39,9,50,-93,-86,36,76,-53,-93,72,-94,62,-80,-16,79,1,
0,-70,96,26,17,43,7,44,-95,-91,32,75,-54,-98,75,-98,66,-82,-15,78,1,
-4,-66,98,30,15,43,11,47,-95,-84,38,74,-51,-94,77,-97,66,-80,-15,79,1,
-12,-20,-75,20,-82,96,79,32,67,62,-34,7,-37,-74,101,-53,-91,10,-45,-25,-1,
-4,-70,94,28,13,40,5,46,-95,-81,39,73,-53,-94,71,-92,58,-78,-14,81,1,
-11,-25,-71,25,-83,99,76,30,68,61,-34,10,-41,-77,103,-45,-92,11,-43,-29,-1,
-2,-69,98,30,20,40,14,50,-92,-90,43,77,-54,-90,74,-96,65,-81,-14,82,1,
-11,-24,-69,25,-80,98,80,33,67,64,-34,9,-38,-74,100,-47,-88,11,-44,-23,-1,
-3,-63,95,26,16,43,18,49,-91,-88,42,75,-50,-92,74,-92,63,-83,-16,78,1,
0,-74,97,23,15,37,6,48,-93,-94,37,74,-56,-98,70,-97,61,-82,-22,81,1,
-5,-69,97,28,17,39,12,44,-94,-88,29,79,-51,-95,75,-98,68,-82,-13,72,1,
-12,-20,-69,25,-80,97,86,31,66,64,-34,8,-42,-73,104,-48,-92,12,-44,-27,-1,
0,-70,97,23,17,44,11,50,-90,-87,38,78,-50,-91,74,-96,66,-81,-15,80,1,
-7,-70,93,23,14,40,6,45,-95,-93,38,70,-57,-95,73,-98,63,-84,-19,68,1,
-9,-24,-73,24,-85,98,78,32,66,59,-37,5,-38,-78,101,-47,-94,10,-47,-30,-1,
-5,-67,95,28,16,40,10,47,-95,-86,36,78,-52,-92,70,-94,63,-82,-16,74,1,
-5,-70,96,27,10,41,9,45,-94,-89,38,74,-52,-94,73,-96,66,-80,-18,71,1,
-14,-25,-73,18,-84,95,77,34,67,58,-35,4,-41,-75,102,-48,-97,10,-51,-31,-1,
-16,-28,-70,17,-86,96,76,34,65,58,-35,3,-44,-77,94,-46,-94,9,-45,-32,-1,
1,-71,91,29,13,44,6,46,-94,-87,39,75,-53,-97,77,-94,62,-79,-14,81,1,
-12,-21,-74,21,-81,94,74,31,68,60,-34,9,-41,-75,98,-49,-93,11,-48,-29,-1,
-2,-70,92,28,14,40,9,44,-92,-90,38,76,-55,-94,74,-96,64,-81,-16,78,1,
-10,-24,-71,19,-83,101,75,32,68,59,-38,5,-39,-78,97,-47,-89,9,-45,-29,-1,
-5,-70,93,31,12,39,11,45,-94,-91,37,76,-55,-96,76,-97,63,-82,-18,76,1,
0,-69,97,26,17,43,12,47,-91,-92,39,77,-53,-91,75,-96,64,-81,-13,84,1,
-1,-73,90,23,14,40,5,46,-96,-92,37,69,-54,-97,66,-97,63,-84,-17,69,1,
-6,-68,91,30,16,42,12,44,-93,-90,41,74,-49,-93,68,-92,60,-83,-13,73,1,
-2,-68,98,23,16,44,12,48,-92,-86,40,75,-53,-92,76,-97,65,-83,-15,75,1,
2,-66,95,35,18,44,13,50,-92,-86,36,82,-49,-92,78,-94,63,-80,-10,77,1,
-8,-25,-78,27,-82,99,80,36,68,64,-36,6,-37,-78,102,-53,-91,13,-41,-27,-1,
-10,-22,-74,21,-80,96,74,36,68,59,-34,7,-40,-73,100,-47,-93,10,-49,-29,-1,
-6,-70,94,26,14,43,9,44,-94,-89,40,71,-54,-95,71,-96,61,-82,-17,75,1,
-12,-29,-68,19,-79,98,78,34,68,61,-32,7,-40,-76,100,-44,-89,9,-45,-29,-1,
-5,-69,97,28,17,39,7,46,-92,-87,36,76,-52,-94,73,-95,63,-80,-14,81,1,
-8,-18,-76,21,-83,97,78,40,67,59,-37,9,-42,-73,96,-44,-94,10,-46,-30,-1,
-1,-74,97,32,17,40,5,47,-93,-92,39,77,-50,-95,73,-94,63,-79,-14,77,1,
-8,-21,-72,17,-79,96,76,34,70,61,-33,7,-42,-75,99,-46,-95,10,-46,-34,-1,
-1,-68,95,32,16,41,9,48,-90,-91,38,77,-48,-96,77,-93,66,-81,-14,75,1,
-14,-25,-72,22,-82,98,78,30,68,60,-31,4,-37,-78,103,-49,-92,11,-45,-28,-1,
-17,-24,-72,24,-82,95,81,30,68,60,-34,8,-40,-78,101,-44,-96,9,-46,-28,-1,
-7,-28,-72,21,-81,100,75,34,68,59,-30,4,-37,-79,101,-47,-90,12,-42,-27,-1,
-9,-20,-72,22,-83,97,80,36,65,60,-35,4,-43,-74,100,-47,-92,10,-45,-29,-1,
-1,-71,91,28,12,44,4,45,-93,-88,38,68,-52,-94,70,-96,59,-81,-17,76,1,
-9,-26,-74,24,-79,98,82,34,69,63,-36,8,-44,-76,99,-42,-93,11,-41,-31,-1,
-17,-26,-75,21,-82,96,76,40,65,59,-37,3,-41,-77,97,-51,-93,10,-49,-30,-1,
2,-69,93,28,15,40,11,45,-92,-86,35,76,-51,-97,76,-96,63,-82,-17,75,1,
-3,-66,96,30,14,39,7,50,-96,-90,43,79,-51,-97,71,-92,61,-77,-15,82,1,
-15,-29,-71,22,-82,95,78,35,64,61,-35,4,-45,-80,100,-51,-99,10,-46,-33,-1,
-13,-27,-75,23,-80,97,75,35,67,58,-36,6,-41,-78,99,-49,-93,10,-47,-31,-1,
-3,-68,91,31,14,42,17,45,-93,-90,38,79,-55,-94,78,-97,64,-81,-12,79,1,
-8,-24,-77,23,-83,97,76,36,69,56,-35,7,-37,-76,98,-46,-91,10,-48,-28,-1,
-8,-16,-73,21,-80,100,78,42,69,61,-31,7,-33,-73,109,-44,-91,12,-47,-24,-1,
-11,-24,-74,19,-81,97,76,35,68,56,-37,5,-41,-75,99,-46,-95,11,-51,-29,-1,
-13,-24,-74,17,-82,95,76,32,67,57,-33,5,-40,-76,100,-46,-92,6,-48,-32,-1,
-1,-69,92,27,12,44,10,48,-92,-84,37,77,-50,-92,72,-94,63,-81,-18,77,1,
-6,-73,96,25,16,40,13,45,-96,-89,39,75,-53,-95,73,-99,66,-81,-16,76,1,
-2,-69,94,29,13,42,11,46,-92,-88,40,75,-54,-88,75,-97,64,-79,-16,78,1,
0,-67,99,28,20,41,13,49,-91,-86,36,79,-50,-93,75,-93,68,-80,-13,84,1,
-12,-21,-72,20,-81,97,77,32,66,61,-38,4,-44,-75,102,-47,-95,11,-48,-31,-1,
-3,-70,98,27,19,40,10,47,-91,-89,38,76,-52,-93,70,-93,66,-81,-16,82,1,
1,-70,96,27,17,44,3,48,-92,-89,38,74,-52,-93,72,-93,61,-82,-15,79,1,
-14,-29,-74,19,-84,94,77,27,68,56,-34,7,-42,-81,98,-46,-94,7,-45,-32,-1,
-2,-71,98,31,18,42,12,46,-94,-87,34,74,-52,-94,74,-96,64,-80,-14,76,1,
-12,-23,-77,24,-80,97,77,35,67,59,-34,5,-40,-78,99,-50,-91,9,-44,-32,-1,
-4,-69,95,28,14,42,8,49,-93,-89,40,75,-49,-96,76,-93,63,-80,-16,80,1,
-9,-22,-77,21,-83,96,78,35,65,61,-37,5,-40,-77,102,-53,-94,9,-44,-29,-1,
-12,-29,-69,19,-82,96,76,33,68,61,-33,7,-41,-78,101,-47,-92,11,-46,-30,-1,
-4,-70,94,33,11,42,5,46,-94,-88,44,74,-54,-95,74,-95,63,-81,-16,74,1,
0,-67,99,27,16,41,5,47,-93,-90,37,73,-53,-93,76,-95,63,-79,-14,79,1,
-8,-28,-68,21,-85,96,75,33,65,58,-35,5,-38,-78,99,-50,-89,9,-47,-28,-1,
-16,-23,-74,21,-82,96,78,31,69,60,-34,7,-38,-80,98,-50,-90,8,-42,-28,-1,
-11,-27,-68,20,-82,95,77,35,65,64,-34,10,-43,-77,104,-50,-93,11,-45,-29,-1,
-14,-21,-72,21,-84,97,74,33,67,59,-32,6,-35,-77,104,-49,-95,11,-49,-25,-1,
-13,-24,-72,21,-83,97,72,35,67,59,-36,9,-39,-80,101,-47,-93,10,-47,-29,-1,
-12,-21,-71,24,-79,101,78,35,68,64,-40,12,-40,-76,100,-42,-92,11,-45,-26,-1,
-2,-70,99,25,16,39,9,48,-96,-87,35,73,-53,-95,74,-96,68,-80,-16,78,1,
-14,-27,-72,21,-83,95,80,37,65,60,-37,3,-42,-79,102,-52,-88,11,-47,-31,-1,
-13,-21,-76,20,-79,98,79,32,69,60,-33,5,-37,-74,100,-45,-95,8,-47,-30,-1,
-14,-21,-72,23,-81,97,71,36,68,60,-32,8,-41,-75,100,-48,-96,12,-45,-31,-1,
-2,-70,98,24,18,36,11,48,-95,-89,39,79,-55,-92,71,-94,61,-80,-16,77,1,
-9,-23,-74,18,-85,98,72,30,68,56,-33,7,-38,-74,98,-46,-91,9,-45,-28,-1,
-8,-70,92,25,13,40,5,45,-95,-92,34,77,-54,-96,74,-98,61,-83,-18,77,1,
-13,-19,-67,22,-84,97,74,35,66,59,-34,8,-40,-76,99,-47,-96,10,-46,-28,-1,
-3,-71,92,25,13,42,4,47,-94,-90,36,70,-52,-96,71,-96,68,-81,-18,77,1,
-10,-26,-73,23,-85,96,78,33,64,62,-40,8,-44,-74,97,-48,-93,11,-47,-29,-1,
-6,-70,94,27,14,40,5,49,-96,-87,40,76,-51,-95,70,-94,66,-81,-17,74,1,
-6,-69,93,24,12,39,4,46,-95,-88,34,76,-54,-97,75,-98,69,-80,-18,80,1,
-11,-19,-74,22,-77,96,76,31,68,60,-34,9,-43,-75,99,-43,-93,9,-45,-32,-1,
-9,-24,-68,21,-79,99,78,44,67,63,-36,8,-42,-74,100,-44,-96,15,-46,-26,-1,
-3,-68,96,34,16,41,11,46,-93,-92,39,76,-54,-95,79,-93,61,-81,-15,77,1,
-1,-71,100,26,18,39,9,46,-92,-93,39,76,-52,-93,71,-95,64,-81,-16,75,1,
-5,-69,96,27,13,39,8,47,-92,-90,42,73,-52,-94,76,-96,63,-79,-16,80,1,
-12,-23,-75,20,-81,97,78,37,67,60,-32,6,-41,-76,100,-50,-91,10,-43,-30,-1,
-11,-25,-76,21,-84,96,81,33,67,57,-34,6,-42,-73,95,-49,-91,10,-46,-30,-1,
-9,-21,-68,25,-79,98,81,37,68,64,-30,6,-39,-72,101,-42,-94,12,-44,-29,-1,
0,-69,95,29,16,40,5,48,-94,-87,36,76,-54,-96,74,-97,63,-81,-14,77,1,
-11,-19,-73,18,-80,100,78,30,68,59,-33,6,-42,-74,101,-46,-90,11,-43,-28,-1,
-12,-22,-72,22,-81,95,79,36,66,59,-36,6,-42,-80,98,-46,-90,10,-46,-31,-1,
-3,-68,92,31,16,41,9,45,-90,-84,38,75,-55,-93,74,-91,62,-82,-15,77,1,
-15,-27,-74,22,-83,96,75,35,64,58,-36,3,-41,-81,102,-49,-96,10,-49,-30,-1,
4,-71,96,27,18,43,8,46,-90,-88,39,72,-50,-94,77,-96,66,-81,-14,77,1,
-6,-73,95,23,12,40,4,49,-96,-90,40,72,-54,-96,71,-96,58,-82,-20,80,1,
-9,-19,-70,22,-80,101,75,39,68,61,-37,10,-39,-77,102,-42,-88,10,-43,-28,-1,
-5,-71,93,27,11,39,5,45,-92,-88,36,76,-57,-96,76,-99,58,-82,-17,79,1,
-10,-25,-71,21,-81,98,80,37,69,60,-35,8,-41,-76,97,-44,-93,11,-44,-30,-1,
-5,-67,92,27,13,40,11,46,-92,-89,34,74,-53,-94,74,-97,60,-83,-16,75,1,
-13,-69,98,26,12,38,14,45,-97,-87,32,76,-54,-96,75,-97,57,-82,-21,79,1,
-8,-67,94,26,13,37,4,47,-93,-88,34,78,-57,-96,75,-97,63,-83,-19,79,1,
-11,-22,-74,24,-81,97,77,39,68,57,-32,7,-41,-78,99,-45,-91,10,-42,-29,-1,
-9,-22,-73,22,-83,96,75,33,67,58,-30,6,-42,-78,103,-46,-94,10,-43,-31,-1,
0,-66,96,23,16,41,9,49,-93,-85,41,77,-53,-93,73,-96,67,-80,-14,79,1,
-10,-25,-75,19,-84,100,77,35,67,61,-36,8,-36,-77,103,-46,-94,10,-47,-27,-1,
-6,-26,-72,23,-83,98,75,34,64,61,-37,4,-42,-74,98,-45,-89,11,-49,-30,-1,
1,-67,98,31,18,44,9,47,-91,-87,38,75,-50,-91,73,-94,65,-79,-13,79,1,
-7,-21,-74,19,-82,98,76,34,68,62,-36,6,-40,-74,97,-50,-92,12,-44,-29,-1,
-1,-68,97,29,16,42,6,48,-93,-90,42,76,-53,-91,76,-96,67,-80,-14,79,1,
-3,-69,92,30,14,38,12,47,-93,-92,37,74,-53,-97,74,-95,59,-81,-17,78,1,
-1,-71,95,25,20,41,5,48,-94,-90,40,76,-54,-94,71,-97,66,-82,-13,77,1,
-3,-67,93,30,19,41,12,51,-92,-83,42,77,-53,-88,73,-96,67,-80,-12,84,1,
-12,-21,-73,22,-81,96,72,39,67,60,-35,8,-36,-76,99,-46,-93,9,-50,-27,-1,
-11,-25,-72,20,-83,95,76,34,67,58,-37,7,-40,-76,99,-43,-93,9,-51,-31,-1,
-3,-69,93,30,16,40,11,49,-95,-88,41,78,-54,-94,73,-93,63,-81,-13,79,1,
-17,-27,-73,20,-81,91,73,36,66,57,-36,8,-45,-78,93,-43,-94,8,-47,-29,-1,
-12,-23,-76,17,-84,96,77,30,68,56,-34,8,-40,-77,101,-45,-89,8,-44,-26,-1,
-2,-70,92,27,17,40,9,48,-90,-88,42,75,-53,-96,75,-93,69,-81,-16,86,1,
-11,-18,-74,20,-78,96,79,27,68,58,-34,4,-41,-76,99,-52,-93,8,-45,-32,-1,
0,-69,94,31,13,39,10,48,-95,-88,33,75,-51,-96,74,-96,63,-79,-18,79,1,
-10,-28,-74,23,-82,94,80,31,67,58,-32,6,-40,-76,103,-45,-94,10,-49,-29,-1,
-11,-23,-74,21,-79,95,76,36,65,61,-35,5,-46,-73,97,-49,-90,11,-46,-30,-1,
-1,-71,93,32,16,38,11,47,-93,-86,41,74,-52,-96,73,-94,61,-79,-16,78,1,
-17,-22,-70,20,-83,92,72,30,66,58,-38,9,-48,-76,95,-43,-94,10,-48,-30,-1,
-8,-26,-71,23,-78,97,77,38,67,60,-36,8,-41,-80,101,-44,-89,10,-45,-29,-1,
-8,-21,-74,25,-82,95,75,36,68,62,-36,9,-40,-76,101,-46,-94,13,-45,-27,-1,
-11,-31,-75,24,-84,95,75,34,64,61,-35,7,-44,-78,101,-53,-93,9,-44,-32,-1,
-9,-15,-72,23,-80,98,78,35,68,60,-36,6,-38,-74,101,-46,-91,12,-47,-25,-1,
-12,-23,-70,24,-81,100,76,34,69,65,-34,7,-40,-76,98,-47,-92,12,-43,-30,-1,
0,-69,96,32,15,41,5,48,-96,-84,36,80,-54,-93,76,-96,58,-79,-15,78,1,
0,-71,96,26,16,38,10,46,-94,-91,41,74,-54,-98,70,-96,63,-82,-16,75,1,
-12,-23,-73,21,-80,96,76,34,67,60,-34,3,-38,-79,98,-49,-92,9,-48,-31,-1,
-13,-22,-74,20,-82,96,76,31,68,57,-37,7,-40,-80,98,-48,-93,8,-45,-30,-1,
-17,-25,-75,21,-80,97,76,33,69,59,-32,5,-41,-78,95,-49,-97,10,-43,-31,-1,
-20,-25,-76,18,-80,97,75,29,67,61,-38,5,-46,-78,97,-52,-99,10,-45,-32,-1,
1,-74,99,28,15,43,6,47,-94,-88,34,75,-52,-97,76,-98,66,-82,-16,72,1,
-13,-23,-71,19,-79,99,79,37,67,61,-33,5,-38,-79,103,-46,-95,8,-44,-30,-1,
-4,-72,95,27,19,44,6,48,-95,-90,39,77,-52,-93,73,-97,66,-81,-13,78,1,
0,-70,97,28,14,41,11,48,-92,-93,42,77,-54,-94,74,-94,64,-80,-15,78,1,
-4,-66,95,26,15,40,10,47,-93,-91,44,74,-52,-93,71,-92,64,-79,-15,83,1,
-5,-66,95,31,14,39,10,48,-94,-81,37,79,-54,-95,76,-94,63,-80,-15,74,1,
-3,-69,98,28,16,39,14,47,-94,-90,40,82,-53,-97,75,-98,65,-81,-14,73,1,
-9,-24,-72,19,-79,97,78,43,69,62,-30,5,-37,-74,106,-47,-90,13,-47,-28,-1,
-7,-23,-74,21,-82,99,76,35,68,60,-36,7,-41,-75,98,-45,-96,12,-44,-28,-1,
-11,-23,-75,23,-83,95,81,33,67,59,-32,5,-41,-74,100,-51,-93,10,-41,-28,-1,
-10,-26,-76,23,-82,94,76,33,65,61,-41,5,-41,-78,98,-50,-93,10,-49,-29,-1,
-9,-24,-71,20,-82,94,76,36,67,58,-33,8,-40,-76,98,-46,-89,9,-45,-28,-1,
0,-73,91,27,13,39,9,49,-94,-88,44,69,-52,-97,72,-93,61,-80,-14,75,1,
-12,-26,-75,17,-87,95,74,35,66,61,-41,6,-42,-78,89,-52,-96,7,-48,-33,-1,
0,-69,96,28,17,42,12,46,-89,-84,38,77,-53,-93,76,-94,65,-81,-14,79,1,
1,-70,91,31,14,41,6,47,-92,-86,36,73,-55,-96,80,-95,66,-81,-16,79,1,
-11,-17,-70,21,-80,99,79,37,68,58,-34,6,-37,-75,99,-41,-89,8,-44,-29,-1,
-11,-22,-75,21,-83,95,73,36,67,57,-33,5,-41,-76,97,-48,-96,11,-46,-30,-1,
-11,-23,-70,21,-80,97,81,35,66,60,-31,5,-39,-75,104,-50,-90,12,-46,-26,-1,
-6,-26,-70,16,-82,97,74,35,68,59,-32,8,-40,-74,101,-46,-92,10,-46,-28,-1,
-8,-64,94,26,13,42,9,45,-96,-85,34,73,-49,-94,71,-95,65,-80,-15,79,1,
-14,-21,-76,22,-84,98,75,36,67,57,-34,7,-42,-76,100,-48,-94,8,-46,-33,-1,
-12,-25,-72,19,-83,99,75,34,67,61,-36,5,-42,-72,97,-49,-98,11,-48,-30,-1,
-3,-70,94,27,13,37,7,48,-91,-93,38,71,-56,-94,74,-96,64,-84,-20,79,1,
-3,-70,94,28,14,41,12,46,-94,-92,40,75,-55,-93,74,-97,59,-83,-16,74,1,
-3,-20,-73,24,-78,97,80,35,68,63,-36,8,-42,-72,98,-46,-90,12,-42,-29,-1,
-2,-69,97,29,11,42,10,48,-91,-86,39,73,-51,-93,79,-95,61,-80,-15,74,1,
0,-71,96,28,16,42,6,49,-92,-90,44,70,-56,-91,74,-94,60,-80,-13,79,1,
-14,-23,-73,20,-78,97,77,34,69,61,-34,8,-43,-74,101,-46,-93,10,-42,-28,-1,
0,-69,94,33,19,44,15,48,-89,-87,45,75,-52,-91,77,-93,66,-84,-13,79,1,
-11,-23,-72,23,-85,94,79,34,66,58,-34,7,-40,-73,96,-46,-92,10,-48,-28,-1,
-13,-23,-71,20,-85,97,76,32,67,60,-37,11,-39,-74,96,-45,-95,9,-45,-25,-1,
-11,-31,-70,18,-85,95,77,35,65,60,-34,6,-41,-79,100,-50,-91,7,-44,-32,-1,
-6,-19,-70,19,-80,97,78,33,67,62,-33,12,-44,-73,101,-49,-88,11,-42,-28,-1,
-12,-24,-67,23,-82,98,85,40,66,61,-35,5,-39,-74,103,-46,-93,13,-48,-26,-1,
-10,-25,-73,18,-82,99,75,35,67,60,-33,7,-40,-76,103,-50,-93,12,-44,-28,-1,
-11,-18,-75,25,-81,99,77,38,66,63,-35,6,-40,-75,102,-48,-96,13,-45,-29,-1,
-2,-64,90,31,16,42,12,44,-94,-86,36,74,-51,-98,75,-93,63,-83,-13,79,1,
-3,-68,96,33,17,40,12,49,-94,-88,44,75,-53,-94,76,-92,68,-80,-14,79,1,
-10,-28,-76,25,-83,99,74,33,66,59,-36,7,-40,-80,98,-49,-91,9,-43,-31,-1,
-6,-69,98,25,18,39,10,45,-93,-90,40,75,-53,-94,71,-94,62,-81,-14,74,1,
-10,-20,-67,26,-84,99,77,44,68,59,-32,8,-38,-75,101,-40,-91,14,-44,-25,-1,
0,-67,95,29,15,40,8,50,-95,-85,40,77,-53,-94,73,-93,59,-79,-16,81,1,
-14,-25,-71,20,-80,94,80,33,65,61,-36,5,-43,-76,97,-48,-94,10,-47,-28,-1,
1,-72,98,28,17,40,5,45,-93,-84,35,74,-54,-94,73,-97,61,-80,-16,76,1,
-1,-73,98,24,15,41,7,49,-90,-87,41,73,-48,-94,72,-93,66,-78,-16,77,1,
0,-69,98,25,16,40,10,46,-93,-88,40,74,-50,-96,74,-96,66,-78,-14,80,1,
-8,-70,91,28,13,41,6,46,-95,-89,38,72,-57,-96,75,-98,62,-84,-19,80,1,
-14,-21,-75,20,-83,97,74,37,68,57,-34,9,-39,-73,100,-46,-94,11,-45,-26,-1,
0,-64,102,29,15,46,9,47,-89,-83,44,76,-51,-88,78,-93,66,-80,-13,77,1,
-2,-69,99,25,14,40,9,46,-96,-90,35,78,-53,-98,73,-96,64,-84,-18,72,1,
-8,-73,93,25,13,42,6,45,-95,-93,40,73,-53,-96,74,-97,58,-81,-14,79,1,
-11,-24,-70,21,-83,96,76,30,67,59,-32,6,-42,-72,98,-44,-96,10,-47,-30,-1,
-15,-21,-67,19,-77,95,81,35,69,59,-34,9,-40,-76,98,-39,-90,9,-47,-25,-1,
-9,-26,-68,24,-83,98,77,40,66,63,-34,5,-40,-74,99,-46,-89,11,-44,-29,-1,
-16,-26,-76,19,-82,96,83,34,65,62,-36,6,-42,-77,100,-50,-95,8,-46,-29,-1,
-14,-21,-72,20,-82,95,73,30,65,60,-34,4,-45,-79,98,-49,-94,11,-44,-31,-1,
-12,-20,-73,25,-87,96,77,35,67,57,-33,8,-43,-75,99,-46,-94,12,-44,-30,-1,
-2,-68,89,24,15,40,6,47,-91,-89,39,73,-51,-96,74,-96,63,-81,-15,82,1,
-7,-69,99,24,15,40,4,45,-95,-92,35,70,-55,-96,72,-97,63,-83,-18,76,1,
-3,-70,96,27,14,43,15,43,-92,-88,42,71,-49,-94,76,-94,59,-80,-15,81,1,
-5,-70,95,31,17,42,14,46,-96,-87,39,74,-52,-91,70,-93,63,-81,-15,77,1,
-7,-71,92,28,13,40,10,44,-91,-93,35,74,-53,-93,74,-97,61,-82,-14,78,1,
-13,-23,-75,24,-81,97,73,35,68,58,-33,4,-37,-77,95,-44,-97,10,-47,-30,-1,
-5,-68,97,32,16,41,8,48,-94,-82,36,75,-49,-94,75,-93,63,-78,-16,78,1,
-12,-22,-76,28,-83,96,79,37,66,62,-35,7,-40,-79,101,-46,-95,12,-44,-28,-1,
-4,-71,99,30,15,41,7,47,-93,-91,33,75,-52,-95,77,-97,64,-81,-16,80,1,
-10,-22,-70,23,-82,95,76,35,65,59,-35,8,-46,-77,101,-48,-91,12,-45,-32,-1,
-1,-69,96,30,15,41,12,46,-92,-87,37,76,-55,-92,75,-95,63,-80,-16,83,1,
-6,-70,96,27,15,37,9,48,-94,-85,34,78,-51,-97,76,-96,63,-82,-17,75,1,
-10,-24,-69,23,-83,95,79,34,66,61,-32,6,-43,-71,103,-46,-92,13,-48,-28,-1,
-10,-21,-79,21,-83,94,76,34,65,56,-36,5,-40,-77,101,-49,-98,10,-50,-28,-1,
-10,-18,-77,19,-81,96,73,29,67,58,-38,6,-42,-76,97,-48,-95,9,-45,-32,-1,
-17,-22,-73,22,-80,94,79,38,68,60,-35,8,-41,-77,101,-42,-94,9,-47,-29,-1,
-1,-68,91,27,14,42,5,46,-91,-87,43,72,-52,-93,75,-95,63,-80,-14,81,1,
-4,-71,94,29,15,42,6,48,-92,-93,42,76,-52,-93,74,-95,64,-80,-16,81,1,
-14,-26,-74,23,-83,95,78,32,66,60,-37,7,-41,-77,98,-50,-90,7,-46,-32,-1,
-3,-25,-70,22,-86,98,76,41,67,60,-33,8,-42,-75,100,-48,-92,13,-43,-31,-1,
-4,-70,96,26,13,44,11,48,-97,-89,41,77,-49,-95,72,-95,65,-80,-15,76,1,
-1,-68,93,28,13,41,8,47,-92,-85,36,75,-52,-94,76,-96,64,-81,-17,81,1,
-10,-27,-72,27,-77,95,83,32,64,61,-32,5,-43,-76,100,-49,-92,13,-46,-28,-1,
-2,-67,95,27,16,42,14,49,-91,-82,39,74,-47,-92,74,-90,61,-79,-13,82,1,
-5,-69,97,29,11,40,11,46,-97,-89,36,76,-52,-95,72,-93,63,-79,-16,79,1,
-1,-71,91,26,13,40,7,49,-94,-89,39,79,-51,-98,72,-97,61,-81,-17,79,1,
-11,-28,-75,24,-87,97,73,32,66,60,-34,7,-41,-76,98,-49,-96,9,-45,-33,-1,
0,-70,99,26,15,42,8,47,-93,-87,37,75,-51,-95,74,-94,60,-79,-15,80,1,
-2,-67,98,31,19,40,7,49,-91,-87,36,77,-54,-91,75,-93,67,-81,-13,79,1,
0,-71,90,29,17,42,11,48,-93,-89,37,75,-53,-95,72,-97,64,-82,-15,81,1,
0,-66,97,28,15,43,12,47,-89,-87,37,75,-50,-92,78,-95,64,-80,-14,78,1,
-14,-23,-69,24,-84,97,83,31,67,61,-33,7,-40,-74,100,-46,-94,10,-43,-28,-1,
-3,-68,92,28,15,42,7,45,-93,-88,37,78,-54,-94,73,-96,60,-80,-14,82,1,
-8,-29,-72,19,-82,95,74,34,64,60,-35,5,-47,-79,96,-49,-95,10,-45,-33,-1,
-8,-18,-73,19,-77,97,77,37,68,58,-36,2,-39,-78,100,-49,-90,9,-47,-31,-1,
-11,-23,-72,20,-82,96,78,36,67,59,-35,7,-42,-76,96,-45,-98,11,-47,-29,-1,
-7,-73,92,30,11,40,6,46,-94,-93,39,76,-54,-95,73,-95,61,-83,-20,75,1,
-9,-73,97,25,18,41,5,41,-93,-88,38,67,-51,-95,71,-96,66,-82,-16,78,1,
-2,-70,94,31,16,41,12,47,-93,-84,37,79,-53,-93,74,-95,68,-81,-15,76,1,
-6,-69,95,28,13,42,11,44,-94,-87,43,74,-52,-94,77,-96,64,-81,-15,76,1,
-14,-20,-74,23,-77,91,74,37,67,56,-31,6,-39,-75,98,-45,-92,7,-49,-30,-1,
-1,-69,96,24,14,39,4,46,-93,-89,33,75,-54,-96,73,-96,61,-80,-17,78,1,
-11,-26,-73,21,-81,100,75,34,68,62,-34,7,-40,-78,101,-50,-88,9,-42,-31,-1,
-8,-23,-71,23,-82,97,73,37,67,58,-34,8,-43,-74,98,-47,-93,14,-45,-28,-1,
-5,-70,93,25,10,40,8,46,-94,-89,33,73,-51,-96,74,-95,65,-79,-17,73,1,
-5,-70,88,26,13,39,9,46,-94,-89,39,73,-56,-97,74,-96,59,-83,-19,78,1,
-13,-23,-74,25,-85,96,76,33,68,59,-33,5,-38,-76,102,-51,-94,10,-48,-31,-1,
-11,-18,-72,17,-83,97,76,32,70,59,-34,13,-41,-74,101,-47,-91,8,-42,-27,-1,
-4,-71,94,24,14,40,13,44,-94,-90,37,73,-55,-96,74,-98,66,-82,-16,80,1,
-12,-23,-72,21,-80,94,80,30,66,59,-36,7,-40,-78,102,-46,-87,7,-47,-28,-1,
-5,-72,95,27,14,44,5,46,-93,-89,40,76,-51,-94,72,-93,60,-81,-16,78,1,
-6,-71,95,29,14,39,5,45,-94,-90,37,75,-55,-95,72,-96,61,-79,-16,79,1,
-5,-66,95,28,19,44,13,47,-94,-90,39,75,-51,-89,72,-94,59,-83,-12,75,1,
-12,-27,-71,21,-83,96,80,32,67,60,-35,9,-39,-76,107,-49,-90,9,-47,-28,-1,
-4,-72,101,28,14,40,5,47,-98,-87,40,73,-54,-95,72,-95,62,-79,-17,78,1,
-7,-25,-74,24,-85,99,77,29,68,57,-36,8,-39,-80,97,-44,-89,10,-44,-29,-1,
-8,-24,-73,19,-82,96,79,36,66,57,-34,5,-38,-76,101,-46,-93,10,-48,-28,-1,
-2,-71,95,28,14,39,0,46,-95,-93,34,71,-54,-99,74,-97,56,-83,-20,74,1,
-12,-23,-72,25,-82,95,81,37,67,61,-36,8,-39,-77,97,-51,-94,11,-46,-28,-1,
-13,-30,-67,18,-87,95,74,26,67,56,-32,6,-42,-79,100,-49,-93,7,-46,-34,-1,
-19,-20,-75,23,-82,97,75,33,66,60,-37,7,-41,-76,97,-45,-95,9,-49,-30,-1,
-5,-69,98,26,14,41,6,46,-94,-83,38,74,-54,-93,75,-94,59,-80,-17,83,1,
1,-71,93,28,13,41,10,46,-93,-88,39,76,-56,-94,73,-96,63,-80,-17,77,1,
-8,-24,-74,19,-81,99,75,38,68,62,-36,8,-40,-77,98,-44,-92,9,-40,-29,-1,
-9,-23,-68,23,-83,97,80,34,66,63,-31,6,-42,-75,104,-50,-90,11,-44,-32,-1,
-10,-27,-68,21,-83,91,79,33,64,59,-33,5,-43,-78,99,-50,-85,8,-46,-30,-1,
-12,-24,-69,25,-84,97,78,41,66,61,-29,7,-39,-75,105,-49,-88,11,-45,-29,-1,
-4,-68,96,28,20,43,8,48,-94,-86,37,81,-52,-95,75,-97,62,-83,-11,72,1,
0,-71,97,26,16,43,11,45,-91,-88,36,76,-55,-92,75,-97,69,-83,-17,79,1,
-12,-27,-74,22,-82,95,80,38,65,59,-34,3,-41,-76,100,-49,-96,10,-49,-32,-1,
-4,-69,93,28,12,36,6,44,-94,-90,37,74,-56,-95,73,-97,65,-81,-19,79,1,
-1,-69,92,30,15,43,6,47,-92,-92,39,78,-51,-92,73,-95,64,-80,-18,78,1,
-10,-23,-72,23,-86,99,77,35,67,59,-37,8,-41,-75,94,-46,-94,10,-45,-30,-1,
-12,-27,-72,25,-79,93,80,29,65,58,-35,5,-45,-77,98,-46,-89,8,-47,-32,-1,
-19,-27,-72,16,-81,96,78,33,66,60,-35,6,-43,-77,101,-50,-97,10,-47,-29,-1,
-13,-21,-71,22,-84,96,76,28,68,59,-35,6,-42,-75,98,-47,-95,11,-47,-30,-1,
-11,-25,-74,24,-83,96,69,38,65,59,-37,8,-40,-75,98,-49,-96,10,-50,-28,-1,
-6,-26,-72,20,-84,96,75,33,67,59,-35,7,-41,-76,102,-48,-90,11,-48,-30,-1,
-10,-26,-76,22,-82,101,75,34,67,59,-39,8,-39,-82,100,-43,-92,11,-47,-29,-1,
2,-69,93,32,18,43,6,49,-91,-89,41,80,-54,-93,77,-95,63,-82,-15,79,1,
-9,-28,-76,20,-83,97,79,37,65,61,-35,6,-39,-75,100,-51,-95,7,-47,-31,-1,
-1,-69,96,30,17,44,11,48,-92,-86,36,74,-52,-92,77,-94,68,-80,-12,79,1,
-13,-22,-72,24,-81,94,82,35,68,62,-31,6,-37,-74,102,-48,-92,10,-48,-30,-1,
-5,-25,-69,20,-81,96,76,31,69,59,-32,8,-41,-70,97,-43,-97,9,-47,-31,-1,
1,-68,90,26,14,40,4,48,-93,-87,33,73,-50,-94,70,-95,63,-81,-15,79,1,
-8,-23,-70,22,-82,95,75,36,67,59,-35,7,-43,-75,98,-45,-93,13,-47,-29,-1,
-10,-26,-68,24,-84,95,80,39,66,62,-34,9,-42,-71,98,-46,-92,12,-47,-28,-1,
0,-69,91,29,17,40,13,46,-92,-89,38,77,-55,-95,75,-96,63,-83,-14,78,1,
-1,-71,93,22,16,41,7,46,-96,-89,33,72,-50,-99,68,-98,63,-83,-18,76,1,
-4,-69,90,28,10,40,7,46,-92,-89,38,74,-53,-95,75,-95,61,-79,-20,85,1,
-5,-68,94,31,16,41,15,49,-94,-88,39,73,-52,-93,76,-94,65,-82,-16,80,1,
-10,-25,-73,20,-80,96,73,34,67,60,-36,3,-42,-77,96,-48,-92,11,-44,-30,-1,
-11,-23,-72,21,-83,97,76,32,68,58,-34,10,-42,-78,101,-45,-94,9,-43,-29,-1,
-5,-70,89,24,15,38,11,45,-91,-87,35,72,-54,-97,73,-97,63,-85,-20,79,1,
-1,-66,95,30,15,41,6,49,-94,-87,42,79,-58,-94,78,-95,61,-82,-15,78,1,
-11,-29,-75,20,-82,97,75,32,66,60,-35,2,-41,-78,98,-46,-97,8,-48,-35,-1,
-3,-69,94,28,12,44,9,46,-94,-85,40,76,-53,-93,75,-95,59,-81,-15,73,1,
-14,-26,-70,20,-77,96,78,35,67,62,-33,9,-41,-76,103,-46,-90,8,-45,-29,-1,
-3,-70,94,30,13,36,6,45,-95,-90,40,73,-58,-93,70,-95,60,-81,-17,70,1,
-14,-25,-76,18,-80,94,75,31,65,58,-36,3,-44,-76,97,-49,-98,9,-49,-32,-1,
-4,-69,97,31,20,41,13,52,-91,-87,39,80,-49,-94,77,-94,64,-83,-15,82,1,
-9,-34,-73,25,-84,98,79,36,66,63,-37,8,-44,-75,100,-46,-93,13,-46,-28,-1,
-16,-27,-74,28,-82,93,78,34,64,58,-38,5,-42,-81,97,-52,-96,10,-50,-32,-1,
-1,-71,97,27,14,42,9,49,-90,-88,38,75,-52,-92,80,-97,65,-80,-16,82,1,
-13,-23,-72,28,-82,95,78,40,65,60,-32,9,-40,-74,103,-47,-100,13,-48,-27,-1,
-2,-71,93,26,20,40,11,50,-95,-86,41,80,-51,-95,70,-98,65,-81,-14,78,1,
0,-72,92,26,12,40,11,46,-94,-91,38,73,-53,-98,73,-96,63,-81,-18,77,1,
-3,-68,96,28,15,41,11,45,-93,-88,37,74,-54,-94,74,-95,62,-82,-17,76,1,
-4,-72,98,23,17,41,5,47,-95,-87,36,77,-56,-96,71,-98,63,-84,-17,77,1,
-1,-70,96,32,19,43,12,47,-91,-87,38,77,-51,-90,77,-93,60,-79,-13,81,1,
-5,-72,95,23,12,38,10,47,-92,-92,39,78,-55,-97,78,-98,60,-83,-17,76,1,
2,-70,98,26,15,45,6,46,-92,-91,44,72,-52,-94,75,-95,62,-81,-13,75,1,
-14,-24,-72,21,-84,95,73,32,65,58,-36,9,-40,-75,96,-43,-93,8,-50,-28,-1,
-10,-17,-66,20,-81,90,77,35,66,59,-29,4,-47,-73,98,-45,-95,13,-47,-31,-1,
-6,-69,93,31,11,40,14,45,-93,-86,37,79,-51,-96,76,-94,58,-80,-15,76,1,
0,-70,97,22,15,40,6,49,-92,-88,36,73,-53,-98,75,-95,62,-82,-17,79,1,
-1,-69,97,30,16,42,14,49,-95,-87,39,78,-52,-93,78,-94,66,-80,-14,78,1,
-9,-24,-73,24,-83,99,74,34,68,59,-33,6,-38,-74,100,-43,-93,11,-45,-28,-1,
-9,-24,-76,25,-81,98,77,33,68,60,-35,6,-38,-76,99,-50,-93,11,-47,-29,-1,
-6,-72,95,24,13,40,6,44,-92,-89,39,73,-56,-95,74,-94,54,-81,-19,83,1,
-2,-70,96,26,11,40,5,46,-94,-85,39,73,-51,-94,70,-92,64,-78,-18,75,1,
-12,-18,-75,24,-83,96,73,35,68,60,-36,9,-38,-77,100,-50,-92,10,-47,-27,-1,
-12,-24,-74,25,-83,99,73,31,68,63,-33,5,-42,-75,95,-47,-98,13,-42,-31,-1,
-10,-21,-73,26,-83,96,75,38,64,56,-39,4,-41,-81,99,-46,-97,11,-50,-31,-1,
-2,-66,98,26,14,42,3,51,-93,-86,41,74,-51,-93,73,-92,64,-81,-17,78,1,
-9,-25,-72,24,-81,98,78,41,66,62,-33,5,-41,-74,98,-45,-97,12,-45,-29,-1,
0,-65,94,30,17,41,12,47,-91,-83,41,78,-53,-92,76,-92,60,-78,-14,83,1,
-6,-70,91,28,15,41,14,46,-94,-89,37,75,-53,-97,73,-97,65,-84,-19,75,1,
-2,-72,90,30,17,39,12,48,-92,-90,37,80,-53,-96,74,-95,62,-81,-12,84,1,
-4,-68,100,29,17,43,7,50,-93,-88,40,72,-52,-94,76,-93,67,-82,-16,78,1,
-4,-69,95,28,14,39,9,46,-93,-87,35,74,-51,-97,75,-94,63,-80,-17,79,1,
0,-70,96,29,13,42,10,43,-93,-93,35,75,-52,-94,74,-96,63,-80,-14,73,1,
-2,-69,96,25,16,41,11,45,-93,-90,39,72,-53,-95,72,-98,65,-84,-16,71,1,
-2,-71,94,26,14,37,8,47,-95,-91,40,75,-58,-97,71,-96,65,-82,-16,71,1,
-7,-21,-67,23,-77,96,85,40,67,62,-29,7,-43,-72,104,-49,-88,13,-42,-29,-1,
-13,-21,-79,17,-83,96,75,27,68,57,-39,8,-42,-78,96,-52,-92,6,-46,-31,-1,
-17,-18,-79,25,-81,97,73,33,69,58,-33,6,-40,-77,103,-49,-94,11,-47,-30,-1,
-1,-67,96,28,18,42,9,46,-91,-89,44,76,-54,-90,73,-94,62,-81,-14,75,1,
-18,-24,-71,24,-86,94,82,32,65,58,-35,5,-43,-80,95,-47,-94,10,-44,-29,-1,
-7,-21,-73,23,-78,95,77,36,67,57,-32,8,-37,-78,104,-47,-89,8,-46,-29,-1,
1,-68,94,32,18,43,7,50,-90,-87,36,80,-54,-90,75,-94,68,-81,-13,76,1,
0,-69,92,25,19,43,9,48,-93,-87,41,75,-56,-93,74,-96,61,-83,-13,80,1,
-11,-24,-69,22,-82,96,81,33,68,58,-33,11,-41,-74,101,-41,-89,8,-43,-27,-1,
-6,-72,96,26,16,40,7,48,-95,-91,35,74,-54,-95,73,-97,63,-83,-18,79,1,
3,-71,97,30,16,44,8,49,-92,-88,42,79,-54,-93,76,-96,68,-79,-14,80,1,
-12,-19,-73,17,-76,94,73,31,69,59,-30,6,-37,-75,101,-52,-92,10,-47,-27,-1,
0,-68,94,33,15,39,13,46,-92,-87,39,78,-53,-92,73,-91,55,-80,-15,77,1,
-9,-23,-68,21,-83,99,80,35,67,58,-31,4,-39,-76,104,-50,-87,12,-46,-28,-1,
-1,-71,100,26,17,39,6,49,-92,-88,38,77,-52,-95,74,-96,66,-82,-17,77,1,
-12,-27,-74,23,-83,97,77,35,65,61,-38,3,-43,-79,100,-48,-92,11,-47,-33,-1,
-9,-25,-75,22,-86,93,73,32,64,57,-38,4,-44,-79,100,-55,-92,12,-50,-30,-1,
-9,-24,-73,20,-83,96,77,34,69,57,-32,6,-39,-79,99,-44,-92,8,-45,-31,-1,
-11,-22,-74,24,-89,98,78,26,68,58,-35,4,-38,-79,101,-49,-93,10,-45,-31,-1,
1,-70,97,27,17,43,2,48,-91,-92,42,73,-51,-94,74,-94,62,-81,-13,78,1,
-12,-25,-73,19,-83,96,80,35,67,57,-35,5,-39,-74,99,-47,-90,10,-49,-29,-1,
-18,-22,-71,23,-85,96,77,29,65,63,-38,7,-42,-77,97,-48,-96,10,-47,-28,-1,
-3,-71,95,29,14,45,10,47,-90,-92,42,72,-50,-90,76,-94,65,-81,-14,79,1,
-5,-71,94,30,14,38,15,48,-96,-84,37,76,-53,-94,73,-95,57,-80,-19,80,1,
-1,-70,95,26,13,41,11,46,-93,-86,40,77,-53,-93,72,-95,62,-80,-16,75,1,
-7,-22,-72,24,-81,98,76,33,67,62,-37,10,-42,-77,99,-44,-89,12,-44,-28,-1,
0,-74,95,25,16,40,17,50,-93,-90,42,73,-53,-94,71,-96,63,-81,-14,80,1,
-8,-21,-72,18,-84,97,78,35,66,58,-35,6,-41,-74,97,-49,-91,9,-44,-28,-1,
-1,-69,94,28,13,42,8,48,-92,-89,42,79,-52,-94,73,-94,56,-81,-14,72,1,
-5,-65,96,26,12,44,10,49,-93,-88,42,75,-52,-94,77,-94,60,-82,-16,83,1,
0,-68,92,29,14,46,5,49,-92,-85,37,75,-49,-93,75,-94,66,-80,-15,79,1,
-3,-69,89,31,16,39,9,48,-92,-87,36,74,-54,-93,74,-95,64,-83,-18,79,1,
-6,-72,94,25,12,43,14,47,-93,-88,44,79,-54,-91,70,-96,63,-81,-16,77,1,
-10,-26,-70,23,-81,95,78,36,67,57,-34,7,-42,-77,101,-48,-90,12,-47,-28,-1,
-4,-71,94,28,15,43,11,46,-94,-92,43,77,-56,-94,73,-95,63,-83,-16,76,1,
-3,-68,97,28,15,41,11,48,-93,-86,35,80,-54,-94,74,-96,59,-83,-17,77,1,
-16,-21,-70,22,-81,98,81,34,68,60,-35,4,-34,-76,99,-47,-92,10,-50,-27,-1,
-4,-71,96,27,15,37,15,44,-94,-95,34,71,-53,-94,71,-97,62,-80,-16,78,1,
1,-65,94,30,15,40,11,47,-94,-89,42,78,-56,-94,76,-93,58,-78,-11,78,1,
-15,-27,-75,19,-80,94,82,36,64,58,-34,3,-40,-78,100,-51,-97,8,-49,-29,-1,
0,-68,92,27,15,43,8,46,-94,-91,37,72,-54,-96,76,-96,62,-80,-13,79,1,
-14,-25,-74,19,-83,94,79,39,65,57,-33,4,-43,-78,98,-53,-91,11,-44,-29,-1,
-5,-69,94,27,15,40,10,49,-93,-84,37,76,-53,-96,75,-94,63,-82,-17,81,1,
-10,-72,98,28,14,38,9,45,-93,-84,33,73,-52,-95,74,-97,64,-82,-20,79,1,
-6,-73,97,24,16,42,7,47,-93,-93,41,72,-54,-93,74,-97,60,-82,-17,82,1,
-8,-74,97,27,14,40,6,46,-95,-90,41,76,-57,-97,76,-97,63,-83,-18,76,1,
-12,-26,-70,23,-79,95,83,36,63,64,-39,6,-45,-76,101,-46,-94,11,-46,-29,-1,
-13,-26,-72,22,-82,97,75,37,66,60,-32,5,-40,-76,101,-45,-95,10,-47,-30,-1,
-3,-71,95,26,13,39,10,44,-95,-93,34,74,-55,-94,72,-97,58,-81,-16,72,1,
-4,-69,92,28,14,41,7,45,-95,-89,37,74,-55,-95,73,-97,63,-81,-17,83,1,
