-6,-27,-74,20,-83,96,78,35,66,58,-34,5,-40,-74,99,-49,-90,10,-47,-30,-1,
-5,-70,95,24,15,42,8,46,-95,-82,39,74,-53,-94,74,-97,59,-80,-16,76,1,
-14,-26,-75,19,-82,95,77,30,66,59,-37,8,-43,-77,96,-47,-89,7,-46,-31,-1,
0,-70,98,30,12,40,10,47,-93,-88,41,78,-51,-94,74,-94,61,-77,-15,75,1,
-1,-69,95,29,17,42,11,45,-94,-93,36,76,-57,-90,73,-96,63,-83,-15,79,1,
-9,-20,-75,22,-80,98,77,37,67,61,-35,6,-39,-80,100,-43,-93,8,-43,-30,-1,
-10,-23,-70,15,-78,100,76,33,69,61,-33,7,-41,-78,105,-47,-92,12,-43,-27,-1,
-12,-21,-77,23,-82,97,75,35,67,59,-38,8,-41,-76,99,-46,-92,10,-46,-29,-1,
-7,-23,-76,23,-82,97,78,34,67,58,-35,9,-41,-75,99,-44,-93,11,-45,-28,-1,
-7,-70,99,25,15,36,7,47,-96,-89,38,78,-56,-96,72,-97,59,-81,-19,77,1,
-12,-23,-70,22,-82,96,77,37,69,61,-33,9,-41,-75,99,-47,-91,11,-44,-29,-1,
-4,-67,91,27,12,38,11,48,-92,-91,37,76,-55,-97,77,-94,63,-80,-16,80,1,
-14,-32,-73,17,-83,95,75,36,63,61,-37,3,-43,-78,98,-51,-98,9,-46,-31,-1,
-2,-68,94,27,16,42,8,48,-97,-89,38,71,-53,-95,70,-95,66,-78,-13,77,1,
-7,-24,-69,21,-80,94,81,39,66,61,-32,8,-41,-76,103,-49,-90,11,-45,-28,-1,
0,-71,96,28,13,41,9,45,-92,-89,33,74,-49,-95,75,-97,59,-80,-17,81,1,
-5,-68,96,27,18,40,9,45,-92,-84,38,78,-53,-93,77,-96,69,-82,-12,76,1,
-7,-21,-71,19,-79,97,78,37,66,61,-35,5,-43,-71,99,-49,-93,12,-45,-28,-1,
-6,-67,95,29,13,40,2,50,-93,-87,40,79,-48,-95,75,-94,61,-78,-15,79,1,
-4,-67,99,34,16,41,13,43,-91,-89,37,75,-55,-91,79,-94,67,-81,-13,75,1,
-11,-30,-71,21,-85,94,80,30,65,63,-37,6,-43,-74,98,-51,-95,9,-47,-30,-1,
-14,-30,-74,24,-83,94,77,34,64,58,-33,6,-43,-78,100,-50,-95,10,-49,-30,-1,
-6,-68,95,32,14,43,13,46,-94,-86,40,75,-52,-93,78,-94,63,-81,-14,76,1,
0,-69,90,28,15,38,7,49,-92,-89,38,71,-51,-96,71,-94,62,-81,-16,77,1,
-15,-21,-75,21,-79,96,74,38,67,61,-35,3,-41,-78,101,-51,-97,12,-49,-30,-1,
-12,-19,-70,21,-83,96,77,34,69,57,-32,9,-39,-78,99,-44,-90,8,-43,-29,-1,
-2,-67,95,31,16,43,13,47,-91,-88,38,76,-53,-90,76,-95,64,-83,-15,76,1,
-10,-24,-69,24,-82,98,80,32,70,62,-30,4,-36,-74,101,-46,-88,12,-44,-29,-1,
-2,-68,94,31,14,40,9,47,-93,-89,37,81,-55,-91,71,-92,66,-81,-17,75,1,
-1,-69,95,28,14,42,14,47,-96,-84,40,72,-53,-94,73,-96,60,-80,-14,78,1,
-6,-66,96,29,15,39,9,48,-93,-91,37,76,-52,-92,74,-93,69,-80,-16,79,1,
-10,-33,-78,18,-82,93,77,26,63,59,-39,3,-46,-79,97,-50,-98,8,-49,-33,-1,
-3,-64,96,27,14,40,10,46,-95,-86,34,76,-53,-96,78,-93,61,-81,-14,76,1,
-10,-26,-73,24,-81,94,78,35,65,59,-36,3,-42,-76,99,-49,-93,10,-50,-31,-1,
-3,-71,89,30,15,39,1,44,-95,-92,35,71,-58,-96,70,-97,56,-81,-17,82,1,
-1,-70,94,24,13,40,8,47,-91,-87,39,74,-51,-94,74,-95,66,-79,-15,76,1,
-7,-23,-69,18,-85,100,77,36,67,61,-33,4,-41,-77,106,-49,-89,13,-45,-29,-1,
-9,-24,-68,23,-87,96,76,33,66,58,-35,6,-42,-80,101,-46,-94,13,-47,-29,-1,
-3,-21,-76,22,-81,100,74,33,69,61,-35,7,-39,-76,98,-49,-90,11,-44,-30,-1,
-8,-22,-66,20,-83,99,73,37,67,64,-33,9,-39,-73,103,-47,-93,11,-46,-29,-1,
-2,-66,95,31,17,38,16,46,-92,-92,37,76,-53,-93,77,-94,61,-80,-14,80,1,
-19,-28,-69,17,-85,94,84,30,65,61,-34,7,-42,-75,100,-47,-91,6,-46,-31,-1,
-6,-24,-72,25,-82,97,80,36,67,60,-33,10,-40,-73,103,-43,-93,12,-47,-27,-1,
-9,-21,-72,19,-81,97,79,32,67,61,-35,9,-42,-75,102,-45,-91,9,-43,-29,-1,
0,-66,92,25,14,38,11,45,-94,-90,37,70,-55,-95,72,-94,59,-81,-15,77,1,
-4,-71,97,26,16,43,12,46,-93,-90,41,75,-53,-96,75,-97,65,-83,-14,78,1,
2,-70,93,26,16,39,7,49,-91,-88,36,83,-53,-97,75,-95,60,-79,-15,79,1,
0,-68,92,28,16,42,11,48,-92,-89,40,80,-50,-95,74,-93,60,-81,-14,81,1,
-11,-26,-72,21,-84,97,75,26,69,58,-33,7,-38,-76,102,-46,-93,9,-47,-31,-1,
1,-70,94,27,14,42,7,50,-91,-87,42,73,-49,-95,74,-96,61,-82,-17,78,1,
-3,-71,93,29,14,40,8,44,-96,-89,41,74,-52,-95,71,-93,61,-79,-15,74,1,
-11,-30,-74,22,-83,95,76,38,64,60,-36,5,-42,-76,101,-47,-95,11,-51,-30,-1,
3,-68,89,27,13,41,13,46,-93,-91,41,74,-53,-95,71,-94,62,-80,-17,76,1,
-12,-23,-72,23,-83,99,76,33,67,61,-35,5,-41,-79,98,-48,-90,10,-44,-31,-1,
-8,-23,-72,22,-83,97,76,32,66,61,-30,7,-39,-74,102,-53,-90,10,-44,-28,-1,
0,-68,96,28,13,40,8,49,-92,-89,37,83,-54,-94,75,-96,62,-80,-16,80,1,
-12,-23,-73,24,-81,96,74,31,67,60,-33,6,-43,-74,99,-49,-93,12,-46,-30,-1,
-1,-70,93,31,15,40,9,48,-94,-84,37,77,-53,-94,72,-94,67,-80,-14,75,1,
-10,-27,-71,14,-82,95,73,37,66,58,-34,7,-41,-76,100,-46,-96,9,-47,-28,-1,
-3,-73,97,32,19,43,11,45,-93,-87,39,72,-55,-91,74,-97,65,-83,-15,76,1,
-16,-22,-69,23,-80,97,76,36,70,60,-34,9,-39,-75,96,-42,-97,10,-46,-28,-1,
-16,-22,-74,20,-82,97,81,33,66,61,-33,4,-36,-78,103,-51,-92,9,-46,-27,-1,
-11,-26,-70,24,-83,101,77,36,68,62,-33,4,-39,-78,101,-48,-96,13,-44,-31,-1,
-7,-25,-74,28,-80,99,75,37,70,61,-28,7,-36,-72,101,-40,-94,11,-46,-30,-1,
-14,-24,-70,25,-84,97,80,35,66,62,-35,7,-42,-76,102,-48,-91,11,-47,-29,-1,
-1,-71,95,31,13,38,5,48,-95,-90,42,76,-52,-96,71,-92,63,-79,-16,77,1,
-12,-19,-71,22,-84,95,80,36,65,58,-34,7,-42,-75,103,-46,-91,10,-46,-28,-1,
-3,-67,93,27,16,40,7,47,-95,-88,44,77,-56,-91,70,-94,58,-80,-15,77,1,
0,-71,94,30,13,43,10,47,-96,-87,34,80,-52,-92,72,-97,62,-80,-16,75,1,
-10,-19,-74,22,-79,98,78,40,68,60,-36,11,-39,-76,98,-44,-93,10,-45,-26,-1,
-11,-19,-73,18,-81,98,80,29,66,60,-35,5,-42,-76,99,-46,-93,10,-45,-29,-1,
-7,-69,98,25,15,41,5,47,-94,-87,36,80,-52,-95,75,-97,59,-81,-17,81,1,
-8,-28,-74,16,-83,98,76,29,67,60,-36,4,-42,-77,97,-45,-96,8,-44,-33,-1,
-3,-73,94,26,15,42,11,48,-95,-88,36,77,-52,-94,72,-96,64,-81,-16,74,1,
-2,-70,94,28,16,41,6,45,-90,-92,40,74,-52,-92,73,-95,59,-82,-16,76,1,
-18,-25,-76,16,-84,93,72,29,67,55,-35,8,-41,-79,99,-49,-93,6,-49,-30,-1,
-2,-68,94,23,15,40,9,51,-91,-85,36,79,-55,-91,73,-96,65,-82,-19,79,1,
-13,-20,-74,20,-81,98,76,27,66,60,-39,6,-42,-77,100,-49,-91,10,-46,-28,-1,
-17,-24,-74,20,-87,99,74,32,67,60,-35,7,-41,-76,101,-49,-95,8,-46,-32,-1,
-2,-67,96,29,17,41,9,47,-95,-88,39,75,-55,-92,69,-93,65,-83,-16,75,1,
-3,-71,96,29,15,37,9,45,-92,-90,38,74,-55,-97,76,-96,62,-81,-17,76,1,
-17,-21,-76,24,-82,95,77,37,70,57,-33,8,-38,-78,103,-45,-90,7,-45,-31,-1,
-8,-72,89,28,13,43,13,43,-95,-90,36,71,-51,-96,74,-96,62,-83,-17,77,1,
-9,-27,-75,19,-85,98,77,38,65,63,-38,6,-41,-77,100,-49,-91,12,-44,-28,-1,
-9,-69,97,27,14,40,5,46,-95,-88,36,77,-53,-95,73,-94,59,-81,-17,80,1,
-4,-71,92,24,13,39,10,43,-93,-91,34,73,-52,-98,73,-98,63,-81,-16,81,1,
-1,-69,95,23,14,41,9,49,-93,-88,36,74,-53,-95,76,-97,57,-79,-14,82,1,
-4,-67,90,25,13,38,8,44,-93,-91,35,71,-54,-96,72,-97,62,-84,-18,77,1,
-9,-23,-75,24,-78,93,78,32,67,59,-34,7,-44,-72,96,-48,-95,10,-46,-30,-1,
-2,-73,99,30,16,38,8,47,-91,-87,38,76,-54,-94,76,-93,63,-79,-16,79,1,
-6,-70,95,26,15,38,9,45,-95,-88,30,77,-54,-97,76,-99,63,-82,-18,76,1,
-7,-71,97,24,14,39,8,45,-95,-91,35,74,-55,-98,72,-98,64,-84,-19,76,1,
-17,-26,-73,27,-79,95,78,32,65,60,-34,5,-38,-79,100,-46,-95,10,-48,-27,-1,
-2,-70,92,28,15,41,9,46,-96,-91,37,75,-55,-96,71,-97,65,-82,-16,78,1,
-4,-73,91,25,13,40,2,46,-95,-93,37,71,-54,-98,70,-99,61,-82,-20,76,1,
-12,-20,-68,24,-77,95,83,35,67,60,-29,8,-41,-73,101,-45,-87,11,-44,-26,-1,
-4,-71,96,27,13,39,13,46,-94,-88,39,76,-53,-96,73,-94,61,-81,-17,77,1,
-8,-22,-67,20,-78,98,82,34,67,64,-32,6,-39,-74,106,-48,-92,12,-45,-26,-1,
-11,-24,-73,21,-81,98,79,33,68,60,-36,9,-40,-79,99,-49,-89,9,-41,-28,-1,
-17,-25,-80,20,-81,95,76,37,67,59,-38,6,-40,-79,97,-49,-94,7,-47,-30,-1,
-8,-20,-73,25,-82,101,77,39,66,62,-36,5,-43,-78,98,-48,-90,12,-40,-30,-1,
-17,-22,-74,23,-81,96,81,34,67,61,-32,7,-39,-78,104,-45,-91,10,-45,-27,-1,
-9,-72,95,28,14,40,5,44,-93,-93,38,71,-52,-93,69,-95,64,-81,-18,76,1,
-5,-72,88,24,14,41,6,48,-95,-92,37,75,-51,-97,68,-98,61,-83,-17,75,1,
-6,-67,98,29,16,42,6,46,-94,-88,40,76,-51,-93,74,-95,66,-79,-14,78,1,
4,-69,95,32,18,43,16,49,-94,-89,44,77,-54,-92,75,-95,67,-81,-14,77,1,
-17,-22,-72,28,-83,95,83,34,63,62,-37,0,-40,-81,99,-49,-93,9,-45,-31,-1,
-2,-69,95,27,13,43,8,48,-95,-84,37,78,-55,-94,75,-95,60,-81,-14,81,1,
-15,-18,-74,23,-84,99,76,33,69,61,-36,7,-39,-75,98,-47,-92,11,-43,-28,-1,
-13,-26,-73,19,-84,96,80,31,67,58,-36,5,-41,-77,96,-46,-93,10,-45,-30,-1,
-8,-20,-71,22,-78,93,84,37,65,63,-32,2,-41,-73,97,-47,-94,11,-45,-28,-1,
-11,-23,-72,24,-83,97,79,33,68,59,-30,7,-41,-74,103,-49,-92,12,-43,-30,-1,
-15,-29,-74,13,-81,92,78,29,66,54,-33,5,-43,-81,98,-51,-90,6,-48,-31,-1,
2,-68,94,31,14,40,13,47,-93,-86,39,80,-53,-94,75,-95,65,-79,-16,78,1,
-6,-68,89,26,16,41,9,48,-96,-87,41,75,-53,-98,72,-96,68,-82,-14,75,1,
-12,-20,-78,23,-81,100,76,40,68,59,-35,8,-40,-75,101,-47,-98,12,-46,-28,-1,
-16,-24,-70,19,-85,95,75,37,68,58,-35,7,-40,-76,96,-44,-96,11,-50,-28,-1,
-13,-27,-71,22,-79,99,77,33,68,60,-32,5,-42,-76,97,-44,-95,9,-44,-33,-1,
-1,-72,98,27,14,41,7,49,-94,-93,41,73,-53,-96,77,-95,59,-80,-16,82,1,
-13,-23,-71,21,-87,96,74,33,64,59,-33,7,-40,-78,105,-49,-94,11,-48,-28,-1,
0,-65,99,27,15,39,7,48,-94,-84,34,79,-51,-94,72,-93,63,-78,-17,79,1,
-3,-70,97,29,14,40,14,47,-93,-85,36,74,-54,-93,76,-97,66,-82,-18,78,1,
-11,-20,-74,20,-80,97,71,32,69,59,-33,9,-42,-74,100,-45,-93,11,-46,-29,-1,
-13,-24,-70,25,-79,99,77,39,68,61,-31,8,-39,-75,102,-47,-94,12,-45,-28,-1,
-14,-28,-72,22,-83,97,73,33,67,58,-32,7,-41,-77,100,-47,-90,9,-46,-31,-1,
-8,-26,-73,22,-82,93,77,36,65,57,-31,4,-41,-73,97,-50,-95,11,-46,-28,-1,
-3,-71,97,28,14,44,5,47,-91,-86,37,77,-50,-92,75,-95,66,-82,-15,75,1,
-4,-69,101,23,17,46,11,47,-92,-89,39,73,-51,-95,77,-96,63,-82,-13,80,1,
-10,-20,-67,18,-78,101,74,38,68,66,-33,6,-38,-72,100,-48,-90,13,-45,-26,-1,
-12,-28,-73,22,-79,93,79,32,66,60,-33,6,-42,-73,94,-49,-91,8,-47,-31,-1,
-5,-68,96,25,16,39,6,51,-91,-88,39,78,-52,-97,76,-94,66,-84,-16,78,1,
-6,-69,97,27,16,41,7,48,-92,-83,37,75,-54,-95,78,-96,66,-80,-16,80,1,
0,-72,96,30,14,37,4,47,-92,-88,38,74,-53,-96,74,-95,62,-79,-19,80,1,
-4,-66,97,29,15,42,11,46,-92,-85,45,79,-51,-91,73,-92,65,-79,-11,76,1,
-12,-21,-72,23,-79,98,76,38,67,61,-35,8,-44,-76,102,-45,-96,14,-46,-29,-1,
-15,-32,-75,19,-83,93,74,35,62,57,-38,2,-46,-78,94,-49,-98,8,-53,-33,-1,
-7,-22,-72,20,-85,100,75,32,67,60,-37,4,-41,-78,97,-47,-94,10,-43,-31,-1,
-4,-68,93,26,15,40,9,49,-93,-84,36,77,-54,-93,74,-97,66,-82,-17,78,1,
-2,-68,92,27,17,43,10,46,-90,-91,41,76,-52,-91,74,-93,61,-81,-12,79,1,
-9,-28,-71,19,-82,95,74,34,70,56,-35,10,-39,-79,95,-43,-93,8,-45,-28,-1,
-1,-68,96,25,13,38,11,46,-93,-91,35,72,-54,-94,72,-98,64,-83,-20,75,1,
-14,-23,-71,20,-80,95,75,30,65,58,-33,6,-41,-77,104,-47,-92,8,-49,-29,-1,
4,-71,90,27,14,39,5,48,-94,-87,35,77,-52,-98,73,-96,60,-79,-17,79,1,
-15,-25,-75,21,-80,96,77,39,65,59,-37,4,-40,-80,101,-52,-90,11,-50,-28,-1,
-10,-19,-75,23,-78,95,78,34,66,60,-34,4,-40,-75,97,-48,-93,8,-48,-31,-1,
1,-70,99,29,16,44,7,44,-92,-88,36,76,-53,-95,78,-97,67,-80,-15,78,1,
-4,-70,96,31,17,40,5,48,-93,-90,37,78,-56,-93,75,-96,65,-82,-15,78,1,
-8,-68,91,25,12,40,3,47,-96,-89,35,71,-52,-97,73,-97,61,-82,-19,78,1,
-17,-24,-71,24,-88,93,78,34,63,58,-37,5,-42,-81,101,-50,-95,8,-49,-31,-1,
-10,-22,-74,23,-80,96,78,38,68,60,-34,6,-41,-75,96,-46,-95,11,-46,-31,-1,
-13,-20,-68,23,-82,99,76,32,69,64,-34,7,-37,-74,98,-43,-96,13,-44,-25,-1,
-9,-21,-71,15,-79,98,75,33,69,61,-31,4,-38,-77,99,-48,-95,10,-43,-31,-1,
-3,-67,92,28,14,40,8,49,-93,-91,40,78,-55,-95,76,-95,65,-82,-15,80,1,
-2,-69,92,31,10,40,7,45,-91,-89,35,72,-53,-93,72,-93,62,-82,-16,72,1,
0,-68,97,28,16,39,14,48,-92,-87,40,75,-53,-94,75,-94,64,-79,-14,80,1,
-11,-25,-68,20,-82,95,80,30,69,60,-33,7,-36,-76,100,-45,-92,10,-47,-27,-1,
-1,-69,94,31,14,41,8,44,-93,-89,33,77,-52,-96,76,-97,64,-81,-15,76,1,
-2,-68,92,28,16,40,8,47,-94,-91,40,72,-53,-94,70,-94,66,-82,-16,74,1,
-6,-70,87,27,15,39,8,45,-96,-91,39,74,-52,-96,66,-96,58,-82,-17,78,1,
-11,-28,-73,14,-84,96,77,32,66,58,-33,6,-44,-76,97,-53,-94,7,-42,-32,-1,
0,-68,95,29,17,41,9,47,-94,-83,38,78,-50,-93,71,-93,67,-80,-15,75,1,
-9,-27,-73,22,-85,99,76,40,68,59,-32,6,-39,-76,103,-45,-90,12,-45,-29,-1,
-15,-23,-72,24,-83,93,81,31,65,61,-34,7,-38,-75,102,-52,-91,7,-48,-31,-1,
-13,-23,-73,23,-83,96,77,33,67,59,-36,7,-41,-78,100,-48,-97,11,-47,-30,-1,
-2,-68,98,29,15,39,10,47,-91,-90,39,79,-54,-94,74,-93,66,-81,-17,79,1,
0,-72,99,27,16,40,4,47,-95,-87,36,74,-56,-96,74,-97,58,-82,-18,77,1,
-13,-21,-75,24,-85,97,70,30,68,58,-30,2,-40,-73,99,-49,-96,10,-48,-35,-1,
1,-66,95,32,16,42,16,49,-91,-85,39,82,-49,-93,74,-91,63,-78,-12,81,1,
-3,-70,93,28,14,41,4,45,-95,-91,36,73,-56,-98,74,-97,61,-84,-16,77,1,
0,-70,98,29,16,43,4,48,-94,-92,42,76,-54,-96,75,-95,63,-80,-14,75,1,
-5,-75,93,26,13,41,8,47,-93,-92,42,68,-53,-95,74,-97,69,-81,-17,79,1,
-1,-67,93,24,12,40,11,46,-92,-89,37,75,-52,-97,73,-96,63,-81,-18,80,1,
-6,-70,98,27,15,38,5,45,-94,-88,35,76,-53,-96,75,-98,59,-81,-16,73,1,
-1,-71,94,28,16,41,13,47,-92,-89,37,79,-52,-95,73,-96,61,-82,-16,76,1,
-5,-72,99,26,16,38,1,47,-93,-90,34,74,-58,-94,71,-95,62,-84,-19,73,1,
-1,-69,93,25,15,40,12,45,-97,-92,33,75,-52,-97,71,-97,57,-80,-14,76,1,
-14,-23,-68,24,-84,94,82,33,65,60,-33,7,-41,-75,100,-48,-93,10,-46,-28,-1,
-5,-68,94,29,13,40,8,48,-94,-83,39,74,-53,-93,74,-95,64,-80,-16,79,1,
-17,-23,-73,20,-86,97,74,31,69,58,-36,5,-39,-78,97,-46,-89,9,-45,-29,-1,
-3,-70,92,33,13,44,9,47,-94,-86,43,76,-51,-94,76,-93,68,-79,-14,82,1,
-1,-69,101,31,17,39,10,47,-92,-86,37,77,-52,-94,77,-95,64,-78,-15,85,1,
-13,-26,-74,22,-78,97,78,35,67,62,-34,5,-42,-76,101,-46,-95,10,-47,-32,-1,
-15,-25,-76,23,-83,97,78,41,65,60,-37,7,-37,-80,100,-51,-92,9,-46,-27,-1,
-1,-67,98,29,16,42,10,47,-92,-85,34,76,-54,-91,75,-94,67,-81,-16,84,1,
-10,-25,-72,21,-81,100,77,35,70,61,-28,8,-37,-77,107,-50,-92,10,-42,-30,-1,
-12,-22,-73,20,-84,95,74,31,67,56,-33,9,-42,-78,101,-49,-92,8,-44,-30,-1,
-12,-27,-77,18,-82,98,70,41,66,61,-32,1,-41,-75,97,-53,-95,12,-47,-32,-1,
-12,-21,-73,28,-81,99,81,40,67,61,-34,8,-38,-77,105,-46,-89,12,-43,-26,-1,
-14,-26,-73,14,-83,92,72,26,65,59,-37,7,-43,-78,99,-51,-93,8,-50,-30,-1,
-9,-25,-72,18,-82,96,76,37,66,61,-36,9,-42,-73,96,-47,-94,9,-43,-27,-1,
-9,-68,98,27,17,41,8,47,-93,-90,38,77,-52,-94,77,-97,65,-82,-14,82,1,
-11,-25,-80,16,-84,93,78,29,64,56,-37,6,-47,-77,97,-50,-95,7,-45,-32,-1,
-14,-16,-71,20,-83,99,77,37,69,57,-31,3,-39,-74,99,-41,-99,13,-45,-28,-1,
-13,-23,-73,20,-83,97,75,37,66,59,-35,2,-38,-79,100,-50,-92,11,-49,-29,-1,
-1,-70,102,32,17,41,13,48,-92,-84,42,76,-52,-92,78,-95,62,-79,-15,76,1,
-5,-68,92,28,14,39,12,43,-94,-92,40,73,-51,-98,72,-95,63,-82,-14,72,1,
-2,-66,100,29,20,38,14,48,-92,-87,40,73,-49,-93,74,-92,60,-78,-12,81,1,
-11,-21,-70,17,-76,99,77,36,69,62,-33,8,-42,-73,100,-41,-95,9,-44,-29,-1,
-8,-70,97,26,18,38,11,45,-94,-89,38,74,-56,-95,74,-97,65,-81,-16,81,1,
-7,-73,95,27,14,39,7,47,-95,-94,34,74,-54,-98,73,-99,65,-84,-18,77,1,
-13,-25,-73,20,-85,98,79,30,68,59,-35,5,-39,-79,100,-43,-93,9,-43,-28,-1,
-9,-73,94,28,13,41,8,45,-93,-92,40,75,-54,-96,74,-96,64,-84,-17,75,1,
-15,-25,-74,22,-79,95,79,32,66,56,-31,3,-43,-80,103,-49,-94,8,-46,-33,-1,
-4,-69,95,30,16,39,9,46,-94,-92,39,75,-54,-96,70,-95,61,-82,-15,75,1,
2,-66,99,29,19,39,9,48,-92,-88,34,77,-52,-94,74,-95,69,-81,-15,77,1,
-9,-27,-70,23,-86,93,78,34,66,59,-32,5,-41,-76,99,-46,-95,11,-48,-30,-1,
-3,-67,95,28,14,39,11,48,-94,-87,39,78,-55,-91,71,-95,60,-80,-15,75,1,
-9,-26,-73,23,-85,97,81,32,65,62,-37,4,-43,-76,96,-48,-95,11,-43,-29,-1,
-11,-23,-71,26,-86,99,81,35,64,63,-37,5,-45,-74,98,-48,-95,13,-45,-30,-1,
-12,-21,-71,21,-83,96,80,36,67,59,-33,7,-44,-74,99,-45,-93,12,-43,-28,-1,
0,-71,97,28,16,39,10,47,-93,-88,38,77,-53,-92,73,-94,62,-79,-15,79,1,
-15,-22,-71,20,-85,98,81,34,67,58,-33,6,-37,-76,100,-48,-91,8,-46,-29,-1,
0,-69,93,28,14,41,5,46,-94,-89,37,74,-51,-96,73,-96,55,-80,-19,79,1,
-14,-24,-76,21,-82,95,83,33,65,62,-36,6,-41,-77,100,-50,-95,7,-44,-29,-1,
-2,-69,89,33,13,39,10,47,-93,-88,37,80,-56,-95,76,-93,65,-83,-17,72,1,
-12,-26,-72,21,-78,96,79,33,68,60,-30,4,-39,-76,100,-46,-96,10,-47,-29,-1,
-9,-22,-71,18,-79,95,74,35,67,59,-33,8,-41,-76,100,-46,-96,9,-44,-28,-1,
-12,-25,-69,21,-81,97,75,38,67,58,-34,8,-38,-77,103,-47,-88,9,-48,-28,-1,
0,-68,102,30,15,43,10,50,-90,-80,40,81,-50,-91,79,-93,62,-75,-11,83,1,
-11,-21,-70,22,-81,95,76,36,66,59,-31,6,-40,-73,98,-44,-96,11,-46,-27,-1,
-17,-23,-76,22,-82,97,78,29,67,58,-34,8,-44,-79,104,-47,-92,9,-43,-30,-1,
0,-71,92,29,16,40,9,47,-92,-90,37,78,-57,-94,74,-98,61,-83,-16,74,1,
-7,-68,95,28,14,42,12,47,-96,-85,34,79,-48,-96,73,-94,64,-80,-15,75,1,
-10,-16,-67,20,-79,96,77,32,68,59,-32,9,-40,-74,101,-47,-88,9,-43,-28,-1,
-9,-30,-72,21,-86,97,77,33,65,59,-36,5,-44,-75,100,-49,-90,11,-47,-31,-1,
-12,-18,-71,24,-84,98,79,30,67,60,-33,5,-39,-74,103,-51,-95,12,-47,-29,-1,
-18,-18,-70,20,-76,96,76,35,69,59,-36,6,-40,-77,99,-43,-98,9,-51,-30,-1,
-1,-70,91,28,16,39,5,47,-94,-86,33,75,-53,-96,72,-96,67,-82,-16,75,1,
-1,-68,97,31,16,40,18,46,-93,-91,40,77,-53,-93,76,-95,63,-80,-16,81,1,
-5,-72,94,26,13,39,5,45,-97,-91,34,76,-55,-100,72,-99,62,-84,-21,68,1,
0,-68,95,32,16,43,12,47,-91,-87,42,78,-52,-88,75,-94,66,-79,-15,82,1,
-8,-23,-70,20,-79,96,74,35,66,64,-33,6,-42,-74,100,-48,-94,11,-45,-31,-1,
-3,-22,-76,20,-82,101,74,44,69,60,-36,8,-37,-77,100,-50,-89,12,-43,-27,-1,
-7,-72,86,26,9,41,4,47,-93,-86,43,76,-53,-98,74,-96,59,-83,-21,75,1,
-7,-69,96,30,15,43,11,48,-95,-88,46,74,-54,-93,75,-94,67,-81,-13,79,1,
-1,-72,93,29,16,42,5,47,-93,-91,41,76,-54,-96,77,-97,66,-83,-15,75,1,
1,-67,98,26,19,40,8,50,-93,-88,39,78,-50,-94,73,-94,65,-79,-13,80,1,
-11,-23,-71,26,-81,97,79,30,68,61,-30,9,-40,-74,101,-43,-93,11,-43,-28,-1,
-7,-71,92,28,14,38,11,46,-96,-93,41,71,-57,-94,69,-94,62,-83,-18,79,1,
-10,-18,-71,22,-78,98,79,29,69,61,-33,7,-38,-77,102,-45,-94,11,-43,-26,-1,
-13,-22,-73,21,-79,96,80,36,67,60,-33,10,-43,-74,102,-46,-92,8,-47,-29,-1,
-13,-29,-68,17,-85,97,78,34,65,61,-35,1,-42,-73,99,-50,-94,11,-49,-31,-1,
-13,-24,-71,22,-83,96,69,33,66,56,-35,5,-44,-81,96,-48,-94,9,-46,-33,-1,
-15,-25,-74,19,-85,94,77,29,64,56,-36,3,-47,-71,98,-50,-93,11,-51,-30,-1,
-8,-22,-73,20,-82,98,78,28,67,61,-35,7,-38,-77,102,-48,-92,9,-44,-29,-1,
-9,-26,-70,24,-81,98,78,38,65,63,-34,7,-42,-75,102,-45,-92,13,-44,-26,-1,
-7,-20,-70,20,-81,99,76,38,68,60,-32,7,-40,-74,99,-44,-95,12,-45,-28,-1,
-14,-32,-72,20,-85,96,77,30,64,61,-37,2,-42,-82,98,-53,-94,10,-49,-33,-1,
-10,-26,-73,20,-87,98,71,34,67,57,-34,4,-40,-78,96,-48,-93,10,-46,-32,-1,
-6,-69,95,29,11,43,13,46,-95,-88,41,74,-48,-95,73,-93,60,-77,-12,81,1,
-16,-25,-77,22,-81,95,75,37,66,58,-35,3,-37,-78,98,-47,-99,9,-51,-30,-1,
0,-71,95,32,14,41,9,47,-90,-88,37,78,-53,-94,78,-94,59,-82,-17,74,1,
-3,-70,92,28,16,41,11,47,-96,-86,38,75,-57,-93,73,-97,68,-81,-15,74,1,
-12,-23,-70,23,-80,98,78,33,67,61,-31,7,-40,-75,103,-49,-88,13,-46,-27,-1,
-13,-25,-71,22,-77,93,77,35,66,59,-30,7,-41,-76,97,-47,-94,8,-44,-29,-1,
-2,-70,95,29,13,42,2,47,-94,-86,37,73,-53,-93,72,-94,60,-80,-17,75,1,
-12,-22,-74,19,-81,99,73,36,67,61,-33,6,-44,-75,98,-49,-96,10,-43,-33,-1,
-4,-70,99,26,13,41,8,48,-93,-90,41,77,-53,-93,73,-93,55,-79,-16,84,1,
-10,-22,-76,23,-85,96,82,30,69,61,-34,9,-40,-76,98,-46,-93,10,-40,-28,-1,
-12,-15,-73,24,-82,100,79,30,69,60,-34,7,-35,-75,104,-45,-95,8,-43,-29,-1,
-17,-28,-74,19,-85,94,79,31,65,58,-37,4,-45,-78,99,-48,-97,9,-47,-33,-1,
-4,-72,95,27,14,41,5,45,-93,-90,39,70,-53,-95,73,-98,62,-81,-18,77,1,
-1,-68,98,28,15,38,3,47,-93,-93,36,74,-53,-93,72,-93,57,-79,-17,79,1,
0,-64,92,31,17,40,7,48,-91,-88,32,77,-49,-96,76,-92,66,-80,-15,81,1,
-10,-22,-73,22,-82,96,73,40,66,60,-34,9,-45,-77,101,-46,-99,12,-44,-31,-1,
-7,-24,-71,18,-81,97,76,39,67,61,-37,8,-42,-77,99,-48,-91,12,-47,-29,-1,
-2,-71,98,27,13,39,10,46,-94,-92,37,78,-51,-94,72,-97,61,-79,-16,78,1,
-9,-24,-76,18,-82,96,77,34,68,59,-34,6,-40,-78,100,-49,-93,10,-45,-29,-1,
-15,-20,-72,18,-82,96,74,35,69,60,-31,2,-40,-73,96,-48,-99,11,-46,-31,-1,
-8,-69,96,26,14,41,7,47,-94,-87,40,73,-54,-93,74,-95,61,-82,-18,80,1,
-8,-24,-64,17,-82,97,79,37,70,62,-31,7,-35,-73,98,-45,-89,11,-45,-25,-1,
0,-68,96,30,14,42,16,45,-94,-87,41,72,-53,-91,75,-93,63,-79,-14,79,1,
0,-72,97,27,19,38,7,49,-93,-88,37,79,-53,-95,73,-96,68,-82,-17,74,1,
-10,-24,-74,24,-81,95,77,31,67,61,-36,5,-39,-75,101,-47,-92,11,-50,-27,-1,
0,-70,94,30,16,38,12,49,-95,-89,39,79,-55,-97,75,-95,66,-81,-17,81,1,
-8,-20,-69,24,-85,97,73,34,65,60,-35,6,-42,-74,102,-45,-96,12,-46,-29,-1,
-2,-70,91,29,16,40,13,44,-94,-90,38,72,-49,-96,71,-93,61,-82,-14,76,1,
-16,-27,-74,19,-81,97,74,33,67,60,-33,3,-44,-76,97,-47,-96,11,-44,-32,-1,
-12,-22,-73,23,-85,96,77,39,66,59,-35,8,-39,-78,97,-44,-95,10,-45,-28,-1,
-3,-68,101,23,21,41,11,49,-95,-87,35,76,-51,-93,71,-96,70,-81,-14,78,1,
-4,-68,99,27,17,42,9,47,-93,-85,36,75,-50,-94,75,-96,66,-81,-16,81,1,
-3,-67,93,24,13,41,12,45,-91,-92,34,77,-50,-95,73,-97,59,-81,-14,79,1,
-13,-17,-73,23,-84,101,75,37,68,58,-36,6,-38,-78,102,-41,-97,10,-46,-29,-1,
0,-71,97,27,16,41,4,47,-92,-87,41,71,-54,-95,77,-96,60,-81,-16,75,1,
-13,-28,-70,21,-81,92,81,33,66,58,-34,7,-43,-77,102,-49,-90,10,-50,-28,-1,
-15,-22,-74,21,-82,98,79,34,68,58,-34,7,-37,-78,100,-46,-93,8,-44,-29,-1,
-16,-22,-76,20,-87,93,72,28,66,55,-36,8,-42,-78,99,-53,-88,9,-51,-29,-1,
-10,-25,-70,22,-84,93,73,36,65,58,-36,5,-43,-77,97,-46,-93,13,-49,-28,-1,
0,-68,92,28,16,42,8,49,-94,-88,39,73,-52,-95,72,-96,60,-83,-16,77,1,
-1,-70,94,25,16,40,5,48,-93,-91,40,76,-55,-97,75,-96,64,-82,-14,78,1,
-8,-72,92,28,15,40,7,45,-94,-89,38,76,-56,-94,72,-97,61,-82,-18,80,1,
-12,-30,-71,21,-85,94,77,33,64,60,-38,6,-43,-81,100,-52,-94,11,-46,-30,-1,
1,-69,94,27,13,39,8,47,-94,-88,38,77,-55,-94,72,-95,63,-79,-17,80,1,
-2,-70,96,26,14,41,10,46,-95,-92,41,80,-54,-94,73,-97,67,-81,-14,73,1,
-3,-70,91,24,9,40,4,44,-96,-88,37,73,-57,-97,73,-97,57,-82,-21,74,1,
-11,-25,-75,22,-80,99,78,35,67,63,-35,6,-39,-75,102,-48,-94,11,-47,-28,-1,
-6,-20,-70,24,-81,96,76,37,66,60,-33,8,-41,-78,100,-48,-92,11,-45,-30,-1,
-7,-70,91,25,15,40,14,45,-95,-87,40,74,-53,-94,71,-98,67,-84,-16,74,1,
-1,-69,88,28,13,40,5,50,-95,-89,38,76,-55,-98,74,-95,64,-80,-15,79,1,
0,-70,96,28,15,42,9,51,-92,-84,44,76,-49,-94,73,-94,71,-78,-14,83,1,
-4,-70,95,26,13,40,6,47,-95,-89,40,75,-54,-94,71,-96,61,-81,-18,80,1,
-15,-25,-70,21,-86,93,83,28,66,57,-33,6,-42,-76,100,-46,-96,9,-46,-30,-1,
-3,-68,97,31,17,40,13,49,-91,-84,38,77,-52,-92,76,-94,69,-80,-14,79,1,
-1,-69,98,28,16,40,10,47,-94,-87,37,77,-54,-95,77,-97,66,-80,-16,78,1,
-22,-25,-71,22,-82,92,75,32,66,57,-36,8,-41,-82,99,-48,-93,7,-49,-28,-1,
-4,-70,91,26,19,38,12,47,-93,-90,35,75,-49,-96,70,-96,57,-83,-16,80,1,
-13,-25,-71,22,-79,97,79,35,67,61,-33,10,-41,-74,99,-46,-91,10,-44,-26,-1,
-10,-23,-72,27,-82,96,77,35,68,60,-34,7,-39,-73,100,-48,-88,11,-47,-29,-1,
-4,-67,96,28,15,36,6,48,-94,-87,38,74,-56,-96,75,-93,60,-81,-16,76,1,
-5,-70,92,30,14,44,9,47,-93,-88,39,76,-54,-90,75,-94,61,-81,-18,81,1,
-14,-27,-70,20,-83,95,82,37,65,60,-35,4,-40,-72,97,-47,-96,11,-51,-28,-1,
0,-64,96,30,15,41,13,49,-93,-86,39,82,-54,-93,78,-97,67,-81,-13,77,1,
-5,-70,94,27,18,39,15,46,-92,-91,38,83,-51,-94,73,-96,64,-82,-14,69,1,
2,-72,96,28,18,42,3,49,-92,-90,37,81,-54,-93,74,-99,65,-80,-13,78,1,
-3,-24,-65,25,-81,97,74,38,66,61,-34,7,-39,-75,102,-43,-90,13,-45,-27,-1,
-11,-24,-73,20,-83,97,77,32,68,58,-34,7,-41,-75,100,-45,-94,10,-46,-29,-1,
0,-71,95,31,16,41,13,46,-91,-91,38,75,-53,-95,76,-96,64,-82,-15,80,1,
-6,-71,96,24,16,36,9,46,-94,-92,36,72,-53,-97,71,-96,64,-85,-18,72,1,
-6,-68,93,29,17,41,13,48,-92,-84,39,78,-49,-96,76,-93,69,-81,-14,79,1,
-17,-24,-77,23,-80,98,78,34,67,59,-34,4,-39,-76,100,-47,-95,9,-46,-30,-1,
-6,-24,-77,21,-80,96,73,35,65,59,-35,8,-43,-76,99,-49,-97,10,-46,-32,-1,
-4,-66,93,30,14,38,17,43,-94,-88,36,79,-54,-94,73,-95,62,-81,-16,73,1,
-5,-66,91,27,14,39,9,48,-95,-93,40,76,-53,-96,71,-93,62,-82,-18,78,1,
-1,-70,95,29,15,40,10,51,-95,-84,36,76,-50,-93,72,-94,64,-79,-16,84,1,
1,-68,93,29,17,40,8,46,-93,-92,41,76,-56,-93,72,-94,58,-82,-14,76,1,
0,-68,92,34,15,42,16,47,-91,-85,41,79,-50,-94,77,-95,63,-79,-12,80,1,
-4,-68,99,29,14,43,4,47,-92,-89,42,75,-54,-90,78,-97,66,-80,-14,76,1,
-1,-70,100,26,15,39,10,48,-91,-91,41,79,-51,-93,76,-95,70,-77,-13,79,1,
-15,-26,-72,22,-85,98,80,37,64,59,-34,6,-38,-80,101,-50,-93,8,-43,-26,-1,
0,-69,100,27,16,40,3,47,-92,-93,36,78,-55,-94,76,-97,62,-81,-16,77,1,
-11,-27,-72,21,-85,98,79,31,66,62,-34,10,-40,-78,107,-51,-91,11,-43,-27,-1,
-14,-23,-72,17,-81,94,79,32,65,60,-36,6,-43,-76,99,-53,-96,10,-48,-27,-1,
-14,-32,-72,20,-85,94,74,38,64,57,-37,3,-44,-78,96,-50,-97,10,-52,-31,-1,
-8,-71,94,23,13,40,5,46,-95,-87,36,73,-54,-96,73,-96,62,-83,-22,75,1,
-15,-20,-73,22,-84,100,71,39,67,61,-33,7,-42,-74,97,-50,-97,12,-43,-30,-1,
-3,-67,94,29,18,40,9,45,-93,-88,30,75,-52,-93,74,-95,65,-82,-14,75,1,
-2,-68,94,27,13,41,14,47,-94,-87,42,72,-53,-92,72,-94,62,-81,-17,76,1,
-13,-29,-77,23,-83,97,76,34,68,60,-38,7,-39,-80,97,-47,-95,8,-47,-31,-1,
-3,-71,95,28,16,41,9,46,-92,-89,40,72,-52,-96,74,-96,65,-81,-15,81,1,
-1,-68,90,30,14,39,11,49,-94,-86,40,77,-52,-93,71,-94,58,-80,-15,77,1,
-4,-68,97,30,17,42,8,49,-92,-87,44,78,-54,-92,75,-95,63,-82,-13,77,1,
-13,-30,-74,17,-85,94,80,32,65,60,-37,6,-44,-78,98,-51,-94,8,-47,-30,-1,
-9,-23,-72,21,-81,97,74,42,66,61,-37,4,-40,-76,103,-47,-92,12,-49,-30,-1,
-8,-28,-68,20,-81,95,75,38,66,60,-34,8,-42,-73,97,-47,-86,10,-47,-30,-1,
-13,-30,-78,16,-85,96,74,32,66,58,-35,0,-41,-76,99,-54,-94,9,-48,-34,-1,
1,-71,97,26,14,41,8,46,-90,-94,43,76,-53,-93,74,-96,66,-81,-16,77,1,
-14,-29,-74,18,-80,98,80,37,67,60,-34,6,-39,-79,98,-44,-92,9,-42,-28,-1,
-5,-71,96,30,15,40,11,47,-93,-89,36,79,-50,-95,74,-95,65,-82,-17,73,1,
-8,-70,96,27,16,40,13,49,-93,-89,43,77,-53,-97,78,-95,64,-82,-16,80,1,
0,-66,95,26,17,40,10,46,-90,-91,38,76,-56,-90,72,-95,65,-83,-16,76,1,
-1,-68,96,26,14,37,6,46,-93,-89,32,76,-56,-97,72,-94,62,-81,-19,80,1,
-3,-73,89,26,11,38,5,45,-96,-95,37,72,-58,-99,72,-100,62,-82,-19,75,1,
-10,-21,-75,24,-81,101,80,36,67,61,-34,7,-35,-76,103,-48,-90,10,-46,-26,-1,
-6,-68,93,31,13,40,8,46,-94,-86,38,75,-53,-92,73,-94,62,-80,-16,77,1,
-12,-23,-72,24,-82,96,76,38,64,59,-35,7,-41,-77,102,-51,-93,12,-51,-27,-1,
-12,-27,-69,17,-81,95,75,33,67,60,-32,8,-42,-74,101,-48,-91,10,-48,-29,-1,
-13,-25,-74,22,-82,95,78,31,66,57,-35,6,-42,-79,97,-45,-91,8,-48,-30,-1,
-4,-68,92,27,16,41,12,45,-94,-91,37,77,-52,-95,69,-94,66,-82,-16,81,1,
-13,-26,-70,26,-80,99,79,37,67,63,-33,6,-37,-76,102,-43,-94,11,-47,-29,-1,
-4,-72,95,27,13,43,7,45,-94,-89,38,75,-53,-93,72,-97,62,-82,-18,72,1,
-3,-70,93,27,16,40,8,47,-96,-88,36,76,-53,-97,71,-97,65,-82,-17,74,1,
-3,-67,97,28,13,39,15,47,-94,-89,39,75,-51,-95,75,-93,69,-79,-17,84,1,
-3,-68,91,26,19,40,11,48,-90,-88,38,71,-51,-94,74,-92,60,-82,-15,79,1,
0,-67,98,32,17,41,10,50,-92,-82,41,79,-52,-92,75,-92,63,-80,-13,75,1,
-4,-65,96,27,13,42,3,49,-93,-88,40,75,-54,-93,75,-93,64,-81,-19,83,1,
-14,-25,-72,22,-82,96,79,32,64,60,-40,8,-44,-80,100,-50,-94,9,-46,-29,-1,
-11,-22,-70,21,-79,95,80,34,67,60,-33,8,-41,-76,100,-46,-95,11,-44,-26,-1,
4,-68,98,31,18,42,7,47,-91,-91,38,75,-51,-92,74,-94,66,-79,-13,81,1,
-2,-67,92,29,12,40,7,46,-95,-93,39,74,-54,-96,70,-93,60,-81,-17,77,1,
-14,-28,-73,17,-82,94,74,39,63,59,-35,4,-45,-76,97,-54,-95,11,-47,-29,-1,
-8,-71,96,26,13,38,4,45,-95,-91,30,73,-53,-95,72,-96,62,-81,-17,76,1,
-6,-16,-70,26,-78,99,80,40,71,63,-32,13,-37,-73,99,-43,-91,10,-40,-27,-1,
-1,-71,94,30,20,42,14,50,-94,-88,37,76,-55,-93,76,-98,66,-83,-16,82,1,
-11,-26,-69,25,-82,93,80,33,65,58,-32,7,-42,-76,103,-47,-89,10,-50,-30,-1,
-15,-24,-77,18,-79,93,71,36,66,57,-35,2,-47,-80,97,-49,-93,11,-49,-33,-1,
-10,-30,-72,25,-76,95,79,34,65,63,-32,4,-40,-78,101,-49,-91,9,-46,-32,-1,
-1,-68,97,28,16,42,5,49,-91,-81,36,76,-46,-94,74,-91,62,-79,-14,80,1,
-3,-68,102,25,18,40,11,47,-90,-90,39,79,-50,-91,72,-93,62,-81,-14,77,1,
-10,-23,-76,26,-81,98,80,34,66,61,-37,6,-37,-79,102,-52,-88,11,-45,-27,-1,
-12,-29,-73,23,-82,96,76,39,66,62,-36,5,-43,-77,99,-52,-96,13,-47,-30,-1,
-12,-26,-75,22,-80,94,75,28,65,56,-31,2,-41,-81,101,-49,-92,8,-48,-33,-1,
-15,-25,-70,21,-84,94,78,32,66,61,-37,5,-38,-77,101,-49,-91,11,-48,-27,-1,
-5,-67,92,30,11,39,9,48,-93,-85,35,78,-51,-95,74,-93,61,-79,-16,77,1,
-13,-22,-71,20,-80,97,77,39,67,62,-33,6,-37,-76,103,-48,-93,10,-47,-28,-1,
-12,-23,-71,21,-78,98,78,35,68,58,-31,9,-39,-74,103,-45,-90,11,-49,-27,-1,
-3,-68,90,27,13,43,10,46,-93,-91,38,69,-53,-93,72,-96,62,-81,-18,83,1,
-12,-23,-70,25,-83,97,80,35,65,60,-34,4,-40,-74,97,-45,-99,10,-47,-31,-1,
-9,-23,-71,27,-82,97,77,37,65,62,-34,8,-38,-75,100,-47,-93,12,-47,-26,-1,
-14,-26,-77,18,-80,96,77,31,66,59,-37,5,-44,-77,96,-48,-94,6,-46,-32,-1,
-2,-70,93,27,13,41,9,47,-94,-88,38,77,-55,-95,77,-97,63,-80,-16,75,1,
-5,-69,99,27,14,41,9,46,-92,-87,39,77,-58,-95,79,-97,65,-82,-15,78,1,
-13,-26,-72,20,-82,94,79,25,65,60,-34,6,-44,-76,102,-49,-93,8,-45,-31,-1,
-10,-21,-74,20,-84,98,75,37,66,58,-37,9,-40,-77,100,-49,-96,11,-47,-27,-1,
-2,-66,95,30,14,39,5,47,-92,-87,36,78,-54,-95,78,-95,66,-80,-17,80,1,
1,-70,98,28,16,41,3,48,-89,-90,38,77,-52,-93,76,-95,61,-82,-15,77,1,
-13,-28,-70,22,-80,95,79,34,67,60,-31,5,-43,-74,98,-44,-95,10,-45,-31,-1,
-6,-71,95,31,11,39,3,46,-93,-92,35,76,-56,-91,74,-94,58,-80,-20,80,1,
-15,-26,-71,21,-79,97,82,38,67,61,-35,6,-40,-78,105,-45,-91,10,-45,-28,-1,
-19,-23,-71,25,-82,94,82,31,67,57,-30,8,-41,-74,100,-46,-90,8,-46,-28,-1,
-5,-71,95,28,17,41,9,47,-93,-83,36,76,-53,-91,73,-96,70,-82,-18,79,1,
-16,-19,-70,22,-81,96,75,34,66,63,-36,7,-42,-77,102,-49,-93,11,-48,-29,-1,
-15,-22,-72,22,-85,96,77,33,67,56,-33,4,-39,-74,100,-49,-89,10,-48,-29,-1,
-9,-21,-70,21,-81,98,78,36,67,61,-32,4,-40,-76,100,-49,-92,12,-44,-29,-1,
-7,-69,100,34,15,41,9,46,-93,-87,33,81,-54,-96,80,-96,63,-82,-18,75,1,
-1,-76,94,29,15,38,9,46,-92,-87,32,74,-52,-94,72,-96,61,-81,-16,71,1,
-1,-73,95,28,17,40,4,48,-91,-87,35,74,-54,-94,72,-96,66,-81,-16,80,1,
-14,-25,-72,21,-78,95,77,32,64,63,-37,4,-41,-79,102,-50,-94,10,-47,-30,-1,
-2,-72,94,27,14,43,8,45,-95,-89,35,74,-51,-97,72,-99,61,-82,-18,73,1,
-3,-71,95,24,13,40,5,46,-93,-92,42,75,-55,-95,73,-96,65,-81,-15,77,1,
-9,-67,95,29,15,40,12,46,-93,-88,42,79,-55,-91,74,-94,62,-80,-16,85,1,
-10,-25,-75,21,-84,96,74,35,66,59,-36,7,-39,-79,101,-48,-94,9,-46,-29,-1,
-6,-70,97,24,14,42,12,47,-96,-89,44,76,-54,-94,75,-98,66,-82,-17,78,1,
-14,-25,-75,20,-87,94,75,28,65,57,-33,3,-45,-76,98,-54,-94,10,-45,-32,-1,
-12,-23,-74,23,-83,98,78,31,68,59,-34,6,-42,-74,100,-46,-97,10,-45,-32,-1,
-1,-70,92,29,15,40,15,47,-91,-81,39,78,-54,-94,79,-95,61,-81,-14,76,1,
-5,-67,97,26,16,39,13,47,-95,-90,37,81,-57,-94,76,-99,64,-84,-17,76,1,
0,-67,94,34,15,41,8,45,-94,-88,43,75,-56,-93,74,-95,63,-78,-10,78,1,
-9,-23,-77,21,-81,97,76,36,66,59,-39,8,-41,-78,98,-48,-89,9,-47,-28,-1,
-4,-71,96,26,15,39,6,44,-96,-87,39,70,-55,-97,72,-95,57,-79,-17,80,1,
-1,-71,92,28,18,41,4,48,-90,-89,37,76,-52,-93,74,-96,68,-82,-17,83,1,
-9,-23,-69,21,-79,97,80,37,67,63,-32,6,-39,-74,102,-45,-89,11,-44,-27,-1,
-6,-75,92,26,12,38,3,45,-96,-92,34,75,-55,-96,68,-96,63,-80,-18,77,1,
-15,-25,-71,19,-81,96,77,34,66,59,-35,6,-41,-79,101,-47,-96,10,-49,-29,-1,
-13,-28,-74,25,-80,93,74,39,64,61,-36,4,-41,-81,95,-51,-95,9,-47,-31,-1,
-2,-72,98,29,16,40,16,44,-94,-88,38,72,-51,-96,73,-94,60,-82,-17,74,1,
-11,-22,-72,22,-81,95,77,37,65,60,-34,6,-41,-75,97,-49,-94,9,-45,-29,-1,
0,-68,96,26,13,43,6,46,-90,-87,41,73,-53,-95,78,-94,64,-81,-14,78,1,
-1,-70,95,29,16,38,4,48,-95,-87,45,74,-56,-94,70,-93,62,-77,-16,79,1,
-14,-20,-67,22,-82,95,76,35,66,60,-33,6,-40,-73,100,-48,-92,10,-46,-27,-1,
-2,-69,95,32,14,44,11,47,-91,-87,42,76,-53,-90,74,-94,64,-79,-12,79,1,
-6,-23,-73,24,-83,94,74,36,63,58,-38,6,-41,-77,99,-51,-88,10,-47,-27,-1,
-16,-21,-71,22,-84,94,80,33,68,57,-37,12,-42,-75,104,-44,-86,10,-47,-24,-1,
-11,-27,-74,18,-80,93,75,32,66,60,-37,5,-38,-75,98,-47,-93,7,-51,-29,-1,
-5,-69,95,27,16,42,12,49,-94,-84,47,76,-52,-93,74,-94,66,-79,-10,77,1,
-4,-72,100,27,14,41,4,48,-95,-87,42,74,-53,-93,74,-95,69,-80,-15,74,1,
-1,-69,96,29,14,40,14,45,-90,-89,34,76,-52,-94,79,-96,61,-80,-16,83,1,
-13,-23,-74,22,-83,99,77,38,67,59,-36,3,-37,-76,101,-49,-93,12,-50,-27,-1,
-15,-20,-76,23,-82,96,78,33,66,59,-36,5,-39,-77,100,-47,-96,9,-48,-29,-1,
-3,-73,94,30,13,39,6,42,-93,-97,35,75,-56,-95,73,-98,67,-81,-18,72,1,
-6,-69,96,31,16,37,10,49,-96,-87,41,77,-52,-96,73,-95,65,-81,-15,74,1,
-8,-69,97,27,13,38,7,44,-96,-93,41,71,-57,-93,70,-95,58,-81,-18,76,1,
-12,-29,-73,20,-82,98,77,30,67,59,-36,4,-39,-75,101,-47,-92,8,-50,-32,-1,
-14,-19,-73,27,-81,97,76,34,69,59,-33,5,-37,-75,99,-41,-100,13,-49,-28,-1,
-13,-22,-73,20,-82,96,75,30,68,60,-37,9,-42,-72,94,-45,-96,9,-47,-29,-1,
-18,-21,-73,20,-82,93,74,30,67,56,-37,6,-47,-76,96,-44,-95,10,-46,-30,-1,
-12,-18,-71,19,-80,99,79,35,70,62,-35,5,-38,-78,97,-46,-97,9,-43,-31,-1,
-13,-28,-74,21,-83,96,74,31,66,58,-35,5,-43,-76,98,-47,-96,9,-48,-31,-1,
-2,-68,95,27,18,42,9,44,-95,-87,33,78,-51,-97,73,-100,61,-80,-13,74,1,
-13,-20,-75,20,-85,97,76,29,68,60,-40,8,-41,-77,98,-46,-94,8,-46,-30,-1,
-9,-23,-73,21,-81,94,75,33,67,59,-36,7,-43,-74,96,-43,-95,10,-46,-29,-1,
0,-72,97,29,17,41,13,48,-94,-91,41,74,-52,-92,74,-93,62,-79,-13,79,1,
-9,-24,-72,19,-80,95,81,35,67,62,-35,7,-42,-74,97,-45,-95,12,-46,-28,-1,
-14,-23,-67,22,-80,95,78,30,65,63,-36,7,-43,-73,97,-46,-95,10,-49,-29,-1,
-10,-26,-73,21,-82,97,79,29,68,60,-30,7,-38,-77,105,-52,-88,10,-45,-28,-1,
-16,-23,-75,17,-84,93,71,28,64,56,-37,5,-47,-79,97,-49,-98,7,-47,-33,-1,
-7,-70,96,26,17,40,9,46,-92,-92,38,72,-51,-95,75,-95,61,-81,-16,83,1,
-1,-69,101,31,19,43,12,47,-89,-89,36,76,-51,-89,76,-96,70,-81,-11,79,1,
-3,-68,99,26,13,38,4,47,-93,-90,33,77,-56,-94,74,-95,66,-81,-18,78,1,
-15,-21,-73,20,-80,95,78,30,67,61,-34,6,-40,-74,101,-46,-98,11,-48,-27,-1,
-14,-23,-73,21,-83,96,75,36,67,57,-34,9,-44,-78,98,-50,-92,9,-44,-31,-1,
-6,-65,90,27,15,42,9,49,-92,-88,41,77,-53,-93,73,-95,64,-82,-14,80,1,
-16,-27,-72,23,-84,96,77,31,67,56,-32,4,-41,-77,100,-46,-96,9,-46,-32,-1,
-6,-66,90,33,15,38,13,45,-95,-94,36,74,-55,-93,71,-95,60,-80,-12,75,1,
-3,-70,95,25,16,42,7,46,-96,-91,41,74,-53,-94,69,-96,61,-80,-17,79,1,
-3,-72,92,29,16,39,10,48,-94,-90,38,74,-51,-95,70,-95,64,-80,-14,74,1,
-9,-25,-71,22,-82,100,76,34,69,61,-31,11,-41,-75,100,-42,-93,10,-41,-29,-1,
-5,-75,97,26,13,36,4,46,-95,-88,41,71,-56,-96,69,-95,63,-80,-18,75,1,
-1,-69,97,27,15,43,6,44,-93,-86,36,74,-53,-94,77,-96,63,-80,-15,79,1,
-8,-27,-71,24,-86,95,75,37,65,59,-32,3,-40,-75,100,-53,-95,12,-49,-32,-1,
-14,-24,-73,18,-84,98,79,36,67,61,-38,7,-42,-75,96,-47,-93,9,-45,-29,-1,
-1,-70,100,24,17,43,10,48,-92,-83,39,76,-50,-94,76,-95,65,-79,-16,84,1,
-11,-23,-73,20,-80,97,79,32,69,59,-31,6,-37,-75,102,-47,-95,11,-48,-28,-1,
-3,-72,90,28,14,41,10,47,-98,-90,46,77,-53,-97,71,-94,61,-80,-12,71,1,
-11,-25,-71,20,-85,96,78,38,65,60,-35,5,-40,-77,100,-55,-95,12,-50,-28,-1,
-2,-67,100,34,14,42,13,49,-91,-87,39,78,-56,-90,79,-94,63,-81,-17,78,1,
-11,-26,-71,22,-88,98,76,31,64,59,-36,5,-42,-75,98,-49,-94,10,-47,-31,-1,
-9,-21,-70,20,-85,99,78,31,69,59,-35,7,-41,-77,102,-48,-92,13,-45,-30,-1,
-4,-69,94,27,14,40,5,46,-94,-88,37,72,-52,-95,74,-94,61,-81,-18,78,1,
-15,-26,-73,22,-82,96,75,39,65,59,-37,6,-40,-80,100,-48,-92,11,-49,-27,-1,
-11,-17,-78,22,-82,95,74,32,67,60,-35,5,-45,-75,98,-48,-97,11,-45,-32,-1,
-2,-66,98,29,16,42,13,48,-92,-89,41,79,-49,-92,74,-93,67,-79,-12,80,1,
-16,-20,-76,24,-79,96,78,29,66,62,-35,6,-41,-74,102,-49,-99,10,-47,-30,-1,
-12,-25,-73,18,-86,97,74,35,66,59,-37,7,-41,-78,102,-47,-91,9,-44,-30,-1,
-8,-20,-70,22,-83,95,75,37,67,58,-34,9,-44,-73,100,-44,-91,13,-48,-30,-1,
-11,-24,-76,25,-85,98,80,37,67,58,-36,5,-39,-77,99,-46,-92,11,-45,-28,-1,
-17,-21,-74,23,-86,96,74,33,64,58,-39,5,-43,-79,96,-51,-94,9,-48,-31,-1,
-4,-65,99,27,13,42,11,48,-94,-85,43,74,-52,-94,77,-94,65,-81,-17,79,1,
0,-69,93,31,15,44,7,47,-95,-86,40,78,-51,-96,74,-95,67,-80,-15,76,1,
0,-69,101,30,20,45,13,48,-89,-84,41,78,-50,-87,77,-94,66,-79,-14,84,1,
0,-66,95,29,15,42,11,50,-93,-89,42,77,-52,-92,74,-93,58,-81,-13,76,1,
-17,-25,-68,27,-85,96,78,37,67,62,-33,8,-38,-81,102,-43,-90,10,-44,-28,-1,
-12,-28,-73,20,-84,96,73,39,65,60,-37,5,-43,-77,96,-45,-97,9,-46,-31,-1,
-5,-68,96,24,14,43,6,47,-93,-89,42,76,-52,-96,76,-96,62,-82,-13,76,1,
-4,-68,94,27,15,41,9,46,-95,-92,39,76,-57,-93,73,-97,59,-84,-17,76,1,
-4,-68,95,24,14,41,8,47,-93,-90,41,77,-52,-94,72,-92,67,-81,-18,78,1,
-6,-69,94,26,17,39,12,46,-92,-90,37,73,-51,-96,72,-97,62,-82,-18,82,1,
-3,-69,95,29,11,39,13,43,-95,-91,37,73,-53,-98,76,-97,59,-80,-15,77,1,
-2,-70,95,30,13,40,9,49,-94,-83,39,78,-51,-95,73,-91,59,-76,-14,80,1,
-13,-20,-73,20,-83,95,76,32,66,60,-34,6,-39,-79,104,-46,-94,8,-47,-31,-1,
-12,-28,-78,24,-80,94,77,30,66,56,-33,3,-42,-81,94,-46,-94,8,-45,-32,-1,
1,-71,93,28,14,42,7,47,-94,-88,41,72,-52,-98,74,-94,62,-82,-18,74,1,
0,-67,89,28,10,41,5,45,-92,-89,37,71,-57,-94,75,-96,59,-80,-18,80,1,
-8,-66,98,27,14,41,9,46,-93,-91,41,78,-53,-96,77,-94,57,-83,-15,78,1,
-2,-69,93,28,14,40,9,47,-96,-88,38,75,-49,-96,70,-93,59,-80,-16,74,1,
-9,-23,-70,20,-82,96,72,36,66,59,-35,4,-41,-75,94,-47,-97,10,-48,-31,-1,
-3,-68,97,27,16,39,4,49,-93,-88,35,77,-50,-99,76,-95,65,-81,-16,85,1,
0,-70,97,27,17,39,12,48,-92,-89,43,80,-56,-94,74,-94,64,-80,-15,79,1,
-15,-21,-73,21,-78,95,77,30,67,59,-32,2,-40,-75,101,-50,-95,11,-52,-30,-1,
-2,-72,96,31,18,39,8,48,-94,-88,38,75,-53,-94,70,-94,63,-79,-15,77,1,
-9,-23,-73,23,-81,97,76,40,67,61,-34,8,-41,-73,102,-45,-91,14,-48,-26,-1,
-13,-23,-72,19,-81,97,79,30,68,56,-36,7,-41,-79,99,-45,-91,8,-47,-30,-1,
-15,-22,-78,21,-82,99,80,35,68,59,-35,1,-38,-74,97,-47,-97,11,-46,-27,-1,
-12,-27,-74,23,-77,98,84,37,66,63,-35,5,-40,-81,102,-50,-94,8,-43,-31,-1,
-8,-18,-70,26,-79,97,76,38,69,63,-30,9,-38,-72,99,-47,-88,12,-44,-28,-1,
-12,-20,-68,21,-82,97,78,34,68,61,-30,7,-37,-75,100,-48,-90,10,-44,-28,-1,
-15,-20,-71,20,-81,96,80,34,66,62,-37,5,-39,-76,102,-49,-95,10,-48,-28,-1,
0,-71,97,30,14,42,18,48,-92,-87,45,75,-52,-95,75,-93,68,-81,-16,75,1,
-8,-68,93,27,13,39,4,49,-94,-92,38,74,-53,-94,69,-92,59,-81,-18,80,1,
-9,-22,-71,23,-83,98,76,38,67,61,-34,8,-43,-74,102,-48,-91,13,-44,-28,-1,
-11,-24,-70,24,-84,96,78,31,67,61,-32,8,-42,-72,99,-49,-91,11,-44,-30,-1,
1,-68,97,29,15,45,7,45,-92,-87,40,75,-51,-92,74,-97,64,-79,-14,80,1,
-17,-30,-68,21,-86,94,76,39,64,60,-34,4,-42,-78,100,-48,-94,11,-51,-31,-1,
1,-69,98,29,15,44,7,46,-90,-94,42,76,-55,-93,79,-96,59,-81,-14,80,1,
-11,-29,-75,24,-89,95,76,32,65,59,-35,7,-42,-80,100,-50,-95,10,-45,-31,-1,
-11,-20,-71,21,-82,95,77,34,65,59,-36,3,-40,-75,100,-49,-96,11,-53,-30,-1,
1,-70,92,26,13,41,6,45,-93,-93,39,71,-55,-92,68,-95,61,-81,-18,78,1,
-11,-72,95,25,17,36,12,45,-94,-90,36,75,-54,-94,68,-97,62,-82,-18,81,1,
-13,-22,-71,24,-79,99,79,33,68,61,-35,3,-39,-77,99,-46,-94,11,-45,-30,-1,
-5,-69,94,22,15,41,4,45,-93,-88,37,71,-53,-93,71,-97,62,-82,-16,73,1,
-9,-23,-74,20,-79,96,77,37,68,60,-37,10,-38,-79,101,-47,-89,10,-47,-26,-1,
1,-66,97,27,18,45,13,48,-91,-89,35,81,-49,-95,78,-96,64,-83,-14,76,1,
-9,-69,95,29,15,38,9,47,-95,-91,37,78,-54,-96,75,-96,64,-82,-19,78,1,
-9,-21,-72,19,-80,98,76,34,69,61,-36,10,-40,-73,101,-47,-91,9,-45,-28,-1,
-12,-25,-78,19,-83,95,76,29,66,57,-37,7,-42,-77,96,-48,-94,5,-48,-33,-1,
-15,-19,-74,23,-81,99,74,30,69,61,-31,7,-41,-76,98,-47,-90,9,-41,-31,-1,
-13,-22,-74,22,-84,97,79,40,66,59,-37,6,-41,-76,95,-45,-95,8,-44,-29,-1,
-3,-67,93,28,14,40,6,49,-94,-86,39,77,-51,-96,75,-93,66,-80,-14,77,1,
-11,-20,-74,22,-82,99,74,36,66,60,-39,8,-40,-81,101,-46,-95,9,-45,-29,-1,
-15,-26,-75,20,-83,98,76,34,68,58,-35,4,-38,-79,101,-49,-93,8,-47,-32,-1,
-14,-26,-73,20,-81,95,75,33,67,56,-32,6,-39,-79,103,-45,-94,10,-50,-28,-1,
1,-69,98,28,18,42,15,48,-92,-89,41,79,-51,-93,75,-94,66,-80,-12,78,1,
-7,-69,99,27,16,44,5,47,-92,-88,41,77,-53,-94,80,-96,67,-83,-15,78,1,
-4,-70,96,24,11,41,4,43,-94,-91,32,74,-53,-98,76,-100,61,-82,-19,79,1,
-14,-19,-73,24,-82,93,80,39,66,58,-36,7,-42,-76,100,-48,-91,11,-45,-26,-1,
-3,-69,98,30,16,41,12,48,-93,-87,40,71,-50,-94,77,-93,69,-80,-14,79,1,
-12,-19,-71,28,-83,97,77,34,67,58,-33,11,-40,-76,100,-46,-93,11,-45,-27,-1,
-14,-23,-78,20,-83,93,77,35,66,57,-39,9,-46,-79,98,-45,-93,8,-46,-31,-1,
-9,-26,-74,18,-80,93,82,35,65,59,-35,6,-40,-76,98,-44,-92,6,-45,-27,-1,
-16,-22,-75,19,-80,94,73,37,65,58,-36,5,-42,-78,99,-51,-95,8,-50,-30,-1,
-6,-70,93,34,17,41,11,45,-93,-86,35,78,-51,-94,78,-96,64,-81,-14,76,1,
-7,-69,86,31,15,40,6,46,-94,-89,38,76,-53,-95,72,-95,63,-81,-13,79,1,
0,-67,96,28,16,39,8,48,-91,-87,36,78,-51,-94,73,-94,69,-79,-14,79,1,
-1,-66,99,29,20,41,9,50,-91,-83,38,81,-53,-92,78,-94,69,-80,-14,86,1,
-8,-30,-74,22,-80,98,77,36,67,60,-36,5,-39,-77,99,-47,-92,10,-48,-29,-1,
0,-72,90,33,16,42,9,48,-88,-86,40,75,-51,-92,77,-96,67,-81,-14,76,1,
-4,-69,94,26,15,44,7,44,-97,-89,37,73,-53,-92,70,-98,68,-82,-15,73,1,
-1,-69,91,29,13,41,7,46,-92,-86,39,74,-53,-95,76,-96,62,-82,-16,79,1,
-8,-23,-74,26,-82,95,79,38,66,60,-35,8,-39,-76,103,-48,-93,10,-48,-29,-1,
-4,-70,98,30,17,39,10,47,-93,-92,40,75,-54,-94,73,-94,61,-83,-14,78,1,
-6,-71,94,29,18,37,12,48,-92,-88,36,73,-51,-98,75,-97,60,-81,-15,80,1,
-4,-70,96,30,14,44,7,44,-93,-88,37,76,-52,-94,79,-96,64,-82,-15,78,1,
-14,-29,-70,24,-83,95,83,31,66,61,-32,6,-41,-74,101,-47,-92,10,-46,-29,-1,
-3,-71,98,26,19,40,12,49,-91,-88,35,82,-49,-94,77,-98,65,-82,-18,81,1,
-11,-19,-70,23,-80,99,76,39,66,63,-37,7,-39,-77,100,-43,-98,12,-47,-28,-1,
-6,-69,93,27,14,42,10,48,-94,-87,39,73,-52,-95,74,-95,71,-84,-17,78,1,
-9,-69,93,29,13,41,11,45,-97,-94,41,75,-54,-96,74,-96,58,-82,-16,78,1,
-4,-66,94,29,12,42,11,44,-96,-86,37,78,-52,-97,77,-95,58,-81,-16,78,1,
-9,-24,-69,26,-83,94,77,30,67,61,-34,6,-41,-73,100,-47,-92,14,-50,-27,-1,
-4,-67,97,27,15,40,5,46,-96,-87,31,76,-53,-97,75,-97,67,-80,-19,78,1,
-15,-23,-76,18,-84,94,70,32,66,55,-34,8,-43,-77,101,-49,-93,9,-48,-30,-1,
-2,-70,92,30,14,40,6,49,-93,-92,36,78,-52,-95,74,-96,63,-80,-17,80,1,
-13,-21,-74,19,-79,95,79,35,68,60,-33,7,-40,-74,99,-48,-94,10,-45,-29,-1,
-5,-69,97,26,16,38,7,47,-95,-89,38,79,-55,-95,72,-97,59,-81,-16,75,1,
-18,-23,-72,18,-85,91,75,32,66,56,-36,8,-45,-75,94,-46,-92,7,-49,-31,-1,
-6,-69,95,27,16,41,8,47,-98,-89,35,76,-50,-97,73,-96,64,-81,-15,80,1,
-12,-22,-78,23,-84,93,77,32,66,57,-36,5,-39,-75,95,-52,-91,10,-48,-28,-1,
-11,-23,-74,21,-80,96,75,42,66,60,-36,7,-37,-77,100,-49,-92,9,-51,-29,-1,
-1,-70,95,32,16,43,9,49,-91,-86,40,81,-50,-92,75,-94,70,-79,-14,78,1,
-10,-25,-70,23,-82,97,78,36,65,62,-34,6,-43,-76,103,-51,-94,14,-47,-28,-1,
0,-68,98,32,18,40,14,47,-88,-87,38,78,-51,-93,78,-93,67,-80,-12,76,1,
-2,-69,99,27,19,39,12,49,-93,-87,36,80,-52,-95,73,-94,67,-81,-15,78,1,
-11,-22,-71,24,-82,93,77,35,66,55,-33,7,-44,-78,100,-41,-92,11,-45,-29,-1,
-15,-30,-76,17,-83,99,77,30,66,64,-40,7,-42,-79,99,-48,-92,7,-44,-31,-1,
-14,-26,-73,23,-85,93,77,29,67,57,-31,5,-37,-75,98,-48,-92,8,-49,-30,-1,
-7,-69,93,25,15,42,11,47,-93,-86,39,77,-50,-96,75,-95,64,-82,-17,79,1,
-6,-68,95,28,15,39,14,47,-92,-85,41,76,-51,-94,76,-95,63,-80,-15,79,1,
-9,-24,-76,27,-84,99,77,35,67,60,-33,4,-38,-75,100,-50,-93,10,-48,-33,-1,
-8,-26,-70,24,-81,94,78,35,65,63,-33,10,-42,-74,102,-50,-93,10,-46,-28,-1,
-9,-26,-70,17,-81,97,79,34,67,58,-36,7,-42,-78,97,-44,-94,8,-45,-30,-1,
-15,-22,-74,19,-81,95,77,40,66,60,-35,5,-39,-75,99,-48,-95,10,-52,-28,-1,
-2,-70,95,29,15,40,10,48,-93,-84,40,76,-54,-93,72,-94,64,-79,-14,77,1,
-4,-73,97,26,18,40,9,50,-97,-89,42,74,-55,-93,69,-94,63,-80,-17,80,1,
-14,-22,-73,20,-82,97,78,26,68,60,-32,6,-40,-73,96,-48,-95,8,-43,-29,-1,
-4,-70,92,31,14,41,9,48,-91,-88,37,73,-50,-93,74,-93,64,-80,-15,78,1,
-16,-24,-76,18,-84,93,72,30,65,55,-37,4,-44,-80,98,-52,-93,9,-50,-31,-1,
-5,-72,95,27,17,41,8,45,-95,-90,36,78,-58,-96,72,-96,61,-83,-16,78,1,
-5,-66,95,31,15,39,9,48,-92,-90,39,80,-52,-93,72,-92,62,-79,-14,81,1,
-17,-20,-69,26,-85,97,82,29,68,62,-35,9,-40,-75,100,-48,-92,11,-45,-27,-1,
-10,-27,-72,23,-84,93,81,35,65,59,-38,8,-47,-76,100,-45,-95,11,-50,-32,-1,
-7,-23,-72,22,-80,97,81,41,68,61,-31,5,-39,-72,103,-45,-95,13,-44,-27,-1,
-10,-21,-75,20,-78,98,79,35,69,62,-33,9,-38,-74,102,-47,-92,9,-45,-29,-1,
-15,-23,-70,19,-83,94,77,30,66,59,-35,5,-43,-78,100,-46,-91,9,-48,-31,-1,
-6,-28,-69,20,-80,99,80,34,66,62,-32,5,-42,-76,101,-50,-89,10,-42,-31,-1,
-4,-70,94,29,13,40,8,47,-96,-87,42,75,-53,-98,74,-95,60,-81,-16,73,1,
0,-69,97,26,18,39,10,47,-93,-88,35,75,-53,-94,71,-95,67,-81,-18,80,1,
-2,-68,97,30,14,42,8,48,-92,-87,37,77,-52,-92,74,-93,63,-81,-17,72,1,
-10,-29,-74,22,-82,96,81,31,68,61,-34,8,-43,-73,100,-46,-90,12,-42,-28,-1,
-1,-68,96,27,16,39,6,46,-94,-90,36,78,-52,-93,70,-95,63,-79,-14,77,1,
-4,-70,99,21,17,40,8,51,-92,-88,38,79,-53,-95,76,-96,66,-82,-18,83,1,
-12,-21,-73,25,-79,96,79,39,65,61,-35,7,-44,-76,99,-46,-92,11,-43,-27,-1,
-4,-69,99,24,15,37,5,47,-94,-92,33,79,-57,-96,73,-97,61,-82,-18,81,1,
-9,-72,92,24,17,37,7,47,-93,-87,30,72,-52,-97,71,-96,62,-83,-18,80,1,
-12,-27,-71,21,-83,95,81,36,64,62,-37,3,-41,-75,99,-50,-95,10,-48,-29,-1,
-9,-24,-72,25,-82,98,79,33,65,62,-33,8,-41,-74,104,-48,-93,11,-45,-29,-1,
-6,-66,91,29,15,39,8,45,-94,-86,34,79,-52,-94,74,-95,64,-80,-12,78,1,
-10,-27,-71,18,-82,97,75,33,67,61,-37,6,-40,-77,98,-50,-94,10,-49,-32,-1,
-13,-24,-77,24,-85,94,80,26,68,57,-35,8,-42,-79,100,-46,-93,8,-45,-33,-1,
-10,-23,-70,26,-84,94,80,36,65,60,-38,7,-42,-75,100,-47,-90,12,-48,-27,-1,
-3,-72,97,31,10,41,9,45,-95,-91,32,72,-51,-95,72,-97,64,-80,-19,73,1,
0,-68,96,29,16,40,12,47,-91,-89,42,74,-52,-95,76,-94,65,-81,-14,78,1,
-11,-28,-74,21,-80,95,80,35,65,62,-34,6,-42,-76,100,-51,-91,10,-46,-29,-1,
-12,-26,-69,21,-76,95,81,29,68,62,-34,7,-43,-74,101,-43,-91,10,-47,-30,-1,
-2,-71,94,29,15,38,8,46,-95,-86,40,74,-55,-97,72,-95,64,-81,-16,75,1,
-16,-26,-68,23,-83,93,78,33,65,62,-33,6,-39,-77,101,-49,-96,9,-50,-29,-1,
-12,-26,-68,19,-85,96,74,31,66,60,-34,5,-43,-77,100,-49,-94,12,-48,-30,-1,
-3,-68,95,30,16,41,11,48,-95,-91,43,76,-55,-89,70,-94,62,-80,-16,79,1,
-3,-69,92,28,13,47,5,46,-94,-87,38,75,-49,-94,75,-96,68,-81,-14,73,1,
-16,-24,-73,21,-83,95,78,33,67,56,-30,4,-39,-73,100,-47,-97,8,-48,-30,-1,
-8,-24,-70,19,-83,95,76,35,65,61,-36,8,-42,-79,101,-49,-89,11,-45,-27,-1,
-5,-66,100,31,17,40,11,46,-94,-88,40,82,-54,-93,73,-93,60,-80,-14,77,1,
-14,-19,-72,21,-82,96,73,37,68,59,-35,8,-41,-76,100,-46,-95,11,-45,-28,-1,
-5,-71,94,28,16,41,5,48,-94,-87,37,74,-54,-93,72,-96,63,-83,-18,79,1,
-16,-26,-72,21,-82,95,79,32,65,59,-37,5,-41,-80,99,-49,-95,8,-48,-32,-1,
-1,-68,93,28,14,44,1,48,-93,-87,33,80,-50,-95,75,-97,66,-83,-16,71,1,
-10,-29,-72,23,-84,97,76,33,65,62,-37,7,-40,-79,102,-51,-92,11,-49,-30,-1,
-10,-24,-74,22,-81,95,77,30,66,61,-35,8,-42,-79,102,-50,-91,9,-47,-31,-1,
-13,-23,-74,19,-84,99,77,31,67,62,-38,4,-39,-78,98,-47,-98,10,-45,-29,-1,
-4,-67,94,29,12,39,6,48,-94,-84,39,73,-51,-97,75,-93,63,-79,-18,79,1,
-14,-23,-70,20,-79,95,78,32,67,62,-35,7,-41,-76,100,-50,-97,11,-47,-27,-1,
-13,-22,-69,20,-84,94,74,33,66,60,-32,4,-40,-72,97,-50,-94,9,-49,-30,-1,
-8,-71,93,26,13,41,7,47,-94,-89,42,74,-52,-98,72,-96,62,-82,-17,80,1,
-9,-24,-72,18,-85,102,76,39,68,60,-34,7,-36,-76,101,-45,-93,10,-44,-28,-1,
-13,-21,-69,23,-80,95,78,40,68,61,-31,5,-38,-74,101,-50,-89,11,-47,-28,-1,
-6,-68,96,27,17,40,11,49,-94,-85,40,82,-50,-93,73,-93,64,-79,-14,76,1,
-10,-23,-71,22,-75,95,78,35,68,59,-29,5,-44,-71,100,-48,-87,11,-47,-31,-1,
-10,-20,-72,19,-87,96,72,28,66,58,-37,8,-40,-78,99,-49,-92,8,-46,-30,-1,
-11,-17,-71,24,-83,96,75,35,68,59,-32,8,-40,-75,102,-44,-93,12,-44,-27,-1,
-9,-21,-75,27,-82,96,79,37,68,60,-33,10,-41,-75,102,-43,-90,13,-44,-27,-1,
-11,-24,-75,23,-84,94,79,39,66,59,-36,9,-40,-77,100,-47,-92,9,-47,-28,-1,
-15,-27,-73,19,-79,95,76,34,65,59,-34,2,-43,-79,95,-46,-99,9,-45,-32,-1,
-14,-26,-72,21,-85,94,76,29,66,60,-36,8,-40,-79,100,-50,-95,10,-49,-29,-1,
-15,-22,-69,20,-82,95,79,39,65,61,-37,4,-41,-76,96,-49,-96,10,-51,-28,-1,
-12,-24,-69,25,-84,95,77,38,66,60,-32,6,-37,-74,99,-45,-94,12,-48,-26,-1,
-4,-70,93,30,15,41,11,46,-92,-93,36,70,-54,-89,73,-94,60,-81,-15,81,1,
-13,-29,-75,22,-86,97,77,32,65,60,-36,4,-43,-78,96,-46,-95,10,-44,-31,-1,
-5,-68,95,26,13,41,11,43,-92,-89,37,70,-54,-93,73,-94,62,-83,-20,80,1,
-12,-22,-71,19,-83,97,81,27,68,61,-35,4,-41,-72,99,-48,-95,11,-47,-29,-1,
-12,-25,-73,22,-83,94,76,38,63,59,-36,5,-42,-77,101,-47,-93,11,-51,-27,-1,
-8,-26,-72,18,-82,100,74,30,69,61,-35,8,-39,-80,103,-45,-90,9,-45,-31,-1,
-10,-24,-74,20,-82,96,76,40,65,60,-37,5,-41,-76,95,-51,-91,9,-47,-29,-1,
-8,-69,92,26,11,39,4,45,-96,-93,36,73,-56,-94,70,-95,60,-82,-17,72,1,
-6,-70,95,27,15,43,6,44,-97,-91,35,73,-55,-95,73,-96,61,-82,-14,78,1,
-14,-25,-68,22,-76,95,81,34,67,62,-32,8,-42,-75,101,-41,-89,11,-46,-26,-1,
-4,-70,92,30,18,40,7,49,-90,-87,44,75,-51,-94,74,-93,63,-82,-13,74,1,
-8,-67,93,26,17,41,11,46,-94,-90,42,76,-52,-94,73,-97,60,-83,-15,77,1,
-8,-25,-72,24,-84,95,79,36,65,60,-33,7,-40,-75,104,-47,-90,10,-44,-28,-1,
-15,-17,-76,26,-81,92,79,34,67,56,-37,10,-44,-78,96,-43,-96,10,-48,-29,-1,
-10,-21,-70,24,-82,101,74,37,68,63,-35,7,-37,-80,98,-47,-92,11,-43,-30,-1,
-10,-30,-68,21,-85,96,79,37,67,59,-32,8,-43,-76,98,-45,-90,11,-43,-29,-1,
-9,-19,-72,24,-86,96,76,39,66,58,-35,7,-36,-76,100,-48,-93,9,-48,-28,-1,
-1,-70,97,26,17,43,12,48,-92,-90,42,76,-53,-94,75,-96,66,-83,-15,76,1,
-10,-25,-75,21,-81,95,77,33,65,61,-36,5,-44,-80,98,-54,-91,9,-45,-32,-1,
-11,-29,-72,20,-85,99,75,40,66,62,-38,6,-43,-77,99,-47,-92,12,-46,-30,-1,
-10,-24,-72,19,-81,94,79,31,66,60,-35,8,-42,-73,97,-49,-93,9,-46,-27,-1,
-9,-29,-70,23,-83,94,76,36,64,61,-36,6,-42,-80,100,-48,-90,10,-48,-30,-1,
-14,-24,-75,24,-83,96,76,37,64,60,-35,4,-39,-83,103,-51,-88,9,-45,-29,-1,
-15,-27,-71,18,-80,95,74,35,67,59,-33,3,-41,-78,99,-47,-96,9,-47,-32,-1,
-1,-69,93,30,15,42,8,47,-93,-83,37,73,-51,-92,74,-96,68,-80,-15,76,1,
-9,-19,-72,21,-83,96,71,31,69,59,-33,11,-43,-72,98,-47,-91,10,-44,-30,-1,
-6,-69,94,22,15,39,6,48,-95,-86,33,76,-55,-97,72,-98,64,-83,-19,81,1,
-3,-70,94,22,16,42,10,48,-93,-86,34,76,-54,-95,74,-97,66,-83,-18,73,1,
0,-68,96,28,17,41,5,46,-94,-87,38,75,-53,-91,73,-95,64,-80,-15,80,1,
-12,-25,-73,19,-83,94,74,37,64,60,-36,7,-44,-77,102,-47,-92,9,-48,-31,-1,
-5,-71,98,26,15,43,8,46,-93,-89,39,71,-53,-95,76,-93,60,-82,-17,83,1,
-2,-70,96,29,14,41,12,45,-93,-88,36,72,-55,-95,77,-98,60,-83,-17,78,1,
-8,-26,-72,18,-81,95,78,28,66,60,-33,6,-44,-77,98,-49,-94,9,-43,-31,-1,
-3,-69,98,28,16,42,13,47,-91,-86,40,76,-48,-92,75,-93,64,-79,-15,82,1,
-13,-23,-72,21,-81,95,82,31,67,58,-33,9,-43,-77,100,-47,-91,11,-43,-25,-1,
0,-68,98,30,17,42,14,49,-93,-86,36,80,-53,-94,76,-96,67,-83,-13,76,1,
-5,-68,96,29,14,40,7,49,-92,-86,39,74,-55,-94,76,-93,66,-81,-18,82,1,
-4,-70,94,30,13,41,6,46,-92,-92,37,72,-53,-92,73,-95,62,-84,-20,76,1,
-3,-69,95,24,15,39,7,46,-94,-91,36,75,-54,-96,71,-97,61,-84,-20,73,1,
-15,-22,-70,24,-81,95,77,35,66,61,-35,11,-45,-73,105,-46,-93,13,-47,-26,-1,
-10,-22,-72,24,-78,96,80,32,68,59,-30,5,-38,-73,104,-47,-92,10,-45,-28,-1,
-4,-69,98,29,16,41,13,50,-90,-88,39,77,-53,-91,78,-97,68,-82,-16,80,1,
-9,-23,-71,23,-83,99,78,38,67,61,-32,7,-38,-77,104,-46,-93,12,-45,-28,-1,
-1,-71,92,31,15,39,11,48,-93,-86,35,75,-55,-93,72,-95,64,-82,-16,75,1,
-6,-66,94,29,13,43,7,48,-94,-83,41,77,-50,-91,73,-93,63,-79,-14,80,1,
-3,-68,98,29,15,41,11,47,-90,-89,42,77,-51,-95,79,-96,68,-81,-15,79,1,
-12,-19,-71,19,-87,98,74,29,68,59,-35,10,-41,-75,99,-47,-93,9,-43,-29,-1,
-2,-71,92,29,13,40,5,49,-92,-93,43,74,-53,-95,72,-95,61,-82,-16,78,1,
-8,-69,97,31,15,41,8,48,-94,-91,39,78,-54,-95,75,-96,62,-83,-19,80,1,
0,-69,94,29,18,42,6,49,-90,-91,45,77,-54,-92,75,-93,61,-84,-14,77,1,
5,-71,97,31,19,41,9,49,-92,-88,35,81,-53,-93,77,-96,64,-82,-16,77,1,
0,-70,99,27,16,40,10,47,-91,-87,38,74,-51,-94,75,-93,65,-79,-14,78,1,
-11,-26,-73,23,-86,98,76,37,67,59,-38,9,-41,-74,96,-44,-94,12,-48,-27,-1,
-12,-24,-70,21,-86,98,73,40,66,61,-36,8,-39,-78,99,-50,-93,11,-46,-29,-1,
-12,-28,-70,19,-86,96,78,34,64,60,-38,5,-44,-79,100,-53,-93,11,-48,-31,-1,
-13,-23,-75,21,-83,97,75,34,67,57,-37,10,-42,-76,100,-45,-90,8,-44,-28,-1,
-11,-23,-75,23,-83,96,77,35,66,61,-37,6,-44,-75,98,-50,-95,11,-49,-33,-1,
-15,-26,-72,19,-88,96,73,33,64,59,-35,7,-43,-79,101,-44,-96,10,-46,-29,-1,
-12,-24,-75,23,-83,94,78,33,66,59,-35,8,-42,-75,100,-49,-91,9,-46,-30,-1,
-12,-22,-69,27,-83,99,79,37,67,62,-33,3,-39,-73,102,-46,-95,12,-46,-30,-1,
-14,-29,-74,20,-82,93,79,33,66,58,-35,2,-42,-78,100,-50,-92,9,-49,-31,-1,
-5,-69,93,31,16,39,15,48,-92,-90,42,77,-56,-96,79,-96,68,-82,-15,84,1,
-13,-23,-69,24,-86,94,79,31,66,56,-33,9,-42,-75,98,-44,-94,9,-45,-30,-1,
-7,-71,98,30,16,38,10,45,-94,-89,39,73,-53,-94,76,-95,66,-79,-14,79,1,
-4,-70,91,30,14,37,15,46,-94,-91,38,78,-54,-98,75,-95,64,-82,-16,78,1,
-16,-31,-72,23,-86,95,77,37,63,60,-33,6,-42,-84,105,-49,-92,8,-43,-31,-1,
-17,-24,-74,24,-82,95,75,37,66,58,-34,5,-41,-77,97,-50,-92,9,-47,-29,-1,
0,-72,98,28,14,42,3,50,-94,-88,39,76,-54,-95,76,-96,61,-82,-17,75,1,
-14,-21,-71,23,-80,95,77,35,67,62,-34,4,-37,-78,102,-49,-92,12,-49,-28,-1,
-14,-21,-74,24,-84,93,75,35,66,58,-34,6,-42,-79,95,-48,-91,10,-46,-30,-1,
-12,-26,-74,18,-83,95,78,31,66,58,-35,6,-44,-75,97,-48,-94,9,-45,-30,-1,
-13,-25,-75,25,-83,97,81,33,65,61,-35,5,-40,-77,104,-47,-94,10,-46,-30,-1,
3,-70,90,29,15,45,10,47,-90,-88,38,72,-50,-95,77,-92,61,-82,-14,82,1,
0,-72,93,28,15,44,8,49,-93,-87,44,73,-52,-93,72,-94,69,-81,-15,74,1,
-3,-68,95,25,12,41,14,48,-94,-91,40,76,-51,-95,74,-95,61,-80,-16,77,1,
-12,-24,-72,24,-81,94,75,44,67,60,-33,7,-38,-75,98,-46,-91,11,-47,-26,-1,
-4,-70,98,28,16,40,9,47,-91,-88,41,74,-52,-95,77,-94,60,-81,-15,79,1,
-8,-71,100,28,17,40,12,46,-96,-89,34,74,-53,-95,72,-96,63,-84,-19,75,1,
-14,-21,-71,19,-83,96,76,36,67,60,-34,9,-43,-77,102,-47,-93,11,-47,-28,-1,
-12,-22,-74,22,-84,95,73,34,64,57,-37,5,-41,-77,106,-48,-89,10,-50,-30,-1,
-15,-26,-75,21,-85,95,74,33,67,56,-33,6,-41,-78,96,-48,-93,9,-47,-31,-1,
-10,-19,-74,25,-81,98,78,41,68,58,-37,7,-36,-77,100,-45,-90,10,-49,-29,-1,
-10,-26,-75,21,-85,95,77,35,65,59,-36,4,-39,-79,98,-49,-96,8,-47,-31,-1,
-10,-27,-66,25,-79,98,81,36,67,65,-32,9,-39,-75,101,-44,-91,11,-44,-28,-1,
5,-65,91,30,15,46,3,49,-89,-80,37,80,-52,-88,76,-93,62,-78,-12,83,1,
-8,-26,-74,21,-83,99,75,36,68,61,-35,8,-42,-78,100,-48,-95,11,-44,-32,-1,
-1,-69,96,29,17,43,14,46,-91,-88,40,72,-50,-94,76,-95,65,-81,-13,79,1,
-2,-69,92,32,14,42,9,47,-92,-86,40,71,-51,-91,74,-94,65,-78,-12,78,1,
-1,-68,98,30,12,41,7,47,-94,-91,41,75,-56,-93,74,-94,55,-80,-16,82,1,
-4,-25,-70,24,-84,101,83,38,68,64,-33,7,-39,-70,101,-47,-90,14,-43,-27,-1,
-2,-70,94,22,16,41,5,48,-94,-91,45,69,-53,-97,71,-94,66,-83,-18,82,1,
-15,-30,-76,20,-76,93,74,34,65,59,-32,3,-44,-77,97,-51,-96,8,-48,-33,-1,
-17,-24,-71,18,-82,96,77,31,67,61,-35,5,-44,-73,97,-47,-100,11,-46,-30,-1,
-11,-28,-77,18,-82,98,79,36,65,60,-36,3,-39,-77,96,-51,-95,8,-47,-30,-1,
-8,-72,98,26,14,37,4,44,-94,-97,36,71,-56,-95,72,-97,63,-84,-21,72,1,
-2,-67,95,30,18,41,10,52,-92,-84,39,75,-50,-94,72,-91,66,-80,-16,88,1,
1,-68,95,28,17,40,7,48,-95,-90,35,76,-52,-96,69,-97,62,-82,-17,75,1,
-9,-20,-72,20,-86,98,78,30,67,60,-33,7,-38,-74,103,-55,-93,11,-47,-28,-1,
-15,-24,-74,22,-86,94,75,31,65,56,-36,8,-44,-79,98,-49,-93,8,-48,-33,-1,
-14,-18,-72,20,-84,95,81,30,66,59,-35,7,-41,-76,105,-50,-92,9,-47,-29,-1,
-15,-26,-74,24,-81,93,81,31,66,61,-34,7,-42,-78,101,-49,-94,11,-47,-28,-1,
-16,-21,-76,21,-80,98,78,34,67,63,-37,5,-39,-79,100,-48,-95,9,-46,-30,-1,
-3,-70,96,28,17,42,11,48,-94,-87,37,75,-50,-94,74,-96,65,-84,-17,71,1,
-6,-69,99,30,15,38,10,47,-95,-88,41,79,-54,-94,73,-93,60,-80,-16,75,1,
-7,-23,-69,21,-83,99,74,35,69,63,-33,9,-40,-74,96,-44,-94,10,-39,-28,-1,
-6,-69,95,28,14,42,9,47,-95,-89,44,75,-56,-94,73,-93,65,-81,-15,80,1,
-12,-25,-73,20,-81,93,76,33,66,60,-35,3,-42,-77,95,-52,-95,10,-46,-29,-1,
1,-68,93,29,15,41,7,49,-92,-91,36,76,-52,-93,71,-94,63,-79,-15,76,1,
-1,-69,93,30,13,40,8,44,-94,-88,33,78,-54,-94,73,-98,62,-81,-18,78,1,
0,-67,94,29,12,41,7,47,-95,-90,39,73,-55,-94,75,-94,61,-80,-18,78,1,
-8,-73,93,21,17,40,10,47,-96,-91,39,74,-53,-96,69,-96,64,-82,-15,81,1,
0,-70,93,27,14,41,8,46,-90,-91,34,72,-53,-94,72,-94,67,-83,-17,79,1,
-2,-67,97,27,12,39,7,46,-93,-88,40,76,-53,-94,73,-93,61,-79,-16,79,1,
-6,-71,91,27,13,40,5,44,-90,-87,37,71,-53,-97,76,-97,63,-82,-18,77,1,
-2,-70,90,28,13,41,11,47,-92,-90,38,73,-51,-95,72,-94,66,-82,-17,80,1,
-9,-33,-68,26,-87,94,76,27,65,59,-35,10,-46,-76,100,-43,-92,9,-43,-33,-1,
-5,-69,100,24,17,41,10,44,-92,-93,39,74,-51,-95,75,-97,65,-82,-16,78,1,
-4,-71,95,32,15,41,12,47,-95,-88,38,75,-51,-92,76,-96,61,-80,-15,76,1,
-2,-70,95,30,16,40,6,47,-95,-89,42,77,-56,-94,74,-96,61,-80,-14,80,1,
-13,-28,-68,15,-84,96,75,31,66,59,-36,2,-42,-77,102,-48,-95,11,-54,-31,-1,
-8,-70,99,28,13,39,10,45,-95,-88,40,75,-55,-97,76,-95,65,-82,-19,74,1,
0,-69,97,30,16,44,13,48,-92,-86,43,77,-51,-90,76,-93,61,-78,-12,81,1,
-6,-69,99,27,19,39,9,48,-95,-87,36,76,-49,-95,73,-95,67,-81,-14,78,1,
-11,-23,-75,24,-82,92,73,40,64,58,-36,6,-45,-75,99,-49,-90,12,-48,-29,-1,
-1,-71,98,29,18,41,8,47,-94,-89,34,74,-54,-94,74,-97,65,-81,-13,78,1,
-6,-69,91,30,15,40,8,46,-95,-88,35,80,-56,-95,75,-97,61,-81,-16,80,1,
-13,-23,-69,22,-83,98,76,39,66,59,-37,8,-40,-79,103,-48,-90,10,-48,-29,-1,
-2,-67,92,29,15,40,4,49,-94,-82,39,75,-53,-92,72,-93,67,-80,-17,77,1,
-1,-69,94,29,14,36,13,49,-96,-87,43,74,-54,-99,75,-91,59,-78,-15,82,1,
-13,-24,-71,20,-82,95,74,35,64,62,-38,6,-41,-75,98,-49,-95,11,-50,-28,-1,
-11,-28,-74,23,-83,96,80,33,65,58,-37,7,-43,-78,101,-48,-95,11,-47,-29,-1,
-14,-30,-74,21,-86,96,70,36,66,58,-33,6,-43,-77,95,-50,-97,10,-45,-31,-1,
-8,-71,92,25,15,37,6,46,-97,-90,40,73,-55,-97,70,-98,63,-82,-16,73,1,
-1,-66,92,31,14,44,13,45,-94,-86,37,73,-49,-97,74,-94,61,-83,-14,72,1,
-14,-22,-73,25,-80,97,77,36,67,59,-30,3,-40,-74,98,-50,-91,10,-44,-31,-1,
-17,-25,-73,16,-81,95,72,34,65,59,-34,0,-43,-77,94,-52,-97,8,-48,-33,-1,
-13,-20,-76,21,-80,94,76,36,67,57,-34,6,-41,-78,101,-50,-92,9,-46,-29,-1,
-1,-68,99,26,15,40,3,43,-95,-87,35,73,-57,-93,71,-94,58,-80,-18,78,1,
-11,-28,-73,21,-84,95,76,30,65,57,-37,8,-42,-79,99,-49,-90,7,-45,-31,-1,
-2,-71,93,23,12,42,5,43,-95,-94,39,72,-54,-97,70,-94,59,-82,-17,74,1,
-4,-70,95,30,15,41,10,45,-92,-89,39,71,-52,-94,75,-95,63,-82,-16,80,1,
-15,-23,-73,21,-85,97,75,31,66,60,-36,6,-42,-77,102,-46,-96,11,-48,-28,-1,
-12,-28,-75,19,-84,97,71,32,65,58,-34,3,-43,-74,97,-49,-98,9,-48,-33,-1,
-3,-67,95,29,14,42,8,48,-96,-91,38,80,-51,-94,71,-95,62,-79,-13,78,1,
-10,-30,-72,19,-85,97,69,30,67,58,-35,6,-43,-78,96,-48,-91,10,-46,-32,-1,
0,-68,93,28,14,40,11,47,-93,-91,38,75,-54,-95,74,-95,64,-83,-16,78,1,
-9,-25,-72,21,-80,99,76,30,68,61,-36,6,-43,-73,97,-45,-98,12,-45,-29,-1,
-10,-23,-75,22,-83,94,74,33,66,57,-35,7,-40,-79,100,-51,-93,8,-48,-29,-1,
-3,-71,93,29,15,39,13,47,-95,-91,42,74,-51,-97,73,-94,61,-81,-15,74,1,
-4,-71,97,27,16,42,9,49,-93,-88,37,77,-54,-95,74,-97,67,-83,-18,78,1,
-11,-20,-71,22,-84,95,78,37,64,57,-35,6,-43,-78,105,-48,-90,10,-47,-29,-1,
-11,-22,-73,26,-77,96,81,37,66,62,-37,8,-41,-77,100,-48,-94,10,-49,-30,-1,
-6,-71,99,27,18,39,5,48,-94,-93,34,75,-49,-95,72,-96,61,-81,-18,80,1,
-15,-22,-68,19,-83,96,80,36,67,61,-39,7,-38,-79,101,-50,-91,10,-47,-27,-1,
-10,-24,-69,23,-86,95,76,34,65,61,-32,7,-38,-75,101,-49,-92,9,-47,-29,-1,
-13,-22,-71,20,-81,93,77,30,67,57,-33,8,-42,-78,99,-46,-95,9,-48,-29,-1,
6,-68,94,29,17,40,11,49,-92,-92,40,78,-53,-92,72,-94,65,-78,-12,84,1,
-9,-24,-66,20,-83,98,79,42,66,63,-33,7,-38,-74,102,-48,-91,11,-45,-27,-1,
-4,-68,94,29,16,42,8,44,-93,-90,37,74,-51,-92,74,-97,59,-79,-14,78,1,
-1,-69,92,33,15,39,2,45,-95,-91,31,74,-58,-95,71,-95,59,-82,-17,74,1,
-12,-20,-75,20,-81,95,80,28,67,58,-35,7,-41,-75,96,-47,-97,8,-45,-29,-1,
-3,-71,98,30,14,38,11,44,-93,-94,37,72,-54,-94,71,-96,62,-81,-19,81,1,
-12,-21,-71,24,-82,98,80,39,67,59,-30,2,-39,-73,101,-46,-95,12,-46,-29,-1,
-14,-22,-71,22,-80,96,75,33,68,60,-31,7,-43,-75,99,-48,-89,11,-44,-30,-1,
-13,-28,-71,15,-83,93,75,36,66,58,-34,4,-45,-74,99,-50,-96,9,-50,-35,-1,
-3,-68,94,28,16,44,6,47,-95,-90,42,74,-52,-89,70,-96,64,-81,-16,81,1,
-3,-71,96,27,15,42,8,48,-95,-90,42,76,-53,-95,72,-96,67,-82,-15,74,1,
-15,-23,-73,20,-85,97,74,33,64,60,-36,3,-42,-79,101,-54,-94,10,-46,-32,-1,
-2,-73,96,26,13,38,7,44,-94,-97,37,72,-55,-95,70,-99,56,-81,-16,74,1,
0,-69,94,29,16,44,8,47,-91,-89,43,75,-53,-91,73,-95,65,-81,-13,78,1,
-9,-69,89,26,14,41,5,48,-94,-87,37,73,-53,-94,72,-96,70,-83,-18,76,1,
-2,-68,91,26,13,42,12,47,-96,-88,43,77,-55,-94,70,-96,67,-82,-16,73,1,
-14,-27,-77,25,-81,97,77,33,67,58,-34,4,-39,-81,99,-45,-92,10,-46,-30,-1,
3,-73,93,27,16,43,7,48,-92,-95,40,73,-55,-96,74,-98,67,-84,-16,76,1,
-10,-17,-71,18,-81,95,77,39,68,59,-32,10,-39,-74,99,-46,-94,9,-44,-26,-1,
-10,-23,-73,22,-82,97,75,29,68,61,-36,9,-36,-78,101,-50,-91,10,-47,-28,-1,
1,-67,101,25,17,40,10,47,-92,-89,35,76,-52,-94,76,-95,65,-79,-14,76,1,
0,-67,95,30,16,43,13,48,-95,-83,37,74,-51,-93,74,-97,70,-80,-14,76,1,
-4,-66,96,31,12,39,7,48,-95,-86,37,76,-52,-96,71,-92,60,-81,-19,76,1,
-9,-26,-76,21,-86,97,77,38,65,61,-38,4,-40,-81,101,-49,-94,10,-46,-31,-1,
-13,-20,-71,17,-78,96,81,33,67,62,-35,6,-39,-75,101,-46,-95,10,-45,-26,-1,
-8,-20,-73,20,-79,95,76,32,66,57,-31,6,-43,-76,101,-49,-93,10,-47,-31,-1,
-7,-68,90,28,15,40,6,46,-95,-89,33,74,-56,-94,73,-96,59,-81,-17,86,1,
-13,-19,-67,24,-79,96,80,35,69,62,-30,11,-38,-75,101,-39,-91,10,-42,-25,-1,
-10,-27,-70,21,-81,97,80,34,66,65,-36,6,-43,-74,97,-50,-91,11,-43,-29,-1,
-10,-18,-71,28,-81,97,80,34,68,61,-32,6,-40,-74,103,-46,-94,13,-45,-27,-1,
-3,-69,94,26,16,41,14,49,-91,-85,41,75,-51,-92,74,-95,66,-81,-15,81,1,
-15,-20,-73,21,-83,96,80,33,67,60,-36,6,-41,-78,100,-49,-94,10,-45,-29,-1,
-10,-22,-75,20,-84,100,77,27,68,61,-36,6,-42,-78,99,-48,-91,8,-40,-33,-1,
-16,-26,-73,19,-83,97,73,32,68,57,-33,7,-40,-77,97,-48,-90,9,-44,-29,-1,
-12,-18,-71,23,-77,95,77,37,67,61,-33,11,-44,-74,101,-41,-97,11,-47,-29,-1,
-6,-25,-68,22,-80,99,80,37,68,60,-32,4,-37,-75,106,-45,-91,12,-47,-28,-1,
-11,-25,-72,26,-81,98,79,36,67,64,-34,5,-38,-77,103,-50,-93,12,-44,-29,-1,
-14,-19,-74,20,-84,95,75,34,68,58,-35,8,-40,-72,99,-44,-95,10,-48,-27,-1,
-5,-67,93,21,15,41,9,50,-96,-81,39,77,-51,-96,70,-96,68,-80,-17,78,1,
-6,-23,-72,20,-86,100,79,38,66,61,-38,7,-41,-77,99,-44,-93,11,-45,-28,-1,
-15,-26,-75,17,-84,93,78,26,66,58,-38,5,-39,-80,98,-46,-95,5,-51,-31,-1,
1,-71,92,30,17,43,14,45,-92,-89,39,71,-53,-97,76,-96,66,-81,-15,84,1,
-14,-22,-70,21,-79,95,75,40,67,60,-33,6,-42,-75,101,-50,-96,12,-49,-31,-1,
-13,-26,-79,22,-84,96,77,34,66,58,-35,3,-43,-75,93,-49,-95,8,-43,-33,-1,
-3,-67,95,26,13,45,5,46,-94,-89,37,75,-53,-97,78,-97,59,-82,-18,80,1,
-3,-71,96,26,15,41,3,48,-94,-87,34,76,-53,-94,74,-97,66,-80,-17,76,1,
0,-71,93,29,16,39,8,47,-94,-89,33,79,-52,-95,72,-94,58,-79,-16,75,1,
-16,-23,-76,18,-81,96,78,29,66,58,-36,3,-43,-76,97,-49,-97,8,-47,-32,-1,
-10,-20,-73,22,-80,96,80,37,65,61,-34,8,-42,-74,100,-48,-93,8,-45,-30,-1,
-15,-26,-68,18,-87,94,70,39,65,59,-36,3,-42,-78,98,-49,-97,11,-50,-31,-1,
-14,-23,-73,20,-83,96,76,32,67,59,-38,6,-40,-77,94,-48,-93,8,-46,-31,-1,
-14,-24,-73,22,-82,92,80,29,64,59,-37,4,-44,-78,99,-48,-94,9,-48,-30,-1,
-5,-68,91,31,14,43,9,46,-95,-89,40,75,-53,-94,74,-95,61,-82,-15,76,1,
-9,-20,-74,17,-79,97,78,32,68,59,-33,4,-40,-71,101,-45,-95,11,-49,-30,-1,
-10,-25,-69,17,-81,95,75,33,65,59,-35,6,-41,-77,103,-47,-92,10,-50,-28,-1,
-5,-68,98,28,16,42,8,49,-95,-85,36,73,-51,-92,74,-97,70,-81,-17,79,1,
-6,-25,-72,26,-86,95,86,36,64,62,-34,9,-41,-74,105,-49,-86,12,-43,-26,-1,
0,-71,93,23,13,38,7,45,-94,-93,33,76,-57,-96,69,-99,58,-81,-19,80,1,
-2,-70,91,28,11,37,9,43,-95,-91,35,71,-54,-100,74,-95,58,-79,-16,76,1,
-10,-76,95,28,12,39,6,43,-94,-92,40,76,-55,-98,74,-96,62,-82,-19,74,1,
-1,-70,101,28,16,42,11,44,-92,-92,36,75,-54,-91,75,-97,61,-81,-16,77,1,
-9,-26,-71,19,-82,98,83,32,68,59,-31,7,-40,-73,102,-45,-92,11,-44,-27,-1,
-14,-22,-70,16,-83,94,77,30,66,59,-36,8,-43,-74,99,-48,-91,10,-46,-27,-1,
-10,-26,-72,19,-81,97,75,36,66,64,-38,9,-44,-76,99,-49,-90,10,-44,-30,-1,
-5,-71,95,22,13,40,9,47,-93,-90,39,77,-52,-97,73,-97,60,-80,-15,75,1,
-12,-22,-76,17,-81,97,75,38,67,62,-33,5,-37,-74,103,-50,-95,9,-46,-29,-1,
-10,-21,-76,23,-78,96,83,36,68,63,-36,6,-40,-73,99,-47,-96,11,-49,-29,-1,
-9,-71,98,26,15,38,12,46,-93,-89,39,77,-54,-95,72,-96,63,-83,-18,75,1,
-9,-23,-72,23,-83,95,76,28,67,59,-34,6,-38,-75,99,-48,-93,10,-47,-27,-1,
0,-71,93,30,14,41,10,47,-93,-87,39,78,-55,-95,76,-96,59,-81,-16,78,1,
-1,-69,94,23,16,40,6,47,-93,-88,38,78,-56,-94,72,-97,65,-82,-15,74,1,
-11,-21,-65,22,-78,95,78,30,68,62,-33,11,-41,-75,100,-41,-91,9,-43,-27,-1,
-10,-24,-71,23,-78,94,78,40,65,62,-35,4,-39,-76,98,-46,-95,10,-47,-27,-1,
-9,-26,-70,18,-82,97,79,40,67,60,-33,6,-42,-73,102,-45,-94,13,-46,-29,-1,
-15,-22,-69,21,-80,94,75,36,67,60,-30,10,-40,-72,100,-46,-92,9,-47,-27,-1,
-2,-68,92,27,17,42,7,44,-92,-93,35,79,-55,-92,70,-96,61,-84,-17,76,1,
-1,-69,94,24,18,38,8,48,-95,-87,39,75,-53,-96,70,-96,67,-82,-17,78,1,
0,-71,96,31,17,45,12,47,-88,-84,41,76,-52,-92,82,-97,64,-82,-14,79,1,
-15,-20,-73,20,-79,98,79,32,68,60,-35,5,-38,-75,99,-48,-95,9,-47,-29,-1,
-13,-20,-74,23,-79,97,76,33,66,59,-35,8,-45,-75,94,-47,-92,10,-45,-30,-1,
-13,-28,-77,21,-91,96,76,30,65,55,-36,3,-43,-80,100,-49,-95,10,-49,-32,-1,
-13,-26,-76,24,-77,96,76,35,65,60,-34,5,-41,-80,100,-51,-92,8,-44,-31,-1,
0,-69,99,27,15,44,8,48,-93,-88,43,77,-52,-93,74,-95,63,-79,-14,81,1,
-8,-18,-67,15,-76,97,79,36,68,62,-31,5,-38,-70,96,-46,-91,11,-45,-25,-1,
0,-67,91,29,15,38,13,49,-95,-85,38,80,-54,-99,77,-96,59,-81,-14,76,1,
-11,-30,-72,17,-84,98,81,33,66,59,-38,8,-41,-76,100,-47,-92,10,-47,-26,-1,
-6,-68,94,30,15,40,10,46,-94,-86,36,77,-56,-91,74,-96,62,-80,-16,84,1,
-9,-23,-69,23,-84,97,77,38,67,62,-34,7,-40,-75,106,-44,-92,12,-46,-28,-1,
-8,-19,-73,22,-80,95,80,36,68,58,-32,4,-38,-76,100,-50,-91,11,-46,-29,-1,
-13,-23,-73,21,-92,96,74,37,65,55,-38,6,-41,-78,94,-48,-94,10,-47,-30,-1,
-15,-24,-77,18,-83,95,76,39,66,58,-35,4,-39,-80,100,-49,-95,8,-46,-30,-1,
-6,-71,94,25,13,41,1,45,-95,-91,35,76,-55,-95,71,-98,64,-81,-17,77,1,
0,-69,93,28,17,42,5,49,-94,-89,40,75,-50,-94,67,-94,65,-79,-15,81,1,
-9,-28,-69,23,-81,99,77,38,65,61,-35,2,-39,-77,97,-49,-97,13,-49,-29,-1,
-10,-30,-74,23,-82,95,77,37,62,58,-37,1,-42,-79,101,-52,-94,9,-51,-32,-1,
2,-70,94,29,15,45,9,47,-92,-87,43,76,-53,-94,77,-97,67,-80,-14,79,1,
-9,-25,-74,17,-81,95,78,34,65,60,-33,8,-43,-79,106,-53,-89,10,-44,-28,-1,
-15,-20,-68,23,-83,97,74,37,67,60,-30,5,-36,-77,103,-48,-95,12,-45,-25,-1,
6,-68,96,33,15,42,11,50,-89,-92,47,75,-52,-92,76,-94,62,-81,-17,81,1,
-6,-70,92,24,13,36,11,45,-93,-87,38,75,-55,-99,76,-98,62,-80,-17,79,1,
-4,-68,96,30,14,39,16,48,-92,-88,38,78,-50,-94,75,-95,64,-81,-15,77,1,
-2,-69,99,29,17,40,7,47,-93,-88,36,72,-51,-95,76,-95,68,-79,-14,82,1,
-2,-66,98,32,17,41,14,49,-91,-87,40,78,-50,-91,75,-93,64,-82,-14,77,1,
-10,-25,-75,25,-85,96,76,34,65,57,-38,8,-41,-78,99,-48,-91,9,-49,-29,-1,
-14,-25,-75,17,-83,97,76,41,66,61,-35,1,-41,-76,98,-56,-95,13,-47,-29,-1,
-14,-22,-73,19,-79,95,76,37,68,59,-33,5,-38,-77,98,-46,-96,9,-47,-29,-1,
-12,-27,-73,20,-80,96,78,31,67,60,-33,7,-37,-77,100,-50,-92,7,-45,-29,-1,
-4,-72,88,23,10,39,3,46,-94,-91,37,72,-54,-99,71,-97,61,-81,-18,76,1,
-15,-25,-74,20,-83,97,78,32,66,58,-36,5,-37,-80,101,-46,-92,8,-46,-27,-1,
1,-72,92,29,13,42,7,46,-90,-90,33,73,-52,-97,80,-95,68,-82,-16,75,1,
-14,-27,-77,20,-82,100,77,37,67,60,-38,4,-40,-78,99,-46,-97,11,-48,-29,-1,
-14,-24,-72,18,-81,96,76,32,67,59,-33,7,-39,-78,98,-47,-94,9,-45,-28,-1,
-14,-27,-73,20,-83,94,74,35,66,55,-35,6,-41,-80,98,-43,-93,8,-48,-30,-1,
2,-67,93,30,18,43,9,48,-92,-85,36,79,-52,-95,75,-94,61,-83,-14,77,1,
-14,-21,-67,24,-85,96,76,33,66,60,-34,8,-42,-77,99,-44,-90,12,-46,-29,-1,
-3,-68,93,27,13,43,3,48,-95,-87,40,75,-53,-95,71,-93,63,-80,-17,86,1,
-2,-71,97,30,17,43,14,45,-93,-91,39,75,-50,-93,72,-96,64,-83,-17,75,1,
0,-69,96,30,15,46,10,47,-91,-90,42,74,-53,-89,74,-93,63,-81,-12,80,1,
-15,-25,-76,24,-85,94,79,31,65,58,-39,6,-40,-81,101,-50,-91,10,-48,-29,-1,
-5,-70,94,32,15,45,7,47,-93,-86,39,77,-51,-93,74,-93,64,-80,-15,78,1,
3,-68,94,28,11,41,10,51,-95,-91,42,80,-51,-96,73,-94,64,-79,-17,76,1,
-3,-70,94,22,14,37,9,47,-95,-92,37,75,-52,-99,71,-95,61,-82,-19,76,1,
-1,-66,96,32,15,39,11,49,-91,-84,35,80,-52,-93,75,-93,65,-78,-17,86,1,
-2,-71,94,28,15,38,6,46,-91,-92,38,72,-56,-96,75,-97,67,-81,-17,78,1,
-17,-23,-80,23,-80,100,75,34,67,58,-35,3,-37,-76,99,-51,-94,9,-48,-30,-1,
0,-69,98,29,17,44,15,46,-92,-90,41,75,-52,-92,74,-95,67,-83,-14,72,1,
-7,-71,90,26,14,36,3,48,-96,-83,33,75,-57,-98,72,-94,61,-82,-18,78,1,
-11,-28,-76,23,-83,96,76,31,66,56,-34,8,-39,-78,104,-46,-91,8,-46,-29,-1,
-10,-26,-76,20,-80,96,76,35,66,61,-35,2,-42,-74,96,-50,-95,13,-49,-28,-1,
-11,-23,-75,23,-82,93,71,31,65,59,-36,6,-44,-77,98,-49,-95,10,-47,-31,-1,
-3,-70,97,24,17,42,11,47,-91,-90,38,78,-54,-93,77,-96,67,-83,-17,87,1,
-8,-67,95,29,15,41,12,46,-91,-85,38,74,-46,-90,77,-93,64,-80,-14,79,1,
-9,-69,95,29,16,36,16,44,-94,-87,33,74,-53,-96,71,-94,59,-82,-18,78,1,
-5,-67,96,30,18,41,12,48,-92,-85,40,80,-50,-92,74,-94,67,-80,-15,85,1,
-11,-29,-67,24,-84,98,79,30,69,60,-34,12,-40,-76,100,-39,-93,11,-43,-27,-1,
-12,-27,-71,19,-81,97,78,34,65,59,-33,3,-45,-78,96,-47,-93,9,-45,-32,-1,
-1,-67,88,28,13,42,7,49,-94,-89,39,73,-52,-95,72,-93,62,-79,-18,84,1,
-11,-28,-73,24,-87,93,75,29,63,57,-39,6,-45,-81,99,-52,-93,9,-49,-32,-1,
-5,-25,-72,22,-82,96,76,29,66,60,-35,3,-40,-74,98,-50,-92,11,-48,-29,-1,
-5,-70,96,25,16,40,8,47,-92,-90,38,77,-54,-95,74,-95,62,-81,-15,80,1,
1,-72,95,30,17,41,10,45,-88,-91,39,77,-53,-94,75,-97,70,-82,-17,79,1,
-15,-23,-76,26,-85,96,78,32,65,58,-34,6,-43,-80,99,-49,-92,9,-42,-30,-1,
-11,-26,-78,23,-85,94,75,32,66,58,-34,2,-38,-80,95,-49,-98,9,-48,-32,-1,
-11,-23,-74,20,-83,95,77,32,65,59,-34,6,-42,-77,101,-52,-91,10,-46,-28,-1,
-13,-25,-74,19,-79,98,76,34,67,61,-36,7,-42,-75,98,-46,-94,9,-46,-30,-1,
-14,-18,-72,19,-77,100,77,36,70,60,-34,7,-37,-75,102,-45,-94,11,-45,-27,-1,
-12,-27,-70,20,-86,97,75,32,68,58,-34,10,-39,-76,102,-46,-92,9,-47,-29,-1,
-1,-68,99,30,17,40,8,48,-94,-89,37,78,-52,-95,76,-95,68,-80,-16,75,1,
-12,-32,-75,21,-81,92,82,31,65,59,-34,3,-43,-77,100,-49,-98,8,-46,-32,-1,
-4,-69,92,27,12,41,12,48,-96,-83,38,72,-54,-94,76,-97,64,-80,-18,75,1,
-13,-27,-69,19,-81,96,73,37,67,61,-34,7,-45,-74,100,-48,-95,12,-47,-30,-1,
-7,-23,-74,25,-81,99,76,34,68,61,-32,5,-39,-75,99,-45,-95,12,-45,-28,-1,
-12,-24,-70,22,-81,94,75,38,64,61,-34,7,-42,-75,99,-51,-95,11,-48,-28,-1,
-8,-24,-73,20,-81,96,79,36,66,58,-36,5,-41,-78,101,-52,-90,11,-48,-29,-1,
-5,-66,97,24,15,39,10,46,-92,-88,36,80,-53,-94,73,-93,61,-81,-17,80,1,
-2,-72,93,28,14,42,8,46,-90,-93,41,73,-54,-92,75,-96,57,-81,-14,78,1,
-1,-72,98,24,14,40,1,46,-91,-92,37,70,-54,-95,76,-95,57,-82,-16,74,1,
-5,-70,95,30,17,39,11,45,-95,-90,31,78,-54,-93,71,-96,64,-81,-16,78,1,
-14,-14,-69,22,-80,100,75,33,71,61,-33,8,-39,-75,98,-43,-93,12,-43,-28,-1,
-13,-23,-75,19,-78,95,78,32,66,60,-36,2,-43,-77,97,-48,-94,9,-47,-32,-1,
0,-72,92,27,18,40,8,48,-94,-86,44,81,-55,-97,73,-98,67,-81,-13,78,1,
-13,-25,-76,25,-79,94,79,33,66,61,-36,3,-42,-80,97,-46,-92,10,-44,-31,-1,
-12,-23,-76,23,-80,98,77,35,66,60,-36,5,-43,-77,95,-47,-98,10,-46,-33,-1,
-10,-22,-75,22,-83,98,77,33,68,58,-34,7,-38,-72,99,-43,-93,10,-47,-28,-1,
-13,-19,-74,24,-80,97,72,36,70,58,-32,7,-41,-75,97,-45,-96,11,-47,-31,-1,
-4,-67,95,26,18,42,15,48,-93,-88,40,76,-52,-93,74,-95,62,-82,-14,78,1,
-19,-24,-71,21,-83,95,77,31,67,57,-35,4,-41,-79,95,-46,-95,8,-48,-32,-1,
-16,-27,-71,22,-78,94,76,35,67,58,-32,7,-39,-76,100,-46,-90,9,-49,-28,-1,
-10,-18,-73,25,-81,97,81,32,67,61,-33,9,-38,-75,104,-47,-88,8,-45,-30,-1,
-4,-68,96,30,15,38,11,49,-91,-85,40,77,-53,-92,74,-92,67,-79,-16,82,1,
-10,-18,-75,22,-85,97,74,40,66,60,-39,7,-39,-79,100,-49,-93,9,-49,-32,-1,
-13,-23,-72,20,-79,96,79,34,66,61,-33,6,-40,-78,105,-54,-93,8,-45,-29,-1,
1,-69,93,27,17,42,5,50,-92,-87,41,75,-56,-91,72,-97,64,-83,-14,75,1,
-3,-67,105,28,19,38,9,47,-90,-90,39,75,-55,-92,76,-92,67,-82,-15,76,1,
-8,-71,96,28,11,40,10,47,-92,-88,42,74,-52,-96,76,-94,66,-80,-18,79,1,
-12,-25,-69,20,-79,97,77,34,66,62,-36,4,-40,-79,98,-48,-91,9,-46,-29,-1,
-11,-21,-71,19,-82,96,72,37,67,59,-33,9,-41,-78,99,-46,-92,9,-44,-28,-1,
-10,-24,-70,23,-79,97,80,30,68,62,-35,5,-40,-76,99,-45,-93,11,-46,-29,-1,
-15,-24,-73,20,-81,95,77,38,64,57,-36,3,-40,-79,101,-47,-96,10,-51,-28,-1,
-3,-67,94,32,16,43,11,45,-95,-83,38,74,-49,-93,73,-92,65,-77,-11,78,1,
-13,-27,-77,16,-82,93,79,33,65,58,-37,5,-45,-75,95,-46,-92,7,-45,-30,-1,
-14,-22,-71,23,-80,95,82,28,69,61,-32,8,-37,-72,98,-45,-93,9,-45,-27,-1,
-1,-67,99,24,15,38,13,51,-91,-84,38,80,-50,-94,77,-94,68,-79,-14,75,1,
-8,-69,93,29,14,37,8,46,-92,-86,38,73,-51,-94,73,-93,70,-79,-17,86,1,
-4,-67,93,30,16,43,10,47,-94,-87,39,79,-50,-93,73,-95,65,-80,-13,76,1,
-13,-26,-75,21,-83,94,81,35,64,58,-36,4,-44,-76,95,-48,-93,7,-47,-32,-1,
-3,-69,94,26,14,43,5,48,-91,-86,41,74,-51,-95,75,-95,67,-81,-16,80,1,
-7,-69,91,27,16,40,12,46,-94,-89,42,76,-53,-94,73,-95,63,-80,-12,80,1,
-14,-21,-76,19,-85,95,78,29,65,57,-36,5,-44,-78,95,-47,-96,5,-44,-33,-1,
-13,-24,-76,21,-83,95,81,26,67,57,-34,2,-40,-76,97,-52,-91,8,-46,-31,-1,
-7,-70,91,25,15,41,9,47,-92,-87,40,72,-52,-96,73,-96,66,-82,-13,79,1,
