-1,-68,94,33,13,43,7,46,-92,-87,35,80,-52,-93,76,-96,64,-78,-15,81,1,
-11,-24,-74,22,-80,98,73,37,68,58,-34,7,-41,-78,100,-46,-96,11,-47,-30,-1,
-10,-24,-76,18,-79,99,79,36,69,61,-39,9,-41,-76,98,-46,-91,9,-44,-30,-1,
-6,-22,-79,23,-83,99,77,37,67,60,-34,9,-41,-75,101,-50,-94,12,-42,-29,-1,
0,-70,99,29,15,43,11,48,-89,-90,43,73,-49,-92,79,-94,62,-79,-13,79,1,
-8,-27,-74,18,-85,101,70,29,69,60,-38,7,-42,-79,98,-43,-93,10,-44,-33,-1,
-3,-70,94,25,12,41,9,45,-96,-93,39,69,-52,-97,69,-96,55,-82,-18,79,1,
-3,-72,96,28,16,43,2,46,-92,-89,41,73,-53,-94,72,-95,61,-81,-17,78,1,
-12,-21,-72,24,-84,97,71,30,67,61,-32,5,-41,-78,100,-51,-95,12,-45,-32,-1,
0,-61,100,32,19,44,14,49,-92,-87,41,83,-49,-90,75,-91,61,-80,-11,79,1,
-15,-27,-70,19,-86,95,68,32,66,59,-35,4,-43,-76,97,-50,-93,10,-49,-32,-1,
-11,-26,-72,22,-79,93,78,40,65,58,-32,5,-39,-77,98,-48,-92,10,-49,-28,-1,
-16,-18,-77,22,-82,94,76,33,67,59,-35,4,-41,-76,97,-51,-93,9,-46,-30,-1,
-4,-67,94,23,13,39,4,45,-93,-92,36,74,-52,-93,71,-96,59,-81,-18,77,1,
-12,-28,-78,20,-82,94,76,34,65,56,-35,3,-42,-79,99,-54,-93,9,-46,-32,-1,
-4,-69,94,28,15,39,10,46,-95,-95,40,72,-56,-93,71,-95,64,-82,-15,74,1,
1,-70,96,27,14,40,9,45,-94,-91,36,75,-57,-94,71,-95,61,-81,-16,80,1,
-12,-24,-72,28,-85,97,78,38,67,60,-34,8,-40,-75,101,-50,-89,12,-44,-28,-1,
-9,-19,-74,23,-79,100,79,31,69,61,-31,5,-40,-73,99,-47,-93,12,-42,-29,-1,
-15,-26,-71,24,-81,99,80,35,66,64,-35,4,-42,-74,105,-46,-91,14,-46,-28,-1,
-6,-74,88,25,12,42,10,44,-95,-92,37,74,-56,-98,76,-99,59,-83,-16,79,1,
-1,-72,96,28,15,41,7,50,-94,-90,45,79,-53,-96,74,-93,61,-80,-15,77,1,
-12,-25,-75,26,-83,96,76,37,63,60,-37,6,-42,-78,100,-49,-94,9,-47,-30,-1,
-10,-26,-77,24,-81,101,74,32,69,62,-38,5,-39,-78,96,-47,-92,12,-44,-30,-1,
-12,-25,-74,23,-83,95,75,33,65,59,-34,4,-43,-76,101,-48,-97,11,-47,-34,-1,
-14,-27,-74,21,-85,96,73,30,66,57,-33,7,-42,-77,100,-47,-94,10,-48,-31,-1,
-16,-29,-75,18,-79,91,81,36,66,61,-36,3,-45,-76,93,-50,-96,9,-47,-31,-1,
0,-70,93,32,13,41,9,47,-96,-88,44,73,-53,-94,70,-92,57,-77,-13,74,1,
-15,-19,-76,27,-83,96,77,30,67,60,-35,6,-44,-79,100,-50,-93,11,-45,-33,-1,
-15,-21,-73,21,-85,93,75,31,68,52,-33,5,-40,-78,97,-44,-90,8,-47,-29,-1,
0,-70,96,26,18,42,13,49,-94,-89,41,78,-52,-92,71,-94,61,-79,-12,84,1,
-9,-66,89,28,13,36,7,46,-95,-86,36,73,-52,-95,70,-92,64,-79,-15,76,1,
-14,-21,-71,19,-78,101,81,34,69,62,-34,2,-36,-75,100,-44,-94,10,-46,-28,-1,
0,-71,92,32,14,41,11,47,-91,-89,42,74,-51,-95,76,-93,60,-80,-15,77,1,
-7,-69,95,30,13,39,11,46,-92,-88,40,75,-54,-94,74,-92,55,-81,-16,76,1,
-5,-67,95,30,14,44,8,48,-92,-84,46,76,-52,-93,79,-94,67,-81,-13,81,1,
-2,-68,94,27,14,42,14,47,-94,-90,39,72,-49,-93,70,-96,63,-84,-17,70,1,
-4,-68,93,29,17,40,7,46,-93,-91,40,73,-56,-94,72,-96,61,-84,-16,75,1,
1,-70,97,27,17,39,9,47,-92,-88,38,73,-53,-92,72,-97,62,-80,-17,78,1,
-10,-69,94,25,14,42,6,46,-91,-92,36,74,-53,-93,75,-95,61,-84,-18,79,1,
-11,-17,-70,25,-79,96,82,34,67,61,-34,9,-43,-73,102,-42,-94,13,-45,-27,-1,
-9,-26,-72,25,-85,98,78,40,66,61,-35,7,-42,-77,100,-47,-90,11,-44,-31,-1,
-12,-23,-72,23,-80,97,79,30,67,58,-36,6,-40,-75,98,-45,-95,10,-49,-28,-1,
-2,-67,101,27,17,43,9,49,-94,-86,41,75,-51,-93,78,-96,65,-79,-11,79,1,
-5,-70,96,25,15,39,12,45,-91,-91,32,73,-47,-97,73,-97,64,-80,-17,82,1,
-8,-21,-70,22,-82,97,75,31,67,63,-34,8,-41,-75,99,-46,-92,11,-43,-28,-1,
-13,-21,-70,23,-82,98,75,31,69,59,-32,5,-37,-76,100,-48,-95,11,-46,-29,-1,
-11,-25,-75,21,-81,94,76,34,67,60,-36,9,-47,-76,98,-43,-95,10,-46,-33,-1,
-1,-69,94,29,13,39,10,47,-93,-86,35,77,-52,-98,77,-96,63,-81,-17,79,1,
1,-66,96,31,15,41,11,49,-91,-85,41,80,-54,-93,76,-94,65,-79,-14,78,1,
-4,-70,94,25,13,41,9,44,-94,-91,37,76,-53,-97,75,-99,63,-81,-14,73,1,
3,-71,97,31,17,43,8,51,-92,-87,37,79,-51,-93,75,-93,66,-81,-16,77,1,
-10,-22,-73,24,-85,97,74,34,68,59,-37,10,-42,-76,99,-42,-93,11,-46,-27,-1,
-10,-18,-77,20,-83,98,81,40,64,61,-39,7,-42,-78,104,-52,-92,9,-45,-30,-1,
-4,-67,96,27,15,38,15,48,-94,-90,39,82,-52,-97,73,-94,66,-82,-14,72,1,
-4,-72,91,35,17,41,12,47,-92,-89,40,76,-50,-93,73,-93,62,-80,-13,78,1,
0,-70,93,31,16,43,13,48,-95,-85,41,77,-52,-96,75,-95,65,-81,-13,78,1,
2,-66,97,26,12,44,13,49,-94,-89,43,75,-48,-95,74,-95,64,-80,-16,77,1,
-16,-29,-72,14,-83,92,75,26,66,56,-32,5,-41,-75,99,-48,-94,6,-51,-30,-1,
-8,-23,-72,23,-83,96,76,35,67,62,-35,6,-43,-75,94,-49,-96,12,-44,-30,-1,
-17,-25,-72,19,-85,95,72,32,68,56,-34,8,-38,-78,99,-47,-95,6,-47,-31,-1,
-4,-69,101,28,16,39,7,45,-93,-91,40,76,-55,-96,77,-96,66,-81,-13,76,1,
4,-67,100,26,17,42,8,51,-92,-86,47,75,-51,-94,76,-93,61,-79,-13,82,1,
-1,-72,98,27,16,42,9,50,-95,-87,38,78,-53,-96,77,-97,70,-80,-15,80,1,
-14,-26,-73,25,-81,97,75,30,66,61,-35,5,-43,-77,100,-49,-96,10,-47,-31,-1,
-7,-67,97,27,15,38,5,47,-94,-86,37,76,-53,-97,77,-95,59,-82,-16,77,1,
-9,-23,-76,20,-81,95,76,32,66,59,-34,5,-42,-80,98,-50,-94,8,-42,-30,-1,
0,-68,96,28,15,41,9,46,-91,-84,42,72,-54,-95,78,-94,59,-81,-15,77,1,
-1,-68,94,28,14,39,9,47,-92,-88,35,75,-57,-95,77,-96,64,-82,-18,77,1,
-14,-22,-71,20,-80,95,72,32,69,58,-33,7,-37,-78,96,-46,-92,9,-49,-30,-1,
-14,-19,-71,22,-82,96,77,32,69,59,-35,7,-41,-76,99,-42,-96,10,-45,-30,-1,
-13,-21,-71,16,-83,99,76,33,66,61,-40,3,-42,-76,98,-51,-94,11,-51,-31,-1,
-9,-26,-75,19,-80,97,77,32,66,60,-37,6,-40,-78,98,-50,-92,8,-46,-29,-1,
-6,-25,-72,26,-86,99,82,33,68,60,-38,7,-38,-74,102,-46,-90,12,-47,-28,-1,
-4,-68,95,28,16,40,13,47,-95,-85,40,76,-52,-94,74,-93,61,-79,-14,80,1,
-4,-70,92,30,14,39,11,47,-96,-89,38,76,-51,-97,71,-94,60,-80,-14,79,1,
-13,-22,-69,22,-85,98,71,32,66,60,-32,6,-43,-75,97,-48,-97,11,-46,-32,-1,
-2,-73,94,24,16,40,8,44,-92,-91,39,77,-56,-99,77,-98,63,-82,-16,78,1,
-9,-25,-71,22,-80,98,79,32,68,59,-33,4,-42,-73,99,-44,-96,12,-47,-30,-1,
-5,-69,90,22,13,40,9,46,-96,-91,37,68,-51,-98,69,-97,61,-82,-19,78,1,
-12,-31,-69,22,-83,94,80,30,64,60,-36,6,-45,-76,102,-47,-92,11,-48,-30,-1,
-4,-71,99,25,17,41,7,47,-94,-90,34,77,-53,-95,73,-98,65,-84,-18,73,1,
-9,-68,96,29,16,38,12,47,-94,-83,37,78,-50,-93,75,-96,72,-80,-18,80,1,
-1,-69,96,32,13,42,8,48,-95,-87,39,77,-56,-93,75,-92,63,-79,-16,75,1,
-13,-25,-69,20,-85,97,77,39,66,64,-38,7,-39,-75,99,-46,-94,9,-45,-29,-1,
-2,-67,94,28,15,42,7,46,-92,-89,37,76,-54,-92,73,-95,62,-81,-13,77,1,
-5,-71,95,27,13,37,8,47,-92,-87,39,76,-55,-96,74,-95,63,-82,-20,78,1,
-7,-69,93,27,13,42,17,46,-94,-88,43,77,-49,-95,76,-94,62,-80,-13,78,1,
-10,-23,-73,20,-84,100,71,31,66,59,-33,5,-40,-76,98,-50,-95,11,-48,-31,-1,
-10,-24,-72,22,-78,95,77,37,69,61,-32,10,-35,-75,98,-45,-93,9,-47,-24,-1,
-3,-67,97,23,16,43,10,53,-93,-84,40,78,-49,-93,76,-94,65,-82,-15,79,1,
-4,-71,95,33,15,42,10,49,-93,-89,42,80,-55,-92,75,-93,66,-80,-15,78,1,
-3,-71,94,25,17,42,2,46,-92,-92,37,74,-53,-94,72,-96,62,-82,-16,81,1,
0,-67,95,30,15,38,12,47,-94,-86,36,75,-52,-97,78,-96,65,-80,-18,80,1,
-1,-71,102,27,18,40,8,49,-91,-85,38,79,-51,-93,76,-95,63,-80,-13,81,1,
-2,-68,95,28,18,42,8,50,-91,-84,35,74,-51,-90,74,-95,66,-82,-15,82,1,
-1,-71,92,25,16,39,12,48,-94,-87,41,73,-51,-96,70,-95,68,-81,-14,77,1,
-4,-69,97,29,13,41,13,44,-94,-86,34,77,-57,-94,75,-98,62,-81,-16,77,1,
-3,-70,91,30,12,41,5,48,-92,-90,38,80,-55,-92,73,-94,61,-80,-17,79,1,
-9,-28,-69,17,-82,97,74,33,67,62,-33,7,-42,-74,98,-47,-98,9,-45,-32,-1,
-12,-21,-73,26,-85,97,76,39,65,60,-36,7,-37,-75,99,-47,-95,10,-48,-26,-1,
1,-70,96,29,16,42,9,47,-90,-89,41,76,-54,-89,73,-94,65,-81,-14,79,1,
-10,-25,-70,22,-85,99,80,34,66,62,-39,4,-41,-78,95,-48,-95,12,-45,-31,-1,
-6,-25,-75,14,-84,96,74,32,64,57,-36,6,-45,-77,99,-50,-97,9,-46,-32,-1,
2,-70,95,27,16,41,10,45,-92,-92,37,73,-54,-94,76,-96,64,-81,-14,79,1,
-7,-69,92,27,13,41,3,45,-95,-84,35,75,-49,-95,74,-96,64,-79,-14,78,1,
-11,-27,-71,20,-84,94,79,34,65,59,-35,7,-42,-75,99,-52,-94,9,-48,-29,-1,
-9,-67,101,26,14,40,6,46,-92,-92,39,77,-52,-92,75,-94,63,-80,-14,80,1,
-11,-25,-75,19,-79,94,76,33,67,56,-35,8,-45,-77,95,-44,-97,7,-46,-33,-1,
-15,-26,-75,17,-79,93,79,25,67,59,-34,6,-43,-80,97,-47,-94,7,-42,-30,-1,
0,-70,97,31,17,40,6,46,-93,-89,38,78,-61,-92,72,-95,63,-84,-17,75,1,
-13,-25,-78,24,-81,96,77,35,65,59,-40,4,-42,-80,98,-49,-95,10,-49,-30,-1,
-11,-31,-77,19,-83,97,78,31,67,57,-36,4,-39,-79,101,-51,-92,8,-48,-33,-1,
-4,-69,96,29,15,40,4,46,-93,-88,34,73,-53,-92,72,-96,59,-81,-17,80,1,
-8,-26,-73,23,-81,100,73,35,67,62,-34,7,-39,-78,98,-47,-93,11,-45,-29,-1,
-2,-64,98,31,20,42,16,48,-91,-85,40,75,-49,-90,75,-91,64,-79,-12,81,1,
-13,-25,-70,21,-81,94,73,34,66,59,-32,5,-41,-76,101,-51,-94,10,-51,-32,-1,
-14,-22,-73,24,-80,93,78,31,65,57,-32,4,-43,-79,98,-48,-95,9,-45,-32,-1,
-19,-24,-73,18,-82,94,75,33,67,58,-33,9,-41,-78,100,-47,-94,7,-48,-29,-1,
-9,-23,-74,18,-84,97,74,39,66,59,-35,6,-40,-74,99,-53,-95,10,-46,-30,-1,
-10,-16,-72,21,-81,101,80,37,68,62,-35,7,-39,-73,102,-45,-91,11,-44,-26,-1,
-5,-69,99,28,20,40,9,45,-97,-89,29,72,-50,-97,72,-98,64,-81,-14,75,1,
-1,-73,96,29,16,40,12,46,-95,-90,38,73,-52,-95,69,-95,62,-83,-18,78,1,
-3,-68,94,27,16,43,11,47,-92,-85,37,76,-50,-94,77,-96,65,-82,-14,80,1,
-8,-68,95,25,16,38,10,44,-93,-91,36,73,-52,-93,74,-97,62,-82,-17,75,1,
-4,-68,92,27,17,41,7,50,-94,-85,39,80,-47,-96,73,-94,66,-80,-13,76,1,
-9,-27,-66,23,-87,96,79,36,65,60,-33,8,-43,-70,104,-46,-89,16,-50,-24,-1,
-13,-27,-74,20,-84,96,74,32,67,58,-36,4,-41,-77,98,-46,-97,11,-49,-30,-1,
-10,-22,-68,17,-83,100,79,36,66,64,-33,6,-40,-75,103,-49,-93,11,-42,-29,-1,
-6,-72,92,29,17,38,6,47,-93,-89,34,75,-54,-93,68,-97,62,-82,-18,78,1,
-3,-67,97,33,17,43,14,49,-89,-82,38,78,-52,-92,81,-95,69,-83,-17,82,1,
-13,-30,-73,21,-83,96,81,28,67,62,-33,7,-42,-78,97,-49,-93,7,-40,-31,-1,
-10,-28,-76,23,-86,99,76,32,65,58,-34,5,-41,-77,103,-48,-94,10,-45,-30,-1,
0,-68,91,27,16,46,9,47,-91,-89,43,72,-51,-95,74,-94,61,-83,-13,80,1,
-2,-69,94,28,15,40,6,48,-94,-89,41,76,-53,-96,73,-95,61,-80,-15,80,1,
-4,-68,101,24,16,42,7,49,-94,-92,39,76,-56,-91,71,-96,67,-84,-18,78,1,
-4,-71,94,26,15,39,10,47,-95,-94,37,78,-55,-95,73,-99,60,-83,-15,78,1,
-2,-71,100,28,15,41,8,47,-90,-89,43,75,-50,-91,75,-95,60,-81,-16,74,1,
0,-69,95,28,17,36,11,47,-93,-87,37,75,-54,-93,71,-95,63,-81,-14,75,1,
-4,-71,93,26,15,39,5,47,-95,-89,36,74,-53,-96,71,-96,65,-81,-17,82,1,
-8,-69,93,28,15,41,9,46,-93,-88,38,79,-51,-93,73,-95,63,-82,-15,82,1,
-7,-21,-69,17,-80,99,80,34,68,62,-32,5,-36,-74,102,-48,-91,11,-45,-26,-1,
-2,-74,100,28,14,40,8,46,-92,-88,40,72,-54,-95,77,-96,63,-80,-18,81,1,
-3,-69,95,28,15,43,10,47,-95,-88,37,75,-50,-93,75,-93,64,-79,-16,76,1,
-11,-22,-73,23,-82,95,78,35,67,58,-33,8,-40,-77,99,-46,-90,9,-45,-29,-1,
-2,-69,95,23,15,40,10,47,-92,-90,39,80,-56,-95,76,-97,65,-84,-16,75,1,
-12,-23,-74,17,-80,97,81,32,66,60,-33,6,-40,-78,103,-51,-89,6,-42,-30,-1,
-17,-25,-74,17,-83,95,79,32,67,61,-33,3,-40,-78,98,-50,-99,9,-44,-29,-1,
-11,-24,-64,25,-86,98,80,36,68,60,-31,4,-36,-75,100,-46,-93,14,-48,-25,-1,
-11,-23,-78,22,-77,96,72,34,67,57,-32,4,-38,-78,101,-48,-94,8,-48,-31,-1,
-4,-70,100,26,17,40,7,46,-95,-91,37,73,-51,-97,71,-96,65,-80,-15,83,1,
-10,-22,-68,21,-81,97,77,43,68,60,-33,7,-40,-74,103,-47,-94,14,-48,-27,-1,
-17,-26,-80,19,-78,93,84,33,65,59,-37,2,-41,-78,99,-52,-92,7,-50,-29,-1,
-6,-71,98,26,14,39,7,46,-92,-91,39,73,-54,-93,72,-97,65,-83,-16,73,1,
-11,-30,-68,22,-83,95,78,36,64,61,-35,3,-39,-79,102,-49,-93,10,-50,-31,-1,
-13,-23,-77,16,-82,95,74,29,68,57,-36,7,-45,-76,97,-46,-93,7,-46,-33,-1,
-13,-24,-73,25,-87,96,75,30,67,57,-36,8,-40,-79,100,-46,-94,8,-48,-31,-1,
0,-69,98,27,18,44,5,48,-95,-88,40,75,-52,-94,72,-95,67,-81,-14,77,1,
-9,-21,-74,23,-80,97,77,37,66,58,-33,4,-40,-78,103,-49,-92,10,-47,-30,-1,
-10,-30,-75,20,-84,95,74,37,65,60,-36,7,-43,-78,100,-52,-96,10,-48,-31,-1,
-1,-21,-72,21,-80,98,78,36,67,62,-30,10,-42,-73,105,-48,-89,13,-38,-25,-1,
-13,-23,-76,20,-78,92,74,32,67,55,-32,8,-42,-80,100,-51,-91,7,-44,-30,-1,
-12,-22,-76,23,-82,99,78,36,68,59,-33,6,-41,-74,100,-47,-92,11,-43,-29,-1,
-11,-23,-69,26,-77,95,81,39,66,60,-35,4,-41,-78,98,-46,-91,12,-49,-29,-1,
-7,-24,-76,23,-86,96,74,37,64,58,-37,6,-43,-79,98,-51,-94,11,-46,-29,-1,
-8,-25,-71,24,-84,96,81,35,67,61,-36,8,-40,-77,98,-46,-89,10,-44,-28,-1,
0,-71,100,28,15,41,10,47,-91,-86,39,73,-51,-92,76,-93,63,-80,-20,79,1,
0,-68,98,25,16,42,7,48,-92,-89,39,76,-52,-94,74,-95,63,-82,-17,81,1,
0,-68,99,28,19,39,9,51,-89,-88,42,77,-53,-91,74,-94,69,-81,-15,83,1,
-4,-66,98,28,14,45,9,48,-93,-84,39,76,-52,-93,78,-95,63,-81,-14,77,1,
-9,-25,-74,20,-81,96,80,33,67,62,-32,5,-41,-75,99,-51,-92,10,-44,-30,-1,
-8,-22,-72,21,-79,98,79,28,69,62,-34,11,-37,-74,103,-45,-90,10,-45,-26,-1,
-5,-70,96,26,19,36,10,46,-92,-89,37,74,-54,-93,72,-96,65,-80,-17,81,1,
0,-67,94,28,15,39,4,49,-91,-88,41,78,-54,-92,74,-95,66,-81,-17,78,1,
-13,-26,-71,25,-84,97,80,32,67,58,-34,5,-36,-75,101,-45,-91,10,-50,-26,-1,
-9,-23,-73,25,-80,93,79,34,67,56,-35,9,-45,-77,99,-46,-91,11,-47,-30,-1,
-7,-23,-72,22,-83,93,79,31,65,59,-35,8,-46,-73,96,-50,-94,10,-46,-30,-1,
-10,-28,-73,21,-83,98,75,38,67,62,-36,8,-40,-80,103,-53,-91,11,-44,-29,-1,
-8,-27,-72,21,-84,99,79,36,65,61,-38,1,-36,-80,99,-55,-90,9,-49,-31,-1,
-5,-72,95,26,16,39,8,44,-96,-91,32,77,-55,-94,71,-98,54,-82,-18,74,1,
-3,-72,97,28,15,37,7,47,-95,-87,35,75,-52,-97,72,-95,69,-80,-16,76,1,
1,-71,99,28,17,40,8,45,-90,-89,36,74,-51,-94,73,-93,60,-80,-14,76,1,
-11,-19,-72,16,-80,96,78,37,68,62,-36,7,-42,-72,96,-46,-95,9,-46,-30,-1,
-16,-24,-74,21,-82,93,75,35,63,58,-38,3,-43,-79,95,-47,-98,8,-51,-31,-1,
-1,-68,96,34,16,45,8,46,-91,-84,41,75,-51,-92,78,-94,62,-80,-13,77,1,
0,-69,97,31,17,42,13,48,-93,-88,42,78,-56,-91,77,-95,66,-80,-14,77,1,
1,-69,90,30,14,37,15,47,-94,-90,41,77,-54,-95,70,-97,65,-81,-15,73,1,
-4,-71,95,29,12,39,6,44,-94,-88,37,69,-52,-98,77,-96,62,-81,-17,80,1,
1,-71,93,33,13,41,8,47,-92,-92,38,74,-53,-95,74,-92,58,-80,-18,76,1,
-4,-68,98,30,15,42,12,48,-93,-87,39,76,-48,-94,77,-94,67,-79,-13,79,1,
-15,-21,-72,24,-83,100,75,34,67,60,-37,5,-39,-76,98,-47,-94,11,-48,-30,-1,
-1,-73,94,28,15,40,6,47,-93,-87,34,73,-53,-98,74,-97,62,-82,-17,75,1,
-3,-67,97,29,17,41,5,46,-95,-89,39,73,-54,-91,69,-93,64,-82,-15,74,1,
0,-68,91,29,14,42,4,48,-96,-85,40,81,-58,-95,74,-95,63,-81,-16,80,1,
0,-74,92,28,15,41,7,48,-94,-87,42,70,-50,-93,71,-94,61,-79,-17,79,1,
-4,-67,92,28,13,42,5,45,-96,-87,41,69,-57,-93,72,-96,60,-81,-17,78,1,
-3,-69,97,29,17,37,13,48,-94,-84,32,75,-51,-94,75,-95,65,-78,-17,82,1,
-1,-72,97,26,15,40,6,48,-96,-92,41,74,-52,-94,71,-95,63,-80,-15,74,1,
-10,-23,-66,22,-83,97,79,34,68,57,-32,5,-41,-76,102,-44,-91,12,-45,-29,-1,
-1,-72,98,30,18,39,7,48,-94,-91,39,79,-52,-93,71,-95,66,-79,-12,74,1,
-3,-72,91,26,16,42,11,49,-96,-86,41,78,-54,-95,71,-95,63,-83,-15,75,1,
-7,-25,-72,25,-81,100,79,36,68,60,-34,6,-41,-75,99,-41,-90,11,-43,-31,-1,
-3,-66,97,31,16,40,16,45,-93,-88,39,75,-52,-93,75,-92,58,-79,-13,82,1,
-13,-21,-71,21,-82,95,75,41,66,58,-35,4,-40,-76,97,-44,-96,10,-47,-29,-1,
-5,-69,96,29,16,39,11,50,-97,-86,44,76,-53,-92,69,-93,68,-78,-13,78,1,
-13,-27,-72,19,-84,99,78,36,69,59,-34,7,-38,-76,103,-46,-91,11,-45,-28,-1,
-1,-71,92,27,17,38,3,48,-94,-87,39,69,-53,-98,70,-93,61,-82,-16,75,1,
-9,-28,-68,20,-82,95,75,32,67,60,-31,8,-40,-73,99,-48,-92,9,-47,-29,-1,
0,-70,99,27,18,41,8,47,-89,-86,40,75,-53,-90,76,-95,66,-79,-13,80,1,
-11,-23,-73,23,-78,97,79,36,67,60,-35,5,-40,-78,101,-49,-93,11,-44,-28,-1,
-6,-70,98,30,16,40,8,47,-92,-86,39,78,-53,-96,78,-93,64,-81,-17,79,1,
-5,-70,99,27,19,39,10,48,-89,-84,36,73,-51,-95,77,-95,68,-81,-17,83,1,
1,-66,92,28,13,41,11,47,-93,-86,33,76,-50,-96,75,-95,63,-80,-16,76,1,
-15,-24,-74,21,-83,93,78,31,66,59,-34,7,-44,-77,102,-47,-97,9,-46,-31,-1,
-12,-31,-76,18,-84,96,72,31,65,59,-36,1,-42,-75,93,-50,-98,8,-50,-32,-1,
-5,-67,96,28,14,38,7,44,-93,-87,28,77,-53,-98,76,-97,63,-83,-18,75,1,
-14,-26,-69,20,-78,92,82,37,64,60,-33,1,-42,-75,98,-49,-93,10,-52,-29,-1,
-12,-26,-71,24,-86,97,74,39,66,59,-35,3,-41,-75,99,-43,-95,12,-46,-30,-1,
-15,-22,-74,23,-83,92,79,30,67,55,-33,8,-42,-76,96,-46,-97,7,-48,-30,-1,
-3,-66,96,29,15,40,7,47,-93,-87,38,77,-53,-96,73,-92,63,-82,-16,78,1,
-5,-70,100,26,15,40,9,45,-95,-94,39,72,-54,-96,73,-95,61,-84,-18,71,1,
-4,-72,96,29,14,40,7,44,-96,-89,39,72,-54,-95,72,-95,62,-80,-17,77,1,
0,-66,94,32,14,42,5,48,-93,-85,36,78,-51,-93,75,-95,66,-80,-13,74,1,
-12,-25,-75,19,-83,98,74,31,68,59,-34,8,-39,-77,101,-50,-92,9,-47,-28,-1,
-4,-70,94,28,15,40,11,47,-93,-89,37,82,-52,-94,72,-98,68,-83,-17,73,1,
-1,-65,98,30,13,41,9,45,-92,-88,35,78,-52,-94,74,-90,64,-80,-17,77,1,
-2,-69,90,31,13,42,8,48,-91,-88,39,73,-54,-93,75,-94,61,-83,-18,80,1,
-11,-24,-73,18,-86,94,77,32,66,57,-33,8,-40,-74,102,-49,-91,9,-45,-27,-1,
-12,-23,-79,18,-82,99,80,38,67,61,-37,6,-43,-77,98,-51,-94,10,-42,-30,-1,
3,-68,98,30,17,42,9,47,-93,-87,40,79,-51,-93,74,-94,66,-78,-10,76,1,
3,-67,93,24,14,40,7,47,-91,-86,35,74,-56,-95,76,-97,62,-81,-16,76,1,
0,-70,98,28,14,43,6,50,-95,-85,38,74,-54,-94,74,-97,71,-81,-18,73,1,
-4,-68,92,25,14,42,12,46,-96,-84,39,75,-54,-98,73,-98,59,-81,-16,79,1,
-8,-24,-70,28,-83,96,79,29,66,63,-39,12,-42,-77,99,-45,-87,11,-42,-26,-1,
-2,-71,96,26,13,40,10,47,-94,-92,44,71,-54,-94,70,-93,65,-81,-18,77,1,
-5,-24,-72,26,-82,97,80,37,68,61,-34,9,-38,-77,98,-47,-91,11,-40,-27,-1,
-9,-24,-73,23,-81,95,79,36,66,60,-34,7,-40,-76,106,-45,-91,11,-49,-28,-1,
-12,-18,-74,21,-81,94,77,32,68,59,-37,9,-43,-74,94,-47,-93,11,-46,-26,-1,
-2,-72,94,27,16,42,6,49,-94,-87,40,77,-54,-95,72,-98,62,-81,-15,78,1,
-7,-26,-70,18,-83,95,80,34,66,60,-34,6,-43,-76,99,-48,-96,11,-47,-30,-1,
-9,-22,-72,17,-76,97,77,35,68,62,-32,8,-39,-74,105,-44,-92,10,-46,-27,-1,
0,-68,98,34,19,40,12,47,-89,-90,43,78,-53,-92,79,-92,64,-78,-10,81,1,
-12,-25,-71,20,-87,98,76,38,67,59,-35,7,-43,-75,99,-48,-97,13,-47,-31,-1,
-1,-73,90,25,14,40,11,44,-95,-93,38,76,-55,-95,70,-98,60,-82,-15,78,1,
-4,-69,95,26,16,38,12,43,-92,-89,32,76,-52,-96,74,-96,64,-81,-17,78,1,
-13,-25,-73,23,-81,98,76,39,65,59,-33,4,-39,-78,98,-50,-95,10,-49,-31,-1,
-2,-69,97,27,16,47,4,48,-95,-86,37,73,-50,-94,73,-95,62,-81,-14,77,1,
-10,-23,-70,24,-83,97,75,30,66,59,-34,5,-41,-74,98,-43,-94,12,-47,-27,-1,
-8,-69,95,24,15,41,8,45,-94,-92,36,74,-55,-95,72,-98,62,-86,-20,74,1,
-3,-74,96,31,16,39,8,46,-94,-92,40,73,-56,-94,74,-96,60,-83,-17,75,1,
-4,-72,97,26,16,36,9,45,-92,-91,37,74,-56,-95,74,-97,61,-81,-16,79,1,
0,-68,98,26,15,44,8,46,-93,-85,38,74,-53,-95,74,-95,64,-80,-15,82,1,
-10,-28,-69,22,-79,98,80,36,67,61,-35,7,-40,-76,104,-46,-87,12,-46,-25,-1,
-2,-70,91,30,14,41,8,45,-93,-90,39,74,-52,-96,74,-95,68,-79,-15,78,1,
0,-69,95,27,14,41,15,46,-92,-88,40,77,-53,-93,76,-96,61,-81,-15,81,1,
-7,-69,95,28,16,41,12,47,-94,-88,34,79,-56,-95,76,-96,60,-84,-18,79,1,
-2,-66,97,30,19,38,13,49,-92,-86,39,80,-50,-92,71,-93,69,-78,-14,84,1,
-4,-69,92,25,15,41,14,43,-94,-89,34,70,-50,-95,69,-95,65,-81,-16,78,1,
-4,-68,95,32,16,39,12,46,-94,-90,35,75,-54,-93,73,-96,63,-81,-15,76,1,
-14,-23,-73,25,-83,95,78,43,66,63,-37,6,-41,-75,98,-48,-94,12,-49,-30,-1,
5,-71,98,30,17,42,7,49,-94,-89,36,76,-54,-95,73,-96,64,-80,-14,77,1,
-10,-25,-68,19,-80,98,76,34,66,60,-34,3,-40,-76,99,-44,-96,9,-49,-32,-1,
-13,-24,-69,12,-83,93,76,31,66,60,-31,6,-42,-72,97,-48,-95,8,-45,-29,-1,
-4,-70,96,29,17,40,11,47,-90,-92,40,74,-57,-91,75,-97,65,-82,-15,85,1,
-5,-70,94,25,13,39,8,47,-94,-94,33,77,-52,-95,71,-96,60,-82,-17,76,1,
-2,-68,97,27,12,45,8,45,-96,-84,44,76,-53,-95,73,-93,63,-80,-16,77,1,
2,-66,97,32,18,44,11,50,-91,-84,40,73,-51,-92,78,-93,65,-83,-14,75,1,
-7,-26,-72,21,-81,99,78,35,67,63,-34,6,-42,-73,97,-48,-91,11,-43,-29,-1,
-15,-18,-75,23,-81,97,75,32,67,60,-37,3,-42,-77,95,-49,-96,12,-46,-29,-1,
-1,-68,98,27,17,45,12,48,-91,-84,38,78,-54,-89,77,-96,64,-82,-14,80,1,
-18,-24,-73,24,-84,94,76,35,65,59,-35,5,-40,-77,99,-51,-92,8,-49,-31,-1,
-13,-27,-75,22,-85,92,75,26,66,58,-38,6,-41,-79,96,-50,-94,8,-49,-32,-1,
-10,-23,-69,19,-81,99,82,40,66,59,-36,5,-38,-76,101,-43,-95,10,-48,-26,-1,
-12,-26,-70,23,-84,96,76,38,66,60,-35,4,-40,-75,100,-46,-91,11,-50,-30,-1,
-11,-20,-77,25,-83,97,74,39,67,55,-38,6,-40,-82,102,-52,-89,10,-50,-31,-1,
-7,-68,90,25,11,37,17,45,-96,-86,36,74,-52,-98,72,-95,61,-81,-18,75,1,
-12,-70,91,26,12,39,4,47,-97,-92,38,74,-58,-93,71,-96,63,-85,-19,73,1,
-4,-70,93,29,17,41,9,46,-93,-91,38,73,-53,-92,71,-96,66,-81,-15,78,1,
-5,-69,94,30,16,41,10,48,-93,-86,35,77,-53,-95,78,-96,67,-80,-15,85,1,
-12,-26,-70,20,-84,96,80,37,66,59,-31,8,-41,-71,98,-48,-93,9,-47,-29,-1,
-17,-21,-72,25,-80,98,77,37,67,60,-33,4,-37,-78,100,-49,-90,10,-46,-28,-1,
-2,-70,95,25,10,42,6,47,-93,-92,44,77,-55,-92,73,-94,63,-79,-17,77,1,
-3,-69,93,30,13,39,4,47,-94,-88,35,77,-57,-93,72,-96,57,-81,-17,80,1,
-4,-67,93,31,14,37,6,45,-93,-92,35,79,-52,-96,72,-95,60,-78,-14,79,1,
-14,-31,-68,20,-83,97,77,37,64,62,-34,2,-44,-77,102,-51,-92,11,-47,-32,-1,
-4,-73,99,27,17,39,8,48,-92,-92,37,79,-53,-93,74,-95,63,-81,-14,76,1,
-12,-25,-73,23,-82,95,75,33,67,58,-33,5,-40,-76,102,-46,-94,10,-48,-31,-1,
-6,-23,-71,23,-80,98,81,38,67,62,-34,6,-40,-72,99,-47,-89,12,-46,-28,-1,
-8,-21,-72,24,-80,95,78,37,67,59,-33,7,-39,-74,101,-43,-91,12,-47,-25,-1,
-8,-27,-73,20,-84,97,71,34,67,57,-35,10,-41,-78,100,-48,-88,10,-45,-29,-1,
-15,-23,-73,24,-84,93,78,34,66,58,-36,7,-41,-78,98,-48,-96,8,-49,-31,-1,
-4,-68,94,26,13,40,6,46,-92,-88,36,70,-53,-94,74,-92,61,-79,-16,82,1,
-15,-27,-72,21,-86,97,77,31,67,61,-35,5,-40,-80,98,-53,-97,11,-46,-29,-1,
-17,-24,-75,24,-85,95,74,37,66,59,-35,6,-38,-80,102,-49,-93,9,-49,-30,-1,
-8,-67,98,29,13,41,11,45,-96,-90,37,77,-52,-96,75,-97,62,-81,-15,75,1,
-5,-67,101,27,18,39,9,47,-93,-87,37,78,-51,-92,74,-96,67,-79,-14,78,1,
-12,-30,-71,16,-82,95,77,35,66,59,-36,3,-44,-76,98,-49,-97,9,-49,-32,-1,
-6,-69,91,27,13,41,8,45,-94,-88,36,73,-53,-94,73,-95,66,-81,-14,76,1,
-3,-68,90,31,13,41,6,45,-93,-91,36,75,-51,-97,77,-95,61,-81,-17,77,1,
-1,-65,93,29,15,44,8,50,-90,-88,42,80,-54,-93,78,-93,67,-82,-15,80,1,
-6,-66,94,30,12,40,11,44,-95,-90,37,74,-56,-94,77,-96,60,-80,-18,79,1,
-10,-30,-71,21,-76,94,78,37,67,59,-30,4,-41,-77,98,-47,-96,9,-46,-32,-1,
-3,-71,99,24,15,39,8,48,-93,-89,41,72,-56,-95,73,-95,65,-83,-20,76,1,
-7,-16,-73,27,-79,99,79,40,70,61,-32,8,-38,-74,101,-47,-90,16,-41,-24,-1,
-9,-18,-76,22,-84,95,73,35,65,58,-38,7,-37,-79,103,-49,-92,8,-50,-29,-1,
-16,-28,-77,22,-80,94,75,32,65,61,-37,9,-42,-77,99,-52,-94,6,-48,-31,-1,
-5,-69,92,24,15,38,6,46,-97,-89,35,77,-53,-97,68,-99,63,-83,-18,74,1,
-9,-68,93,27,14,39,5,46,-94,-90,36,74,-53,-94,71,-96,63,-81,-16,76,1,
-14,-23,-70,20,-84,96,76,35,68,59,-32,5,-40,-74,97,-48,-95,10,-47,-31,-1,
-13,-24,-78,19,-78,99,79,28,69,60,-36,8,-40,-78,99,-47,-93,7,-44,-31,-1,
-3,-67,94,31,14,42,14,47,-93,-87,43,75,-52,-91,74,-93,66,-79,-13,78,1,
-5,-69,98,26,13,38,7,43,-93,-91,38,67,-54,-97,74,-97,63,-81,-20,74,1,
0,-67,99,30,15,45,6,48,-92,-89,40,78,-49,-91,77,-95,66,-79,-14,80,1,
-4,-72,95,26,14,40,10,46,-91,-86,40,82,-52,-95,75,-97,63,-83,-16,73,1,
-13,-19,-72,23,-79,96,77,34,69,61,-33,7,-39,-75,100,-47,-89,9,-45,-30,-1,
-14,-22,-71,18,-84,94,73,40,65,58,-35,6,-44,-78,99,-45,-97,10,-46,-31,-1,
0,-68,93,28,12,42,5,46,-93,-88,32,73,-51,-96,75,-98,58,-81,-17,80,1,
-7,-69,95,28,15,40,13,49,-93,-88,45,79,-53,-93,73,-95,66,-81,-16,79,1,
0,-71,92,24,13,39,9,48,-95,-89,40,74,-54,-97,71,-96,62,-82,-16,72,1,
-13,-25,-69,18,-80,100,78,33,67,65,-35,7,-44,-72,101,-48,-94,11,-44,-28,-1,
-12,-22,-72,24,-79,96,82,34,68,62,-33,8,-40,-79,98,-46,-93,10,-42,-28,-1,
-4,-72,90,25,11,41,4,46,-94,-89,33,74,-52,-101,72,-99,60,-83,-17,77,1,
0,-68,95,29,16,41,10,46,-90,-90,41,75,-51,-92,74,-94,65,-79,-13,77,1,
-11,-24,-73,24,-83,97,74,37,66,57,-34,9,-41,-76,98,-43,-92,11,-45,-27,-1,
-10,-21,-72,24,-84,97,80,35,68,60,-33,9,-39,-74,102,-43,-90,12,-43,-25,-1,
-1,-66,95,27,15,40,5,47,-94,-88,38,76,-55,-92,71,-96,63,-80,-15,80,1,
-2,-71,91,28,15,35,7,46,-93,-87,33,74,-55,-98,74,-96,63,-84,-20,72,1,
-6,-72,97,26,14,37,5,48,-95,-87,32,75,-49,-99,73,-96,65,-81,-18,78,1,
-9,-33,-72,21,-83,95,75,36,65,59,-38,6,-44,-78,95,-47,-87,10,-46,-28,-1,
-2,-69,98,29,16,39,5,51,-91,-85,39,72,-53,-95,78,-93,60,-79,-12,86,1,
-1,-71,91,30,16,43,11,45,-94,-89,39,75,-52,-95,69,-93,58,-81,-17,79,1,
-3,-72,94,27,14,38,5,48,-94,-90,35,74,-55,-94,72,-96,61,-83,-22,80,1,
-6,-19,-70,25,-83,97,80,33,66,61,-37,7,-41,-76,101,-43,-93,12,-44,-28,-1,
-11,-66,91,28,11,35,11,47,-98,-90,32,79,-57,-97,73,-96,60,-82,-19,76,1,
0,-66,100,31,13,40,11,47,-92,-88,43,81,-53,-94,79,-92,66,-77,-13,75,1,
-11,-20,-72,24,-82,95,78,37,67,62,-34,8,-38,-74,98,-47,-92,11,-47,-27,-1,
-3,-68,95,24,15,41,10,46,-94,-91,38,77,-54,-97,73,-96,63,-82,-17,76,1,
0,-68,93,28,14,41,4,49,-93,-84,39,72,-51,-95,74,-93,62,-82,-18,78,1,
0,-69,91,31,15,44,2,48,-93,-87,40,74,-54,-91,74,-91,63,-78,-14,79,1,
-4,-71,91,23,13,37,5,47,-95,-89,36,74,-51,-100,74,-96,58,-80,-18,75,1,
-5,-68,94,31,12,38,8,46,-95,-95,37,72,-55,-90,69,-94,61,-80,-18,77,1,
-11,-22,-73,24,-79,97,82,37,68,61,-34,7,-39,-75,101,-47,-89,12,-46,-28,-1,
-4,-68,92,28,12,40,9,47,-96,-90,39,75,-53,-96,71,-94,64,-78,-14,80,1,
-12,-26,-71,22,-81,91,81,31,64,59,-39,6,-43,-80,97,-48,-91,8,-49,-29,-1,
-12,-29,-69,18,-84,92,77,34,66,56,-31,2,-45,-74,100,-51,-100,11,-49,-33,-1,
-5,-69,97,27,16,41,10,46,-91,-88,38,74,-50,-93,75,-96,69,-82,-16,74,1,
-11,-27,-77,18,-82,98,79,36,66,58,-36,3,-40,-79,99,-52,-93,9,-48,-31,-1,
-9,-23,-72,23,-85,99,77,36,65,65,-35,1,-43,-75,100,-51,-94,13,-45,-34,-1,
0,-73,99,27,17,41,5,46,-91,-88,37,75,-54,-92,74,-96,64,-81,-18,80,1,
-12,-26,-69,25,-87,97,80,37,65,60,-35,4,-40,-76,98,-47,-97,12,-47,-30,-1,
-3,-69,94,27,17,39,5,51,-92,-90,44,77,-54,-95,72,-94,68,-80,-16,82,1,
-4,-71,93,28,13,42,8,47,-97,-85,37,74,-51,-95,72,-96,61,-81,-14,74,1,
-12,-23,-67,23,-83,95,79,32,66,64,-35,13,-43,-74,102,-44,-91,12,-44,-26,-1,
-2,-71,99,30,16,42,9,44,-94,-94,42,75,-57,-93,74,-94,62,-82,-16,80,1,
-7,-23,-73,21,-85,97,76,35,64,60,-38,4,-40,-77,100,-48,-93,10,-50,-29,-1,
-13,-19,-72,21,-82,97,80,30,69,60,-33,6,-39,-80,103,-48,-90,8,-41,-30,-1,
-14,-26,-70,19,-84,93,76,33,64,57,-33,6,-43,-79,102,-47,-95,9,-48,-30,-1,
-4,-69,92,28,12,41,6,46,-92,-89,41,70,-49,-95,73,-93,62,-79,-16,83,1,
-2,-68,95,27,12,40,8,46,-95,-88,41,72,-53,-96,72,-94,66,-80,-17,75,1,
-3,-69,93,27,16,42,6,48,-92,-86,35,75,-48,-95,72,-94,63,-81,-17,81,1,
-10,-23,-74,22,-81,98,74,36,67,58,-34,3,-41,-78,101,-48,-95,13,-48,-29,-1,
-2,-69,96,26,15,41,10,45,-92,-92,44,78,-53,-95,77,-94,61,-79,-15,81,1,
-12,-19,-71,23,-80,95,79,36,67,61,-33,6,-40,-72,100,-45,-95,11,-45,-28,-1,
-3,-72,94,26,14,41,3,49,-95,-88,39,75,-54,-98,74,-97,67,-81,-18,82,1,
-9,-30,-74,22,-86,97,81,32,66,61,-37,10,-40,-76,100,-43,-92,8,-46,-29,-1,
-4,-67,92,29,12,42,5,46,-95,-90,41,76,-54,-94,73,-94,64,-80,-16,74,1,
-11,-27,-76,20,-87,95,78,33,65,59,-41,6,-43,-80,96,-50,-92,9,-48,-31,-1,
-4,-67,93,28,18,39,14,48,-94,-90,40,78,-52,-95,71,-93,65,-80,-14,80,1,
-11,-22,-72,21,-82,100,76,37,70,64,-34,8,-36,-75,98,-48,-91,11,-44,-28,-1,
-12,-21,-76,23,-81,98,81,37,69,62,-34,7,-37,-74,101,-47,-93,11,-45,-27,-1,
0,-69,95,28,12,39,7,48,-94,-88,37,73,-55,-95,71,-95,62,-81,-19,76,1,
-1,-70,104,29,18,41,11,50,-92,-87,40,79,-54,-95,79,-95,64,-81,-13,83,1,
0,-70,90,27,11,42,14,47,-90,-84,40,78,-53,-94,76,-94,61,-81,-17,82,1,
-11,-25,-71,22,-78,97,74,39,64,63,-34,6,-40,-80,100,-51,-93,9,-44,-29,-1,
-5,-21,-77,23,-82,99,77,32,69,60,-35,8,-38,-75,99,-47,-91,9,-43,-29,-1,
-7,-16,-74,23,-80,100,78,38,68,64,-36,8,-43,-72,101,-45,-95,13,-44,-29,-1,
-12,-33,-73,18,-84,94,77,31,65,58,-36,4,-43,-78,97,-51,-91,8,-50,-32,-1,
-10,-29,-67,21,-82,98,84,38,67,62,-35,5,-41,-78,103,-44,-92,12,-45,-31,-1,
-2,-68,96,26,15,40,8,48,-92,-84,36,74,-53,-93,75,-95,63,-82,-16,80,1,
-1,-73,94,28,15,41,9,46,-92,-94,38,69,-55,-95,72,-96,66,-83,-15,80,1,
-4,-69,96,29,11,41,7,47,-93,-88,40,74,-51,-94,75,-94,59,-80,-18,74,1,
-2,-70,89,30,13,41,9,45,-94,-89,34,77,-55,-95,73,-93,60,-80,-17,82,1,
-12,-23,-69,19,-85,97,80,34,67,59,-35,7,-40,-74,104,-47,-90,11,-48,-27,-1,
-15,-22,-76,21,-82,98,75,32,68,58,-37,3,-40,-78,96,-46,-97,11,-48,-31,-1,
-2,-69,99,31,12,42,10,46,-95,-88,34,77,-55,-93,75,-95,62,-80,-17,74,1,
-12,-23,-73,23,-84,98,71,35,70,60,-31,8,-38,-78,95,-47,-95,10,-41,-30,-1,
-6,-72,96,29,16,37,8,43,-96,-91,31,72,-53,-97,68,-96,58,-82,-17,72,1,
-13,-23,-70,27,-86,97,78,34,67,58,-34,8,-39,-76,97,-49,-90,10,-45,-28,-1,
-2,-68,97,27,16,41,8,48,-93,-87,41,77,-53,-95,74,-97,68,-80,-13,73,1,
-8,-25,-74,23,-80,97,76,35,67,60,-35,5,-44,-76,98,-46,-94,14,-46,-30,-1,
-5,-70,95,25,15,36,9,46,-94,-85,36,75,-56,-96,76,-98,68,-82,-17,75,1,
-4,-69,92,27,16,41,11,44,-93,-90,40,75,-56,-95,75,-96,61,-83,-16,76,1,
-8,-30,-73,19,-84,97,79,34,65,60,-36,6,-43,-77,99,-48,-93,9,-45,-31,-1,
-13,-20,-71,27,-81,95,82,31,66,59,-37,5,-40,-80,99,-48,-89,10,-46,-28,-1,
-11,-24,-67,20,-78,97,79,38,68,62,-29,8,-39,-73,102,-46,-87,10,-43,-27,-1,
-14,-19,-73,23,-78,94,81,34,68,58,-34,9,-37,-75,98,-46,-93,9,-50,-27,-1,
-11,-23,-73,20,-80,99,77,38,68,61,-35,4,-37,-73,103,-50,-89,11,-49,-30,-1,
-12,-23,-74,25,-85,96,76,28,67,58,-36,9,-38,-78,101,-48,-95,8,-46,-28,-1,
-4,-26,-73,17,-79,98,75,37,67,60,-34,4,-41,-75,96,-45,-96,11,-47,-30,-1,
-2,-68,96,27,17,39,14,45,-95,-88,34,74,-55,-93,70,-96,61,-81,-17,78,1,
-4,-69,96,28,14,44,10,45,-92,-87,41,72,-53,-91,74,-93,64,-81,-16,80,1,
-9,-26,-68,25,-77,95,79,30,68,61,-29,6,-41,-74,100,-45,-92,12,-47,-30,-1,
-11,-19,-68,18,-82,96,73,34,68,60,-36,6,-41,-78,99,-50,-96,11,-47,-32,-1,
-6,-69,98,26,13,40,6,46,-94,-88,36,75,-53,-96,76,-95,59,-81,-17,75,1,
-3,-69,92,29,14,40,8,46,-94,-91,35,70,-53,-97,75,-95,61,-81,-17,82,1,
-12,-25,-70,22,-82,95,78,33,66,59,-35,0,-45,-76,95,-47,-95,11,-47,-33,-1,
-1,-69,92,26,14,41,10,45,-94,-88,37,76,-55,-96,69,-96,57,-82,-18,79,1,
-5,-70,95,27,13,39,17,47,-93,-91,41,79,-54,-92,73,-95,59,-82,-17,75,1,
-3,-65,98,28,17,46,8,49,-92,-85,42,77,-50,-91,75,-92,64,-81,-14,81,1,
-7,-24,-75,21,-79,99,74,36,67,62,-32,4,-41,-74,98,-47,-98,12,-45,-31,-1,
-4,-67,94,26,18,39,19,46,-96,-87,38,76,-51,-97,72,-98,66,-81,-14,73,1,
0,-68,91,28,13,42,11,50,-92,-82,42,79,-50,-93,77,-94,65,-77,-16,85,1,
-4,-68,98,29,19,42,5,50,-92,-86,38,78,-50,-93,78,-93,59,-79,-13,84,1,
-12,-28,-66,25,-81,95,82,32,66,61,-34,8,-40,-78,101,-46,-87,9,-45,-28,-1,
-2,-71,91,30,13,44,8,44,-94,-85,36,74,-53,-95,78,-96,64,-80,-14,81,1,
-9,-30,-74,16,-81,93,75,34,65,57,-33,4,-40,-79,98,-50,-94,8,-48,-29,-1,
-7,-22,-69,20,-86,96,74,34,68,61,-36,10,-39,-77,99,-50,-92,12,-47,-28,-1,
-13,-23,-73,20,-83,99,78,33,68,62,-36,6,-39,-77,102,-51,-92,11,-46,-29,-1,
-12,-24,-73,25,-85,94,77,34,65,60,-36,6,-43,-72,99,-49,-94,13,-49,-28,-1,
-13,-23,-72,18,-85,97,80,28,68,59,-36,8,-37,-76,100,-49,-89,8,-45,-27,-1,
-10,-24,-70,24,-85,94,79,34,63,60,-36,4,-42,-75,101,-50,-91,12,-49,-29,-1,
-7,-26,-73,24,-76,99,76,35,66,63,-33,9,-43,-74,100,-45,-91,12,-44,-27,-1,
-6,-69,94,30,16,40,9,46,-94,-88,32,73,-54,-97,74,-96,66,-83,-18,80,1,
-14,-30,-75,22,-81,95,80,36,65,61,-35,5,-40,-77,99,-48,-89,10,-46,-28,-1,
-2,-67,95,29,18,44,7,48,-91,-89,38,80,-53,-90,75,-94,63,-81,-12,81,1,
-4,-71,93,26,11,35,5,45,-97,-89,36,71,-56,-97,72,-94,58,-79,-17,74,1,
0,-69,102,27,15,41,7,46,-94,-85,39,78,-54,-94,77,-96,68,-81,-14,74,1,
-12,-26,-72,20,-81,94,79,34,65,61,-34,7,-43,-74,97,-49,-91,8,-43,-30,-1,
-16,-23,-75,23,-80,93,76,30,67,58,-38,6,-44,-77,96,-46,-96,9,-49,-32,-1,
0,-69,97,26,18,40,4,52,-91,-90,36,79,-49,-95,72,-92,66,-80,-14,81,1,
-11,-22,-78,21,-86,96,73,36,67,56,-35,6,-43,-74,96,-46,-98,11,-46,-31,-1,
-13,-16,-70,20,-83,95,73,33,69,58,-32,8,-43,-73,97,-45,-95,12,-44,-30,-1,
-6,-67,93,28,13,35,7,47,-91,-86,35,77,-54,-96,74,-95,62,-82,-21,80,1,
-11,-20,-75,24,-83,95,78,37,68,58,-31,8,-35,-75,103,-47,-90,8,-47,-29,-1,
-16,-23,-77,22,-84,98,72,34,65,58,-39,6,-42,-80,101,-51,-91,10,-48,-30,-1,
-4,-68,92,27,14,43,15,45,-94,-88,41,74,-52,-94,73,-96,56,-83,-14,77,1,
-5,-69,92,27,9,38,8,44,-95,-87,36,77,-53,-96,73,-94,60,-78,-17,75,1,
-13,-22,-70,23,-85,94,74,33,66,59,-34,8,-42,-75,99,-49,-94,11,-48,-29,-1,
-9,-27,-74,22,-82,96,80,34,66,62,-34,8,-39,-76,100,-46,-93,9,-43,-27,-1,
-2,-70,103,29,16,41,3,45,-95,-91,36,72,-55,-94,75,-97,62,-83,-16,74,1,
-7,-22,-75,27,-84,100,74,41,67,63,-35,7,-37,-75,101,-48,-94,13,-46,-29,-1,
-12,-28,-69,20,-83,91,79,31,65,57,-32,6,-38,-78,100,-47,-93,8,-49,-26,-1,
-16,-20,-73,22,-80,96,77,36,68,60,-35,6,-40,-78,101,-44,-93,11,-45,-28,-1,
0,-73,93,25,18,41,9,47,-93,-88,37,76,-56,-96,74,-98,66,-82,-15,83,1,
-11,-27,-70,19,-85,97,77,39,63,60,-37,0,-42,-78,99,-51,-93,12,-48,-30,-1,
-12,-20,-75,25,-82,97,75,32,68,59,-36,8,-43,-80,98,-46,-95,9,-41,-32,-1,
-5,-68,95,27,15,42,7,47,-96,-90,38,72,-57,-94,76,-96,60,-82,-17,76,1,
-14,-25,-71,15,-82,98,75,40,67,64,-36,3,-41,-75,96,-50,-96,12,-45,-29,-1,
-11,-25,-73,27,-79,97,82,34,66,61,-33,7,-44,-75,102,-45,-95,13,-42,-30,-1,
-13,-24,-71,25,-88,94,76,31,66,57,-32,6,-41,-77,100,-49,-92,10,-45,-31,-1,
-4,-69,92,27,16,41,12,49,-93,-88,41,79,-51,-93,70,-95,64,-82,-16,78,1,
-2,-68,96,28,18,43,10,48,-94,-80,34,79,-50,-94,73,-96,67,-81,-14,77,1,
-7,-24,-72,23,-80,98,81,36,68,61,-34,6,-40,-74,99,-45,-91,12,-45,-29,-1,
-11,-24,-67,23,-82,95,83,33,66,61,-32,9,-42,-74,106,-45,-93,12,-46,-27,-1,
-4,-71,94,28,14,38,12,47,-96,-86,34,73,-55,-95,74,-97,59,-80,-17,78,1,
-15,-25,-74,22,-82,96,78,37,66,59,-33,3,-40,-77,100,-47,-95,10,-45,-30,-1,
-5,-69,86,32,14,41,16,44,-94,-91,40,75,-52,-93,70,-95,60,-80,-13,80,1,
-6,-71,94,27,17,43,10,48,-95,-88,40,76,-53,-93,73,-97,62,-84,-17,76,1,
-14,-23,-72,22,-80,94,81,30,67,60,-34,4,-42,-77,97,-49,-93,10,-46,-31,-1,
0,-67,97,25,19,43,8,47,-91,-86,40,77,-55,-91,75,-94,62,-82,-14,79,1,
-6,-71,96,26,12,38,10,47,-95,-87,39,80,-57,-94,75,-96,63,-80,-20,77,1,
-9,-72,99,28,14,41,6,44,-91,-87,38,76,-52,-96,76,-95,63,-81,-16,79,1,
-14,-19,-74,26,-84,95,75,32,65,58,-35,3,-45,-76,98,-50,-97,11,-50,-34,-1,
-7,-25,-71,25,-84,100,77,32,70,61,-33,12,-44,-74,98,-42,-93,11,-42,-32,-1,
-7,-20,-67,19,-84,99,79,35,68,64,-31,9,-37,-75,106,-49,-89,11,-42,-27,-1,
0,-71,93,27,18,44,2,47,-92,-89,42,72,-52,-94,73,-94,60,-82,-15,80,1,
0,-66,95,31,17,42,10,50,-90,-87,39,79,-53,-91,79,-95,68,-80,-13,80,1,
-8,-26,-73,21,-85,95,72,35,65,58,-36,8,-43,-77,95,-49,-94,9,-46,-31,-1,
0,-70,97,28,18,42,7,50,-91,-88,39,77,-53,-92,75,-96,60,-81,-13,79,1,
-9,-21,-70,23,-78,96,83,42,67,63,-32,7,-37,-73,100,-47,-88,10,-44,-26,-1,
-11,-31,-69,22,-81,94,76,32,67,59,-32,9,-38,-79,101,-43,-91,8,-46,-28,-1,
-8,-66,92,29,13,42,9,46,-99,-87,36,77,-56,-95,75,-98,64,-82,-16,75,1,
-16,-24,-71,21,-83,98,75,30,67,63,-36,7,-42,-75,101,-47,-90,11,-44,-28,-1,
-11,-22,-72,22,-81,93,75,34,66,57,-35,10,-42,-79,99,-45,-92,9,-45,-28,-1,
-8,-69,94,24,17,41,7,48,-96,-89,38,77,-51,-95,70,-95,67,-80,-14,79,1,
-6,-68,99,28,14,39,5,47,-92,-87,40,77,-53,-95,77,-95,65,-81,-16,78,1,
-10,-25,-72,21,-86,98,75,34,66,58,-33,3,-40,-77,98,-49,-90,9,-44,-32,-1,
-9,-23,-74,15,-83,92,73,35,65,58,-35,6,-43,-75,97,-53,-93,9,-50,-30,-1,
-1,-67,98,30,21,42,12,51,-89,-83,39,83,-52,-91,76,-92,62,-79,-12,89,1,
-11,-23,-73,26,-82,96,81,34,67,63,-34,9,-41,-75,102,-47,-93,10,-46,-30,-1,
-11,-21,-71,21,-83,98,74,33,66,61,-35,7,-40,-76,98,-45,-94,10,-44,-29,-1,
-8,-70,94,27,14,35,11,44,-97,-94,34,76,-57,-98,73,-98,62,-81,-17,77,1,
-16,-25,-74,19,-84,94,74,33,67,62,-35,7,-43,-76,98,-51,-98,8,-47,-33,-1,
-11,-24,-72,23,-84,95,75,35,66,59,-35,5,-42,-76,95,-46,-93,10,-47,-29,-1,
1,-69,92,28,14,37,12,47,-91,-89,37,73,-55,-94,75,-97,63,-82,-17,80,1,
-13,-21,-73,22,-83,98,79,37,67,60,-34,5,-40,-77,104,-50,-92,12,-46,-28,-1,
-16,-20,-77,18,-80,97,75,34,66,61,-37,5,-40,-79,103,-48,-97,9,-48,-29,-1,
-9,-29,-75,18,-85,96,76,27,65,56,-34,3,-41,-82,99,-53,-94,8,-46,-33,-1,
-7,-68,93,29,11,39,4,48,-95,-85,36,77,-56,-93,71,-94,62,-80,-16,77,1,
0,-67,92,27,15,42,14,47,-93,-87,43,76,-52,-93,73,-95,60,-79,-13,77,1,
-6,-25,-70,24,-80,96,82,40,66,62,-30,4,-40,-71,103,-48,-92,15,-44,-26,-1,
0,-68,97,26,17,40,8,52,-94,-84,43,75,-52,-96,74,-96,67,-80,-14,81,1,
-4,-71,95,27,16,39,6,47,-93,-93,38,73,-55,-97,74,-99,67,-85,-19,77,1,
-8,-17,-69,21,-79,96,74,36,69,59,-33,7,-40,-75,100,-43,-91,10,-45,-29,-1,
-13,-23,-74,23,-83,96,83,28,65,60,-36,3,-41,-77,98,-51,-98,9,-46,-31,-1,
-14,-22,-71,24,-84,95,76,41,65,60,-33,5,-40,-77,101,-46,-96,9,-44,-29,-1,
-16,-20,-73,21,-84,92,78,28,68,59,-34,11,-41,-75,100,-46,-96,9,-47,-26,-1,
-14,-22,-68,23,-84,97,77,36,68,61,-32,6,-39,-76,100,-49,-91,10,-45,-30,-1,
-11,-19,-74,18,-87,98,74,38,67,59,-37,8,-41,-79,100,-47,-97,10,-43,-30,-1,
-3,-67,100,31,17,43,12,46,-93,-91,39,77,-52,-88,72,-92,70,-79,-14,75,1,
0,-70,100,27,12,44,6,44,-92,-86,35,73,-54,-96,76,-95,58,-83,-17,76,1,
-2,-70,94,29,18,39,13,49,-92,-86,39,80,-55,-93,76,-98,67,-83,-14,73,1,
-4,-70,93,29,12,42,4,46,-93,-89,39,73,-54,-95,75,-97,63,-81,-17,79,1,
-13,-31,-69,18,-84,94,82,30,65,59,-35,2,-44,-75,95,-51,-90,10,-46,-29,-1,
-3,-69,102,29,14,45,5,47,-93,-91,37,80,-53,-92,78,-95,64,-81,-15,80,1,
-1,-70,94,28,13,42,6,48,-94,-89,43,74,-54,-96,73,-94,64,-82,-17,76,1,
-3,-69,92,26,16,39,10,48,-93,-89,34,75,-52,-99,76,-98,62,-82,-16,78,1,
-17,-24,-72,21,-82,93,77,32,64,60,-36,4,-42,-75,96,-53,-96,9,-49,-30,-1,
-3,-69,95,26,18,40,10,50,-94,-86,42,76,-52,-94,73,-95,68,-81,-14,77,1,
-2,-68,93,29,14,38,10,45,-93,-86,36,77,-56,-94,76,-97,59,-81,-15,75,1,
-1,-69,100,26,18,40,6,49,-91,-90,40,78,-54,-93,76,-95,63,-81,-15,79,1,
-7,-29,-77,21,-86,94,75,38,65,56,-36,8,-44,-79,97,-53,-93,8,-46,-32,-1,
-13,-21,-74,16,-85,93,78,32,66,59,-36,6,-42,-73,97,-48,-95,8,-47,-30,-1,
-15,-27,-75,19,-85,96,80,31,67,58,-37,4,-41,-76,97,-46,-96,9,-49,-31,-1,
-14,-23,-76,24,-83,95,76,35,67,58,-37,5,-41,-79,94,-45,-96,10,-46,-30,-1,
-4,-71,98,30,17,39,13,46,-92,-91,43,73,-56,-90,76,-93,64,-80,-14,77,1,
-3,-69,90,27,14,41,10,46,-92,-93,40,77,-53,-94,73,-96,62,-81,-16,83,1,
-4,-71,94,29,16,42,9,43,-94,-88,39,71,-52,-93,71,-96,64,-81,-15,79,1,
-7,-31,-66,24,-84,96,76,31,67,61,-29,5,-41,-74,100,-49,-95,14,-46,-30,-1,
3,-67,97,30,17,41,8,49,-89,-89,40,77,-52,-92,77,-94,63,-80,-15,81,1,
-11,-26,-74,20,-87,92,75,32,66,55,-36,8,-46,-81,95,-48,-93,8,-44,-33,-1,
-1,-69,91,31,14,42,10,48,-94,-90,43,73,-56,-91,72,-94,64,-80,-16,76,1,
-4,-68,93,31,11,39,9,45,-95,-91,34,75,-53,-94,73,-94,60,-79,-16,80,1,
-2,-70,94,29,11,41,5,44,-92,-91,35,75,-52,-94,74,-95,63,-81,-18,75,1,
-8,-21,-71,21,-76,100,82,36,67,66,-34,3,-39,-73,100,-49,-93,13,-44,-27,-1,
-8,-25,-73,24,-85,97,77,33,67,59,-35,9,-40,-78,100,-49,-88,10,-44,-30,-1,
0,-71,97,27,14,38,10,44,-93,-93,37,72,-54,-96,71,-96,60,-81,-17,78,1,
1,-70,99,29,20,44,7,50,-91,-91,39,82,-54,-90,76,-96,67,-82,-13,78,1,
-10,-23,-74,17,-80,99,72,35,67,57,-36,5,-38,-78,101,-48,-94,8,-50,-29,-1,
-10,-24,-73,21,-87,96,84,33,64,59,-36,4,-43,-77,99,-51,-93,9,-44,-31,-1,
-6,-72,92,28,14,40,3,47,-96,-91,38,71,-54,-97,72,-96,65,-82,-16,75,1,
-2,-70,94,32,12,42,7,45,-92,-96,40,72,-52,-92,74,-93,59,-81,-17,74,1,
-1,-69,96,28,17,39,5,46,-93,-90,34,78,-56,-95,76,-95,59,-83,-17,82,1,
-8,-19,-75,23,-82,98,74,39,67,59,-32,6,-40,-75,100,-49,-91,13,-47,-30,-1,
-2,-69,94,28,15,43,7,49,-91,-85,40,74,-53,-92,74,-95,69,-82,-16,82,1,
-5,-68,90,32,13,42,12,46,-95,-89,45,73,-54,-93,71,-91,59,-80,-14,74,1,
-12,-25,-71,17,-84,95,78,34,65,57,-33,3,-42,-77,100,-49,-94,9,-47,-31,-1,
0,-70,94,28,19,42,8,49,-93,-91,37,77,-54,-92,70,-97,62,-83,-16,76,1,
-5,-71,93,27,12,40,4,46,-94,-93,35,76,-54,-97,75,-96,61,-85,-17,72,1,
-11,-22,-72,27,-79,101,74,36,67,63,-29,4,-36,-77,100,-46,-96,13,-44,-28,-1,
-12,-28,-74,20,-83,97,77,33,66,62,-36,6,-42,-77,97,-51,-95,10,-44,-29,-1,
-10,-70,93,29,16,39,12,44,-95,-87,34,76,-53,-97,75,-97,67,-83,-16,75,1,
0,-69,92,29,17,40,16,48,-93,-88,37,79,-54,-95,76,-98,64,-82,-16,79,1,
-4,-66,96,28,16,42,15,48,-94,-86,39,78,-48,-96,75,-93,65,-80,-13,76,1,
1,-71,101,26,16,40,13,48,-93,-89,42,74,-53,-96,74,-96,62,-81,-17,76,1,
-2,-69,93,25,16,43,8,47,-92,-91,40,76,-53,-94,71,-94,63,-83,-14,79,1,
-13,-19,-73,24,-79,96,78,34,66,59,-33,4,-41,-78,101,-53,-89,12,-45,-28,-1,
-12,-20,-75,22,-83,97,74,34,66,61,-38,6,-39,-79,100,-47,-89,8,-47,-30,-1,
-5,-69,89,23,14,41,4,48,-94,-89,36,76,-52,-99,70,-98,62,-84,-18,75,1,
-3,-69,93,32,17,36,7,44,-90,-87,32,75,-56,-93,74,-95,62,-81,-16,79,1,
-2,-71,94,30,15,39,15,46,-96,-88,37,74,-55,-95,74,-98,66,-80,-14,74,1,
-7,-70,94,27,14,40,8,48,-96,-88,35,79,-55,-95,71,-95,59,-81,-15,74,1,
-14,-21,-71,23,-81,98,81,36,69,62,-31,7,-35,-75,104,-46,-92,11,-45,-26,-1,
-1,-68,93,25,15,38,8,45,-95,-85,32,76,-50,-99,71,-96,63,-81,-16,74,1,
-10,-29,-70,23,-77,96,82,42,66,59,-29,5,-39,-77,102,-47,-88,9,-45,-29,-1,
-4,-67,94,31,14,42,5,46,-93,-87,38,76,-48,-94,74,-93,62,-79,-14,77,1,
-2,-72,96,26,14,39,8,46,-94,-85,33,78,-53,-96,75,-96,62,-79,-18,75,1,
-11,-28,-71,23,-81,97,80,36,66,61,-37,5,-39,-78,102,-45,-90,9,-47,-27,-1,
-5,-23,-71,25,-78,98,76,39,69,60,-32,10,-43,-76,101,-40,-87,12,-42,-29,-1,
-6,-69,98,26,19,40,11,49,-92,-90,38,79,-49,-91,72,-95,63,-81,-17,78,1,
-8,-24,-73,18,-84,95,71,37,67,57,-35,8,-41,-74,97,-47,-91,10,-49,-27,-1,
-2,-68,96,31,14,45,10,45,-93,-85,39,78,-49,-95,79,-95,64,-79,-12,78,1,
-14,-22,-71,20,-79,97,77,39,67,61,-35,5,-40,-77,99,-46,-90,9,-44,-30,-1,
-5,-69,92,23,15,40,16,48,-91,-89,40,77,-50,-93,72,-95,66,-81,-17,80,1,
2,-70,100,29,19,41,10,48,-91,-89,32,75,-51,-93,73,-93,65,-81,-16,77,1,
-15,-28,-74,19,-80,95,75,35,65,60,-34,5,-45,-78,101,-50,-94,9,-43,-32,-1,
-13,-26,-75,20,-83,92,77,31,67,55,-35,9,-42,-80,97,-48,-90,5,-43,-30,-1,
-5,-67,92,26,13,41,12,47,-95,-88,39,77,-48,-95,72,-93,63,-78,-16,81,1,
1,-67,91,31,17,43,10,48,-94,-88,36,78,-56,-93,74,-94,62,-82,-12,77,1,
-14,-22,-66,22,-82,96,80,38,66,62,-35,5,-40,-78,97,-48,-90,11,-44,-27,-1,
-10,-27,-70,22,-84,92,74,35,64,61,-37,6,-44,-76,97,-53,-90,11,-49,-30,-1,
-11,-25,-76,24,-82,96,77,32,66,60,-33,6,-40,-78,99,-50,-93,8,-45,-31,-1,
-7,-28,-75,20,-81,98,76,36,67,58,-36,6,-39,-78,97,-47,-94,8,-47,-30,-1,
-11,-23,-72,25,-84,97,79,40,65,62,-33,5,-40,-75,101,-47,-99,11,-45,-31,-1,
-4,-73,91,23,15,37,5,45,-92,-85,34,73,-51,-97,69,-97,64,-80,-18,76,1,
-10,-21,-69,25,-78,95,80,34,67,59,-29,4,-42,-75,102,-48,-91,14,-46,-28,-1,
-11,-28,-73,20,-86,96,75,37,65,61,-37,2,-44,-77,97,-51,-92,12,-47,-32,-1,
-12,-22,-70,18,-85,96,72,36,68,58,-34,9,-39,-76,98,-45,-90,10,-48,-28,-1,
0,-69,92,30,12,40,4,45,-95,-90,35,73,-54,-96,70,-95,60,-80,-18,80,1,
-5,-22,-72,25,-78,97,75,36,70,62,-32,11,-37,-73,98,-45,-92,11,-44,-28,-1,
-12,-23,-77,25,-82,96,80,31,67,60,-37,6,-38,-79,99,-49,-88,9,-45,-29,-1,
-12,-69,94,25,12,38,7,47,-96,-91,39,75,-55,-96,71,-95,61,-84,-21,77,1,
-13,-28,-69,23,-81,92,78,36,64,60,-32,4,-46,-76,98,-48,-94,10,-46,-33,-1,
-9,-68,88,26,10,41,7,46,-94,-92,37,73,-56,-94,74,-96,59,-84,-18,79,1,
-10,-26,-73,17,-80,98,75,42,67,62,-33,3,-39,-74,98,-46,-93,11,-49,-30,-1,
-5,-69,93,30,18,39,12,48,-95,-85,42,76,-50,-94,70,-93,66,-80,-12,78,1,
-3,-68,95,28,16,40,7,49,-93,-90,38,75,-51,-93,72,-94,65,-80,-15,82,1,
-9,-66,92,30,14,43,7,47,-93,-92,34,79,-53,-93,74,-96,68,-84,-16,80,1,
-12,-23,-69,16,-76,94,78,33,66,61,-32,3,-40,-73,102,-50,-94,10,-50,-30,-1,
-13,-72,95,28,15,40,12,44,-96,-84,39,76,-53,-94,74,-96,63,-84,-18,75,1,
-8,-71,97,28,14,40,7,45,-94,-88,32,77,-52,-95,73,-99,65,-81,-15,75,1,
-10,-25,-74,23,-86,95,76,35,66,59,-37,7,-41,-76,96,-46,-100,11,-49,-31,-1,
-4,-67,94,25,16,39,11,47,-93,-86,37,76,-51,-96,72,-96,64,-81,-17,78,1,
-9,-69,94,28,18,41,11,49,-94,-84,38,79,-51,-96,77,-95,67,-83,-17,81,1,
-10,-21,-70,26,-82,98,76,35,66,62,-34,5,-42,-74,99,-44,-97,13,-45,-30,-1,
-11,-25,-68,22,-80,96,81,29,66,62,-34,6,-42,-77,101,-49,-88,10,-42,-29,-1,
-2,-68,93,27,15,41,4,49,-95,-88,45,74,-54,-94,70,-94,67,-81,-16,81,1,
0,-67,90,31,15,39,13,49,-95,-85,35,79,-54,-95,72,-94,61,-81,-18,81,1,
-1,-72,94,31,14,41,11,49,-95,-86,42,72,-50,-95,71,-93,65,-78,-14,76,1,
0,-69,100,31,15,40,6,47,-92,-87,39,77,-52,-92,77,-92,62,-79,-15,82,1,
-12,-29,-75,19,-80,94,73,33,65,59,-36,8,-43,-76,97,-46,-89,9,-49,-29,-1,
-3,-69,99,25,15,45,7,49,-93,-86,42,77,-52,-94,77,-95,68,-81,-15,78,1,
-5,-70,97,31,16,44,12,48,-92,-90,40,76,-53,-93,76,-95,65,-81,-16,80,1,
-5,-70,98,28,16,41,13,47,-92,-91,37,77,-53,-93,73,-96,67,-81,-14,80,1,
-1,-68,90,27,15,40,7,47,-95,-86,37,78,-52,-99,73,-96,65,-80,-13,74,1,
-2,-75,98,27,18,42,9,46,-94,-88,35,81,-52,-94,72,-100,66,-81,-15,77,1,
-11,-23,-73,19,-80,96,71,28,65,58,-36,8,-44,-78,98,-47,-91,9,-45,-30,-1,
-12,-28,-72,22,-79,95,80,30,65,59,-37,3,-44,-76,98,-48,-93,10,-48,-30,-1,
-13,-23,-71,24,-86,97,73,34,65,58,-36,7,-41,-80,99,-49,-90,10,-45,-29,-1,
-14,-26,-73,20,-81,96,79,31,67,60,-38,7,-43,-76,95,-45,-95,9,-45,-30,-1,
-10,-26,-72,20,-83,95,77,33,64,60,-35,5,-41,-77,103,-51,-92,8,-46,-30,-1,
-7,-17,-70,23,-79,96,78,34,69,63,-33,7,-39,-74,98,-47,-91,11,-41,-28,-1,
-3,-67,92,26,14,42,5,49,-94,-90,42,73,-56,-92,74,-94,64,-83,-17,79,1,
-12,-23,-68,22,-83,96,78,36,64,61,-36,6,-45,-76,101,-45,-91,12,-46,-28,-1,
-1,-68,97,28,16,43,10,48,-91,-87,43,78,-52,-95,78,-96,66,-82,-14,77,1,
-13,-27,-75,19,-83,96,80,34,64,59,-34,3,-41,-77,97,-52,-96,7,-46,-31,-1,
-11,-23,-70,22,-81,96,82,32,67,61,-33,4,-37,-76,102,-44,-91,10,-47,-28,-1,
-5,-69,94,27,15,39,11,46,-92,-88,37,76,-54,-93,70,-95,61,-82,-16,74,1,
-12,-29,-73,18,-82,99,74,33,67,62,-37,7,-44,-78,97,-46,-99,9,-43,-32,-1,
-5,-33,-71,17,-81,96,76,34,65,60,-34,8,-40,-75,101,-48,-91,10,-47,-26,-1,
-14,-28,-72,20,-84,95,77,33,66,60,-32,7,-43,-77,101,-47,-94,10,-45,-31,-1,
-1,-70,97,29,16,41,1,48,-95,-85,39,75,-55,-93,73,-95,63,-80,-15,75,1,
-6,-70,98,28,17,41,10,48,-95,-89,46,80,-56,-94,74,-94,64,-79,-12,82,1,
-11,-24,-75,19,-87,96,73,34,68,58,-36,9,-40,-80,99,-49,-90,7,-42,-31,-1,
-8,-23,-70,22,-84,96,74,32,66,60,-34,8,-41,-73,99,-49,-93,11,-49,-29,-1,
-12,-19,-70,19,-79,99,72,33,68,59,-33,7,-41,-76,101,-44,-94,9,-47,-31,-1,
-5,-68,91,27,13,37,10,49,-95,-91,41,78,-51,-98,71,-94,66,-79,-15,76,1,
-15,-30,-72,19,-81,94,77,28,64,56,-33,3,-41,-80,100,-51,-93,6,-48,-32,-1,
-10,-25,-74,21,-81,95,78,28,69,59,-35,6,-39,-74,99,-47,-92,11,-50,-28,-1,
0,-67,96,28,13,41,7,49,-92,-87,40,78,-52,-91,73,-93,62,-79,-14,80,1,
-1,-72,97,30,15,41,10,45,-92,-90,40,73,-55,-95,79,-96,67,-81,-17,80,1,
-15,-24,-71,22,-82,94,74,31,65,59,-35,5,-41,-78,101,-51,-94,10,-50,-30,-1,
-3,-64,95,31,14,43,9,50,-92,-80,35,77,-49,-93,78,-93,66,-80,-14,77,1,
-6,-73,90,31,14,43,10,47,-94,-90,41,68,-54,-94,74,-95,62,-83,-18,78,1,
-2,-69,94,31,15,39,7,43,-94,-91,37,72,-58,-95,74,-97,62,-83,-19,78,1,
-10,-25,-70,19,-81,95,76,34,66,60,-34,6,-45,-74,97,-47,-91,12,-45,-29,-1,
-10,-26,-72,18,-81,96,77,32,66,60,-33,8,-41,-77,99,-48,-89,8,-43,-28,-1,
-12,-19,-73,23,-84,99,80,33,68,61,-35,4,-40,-73,97,-44,-93,11,-47,-29,-1,
-4,-70,91,24,13,39,5,45,-98,-88,36,76,-54,-100,71,-97,58,-82,-18,78,1,
-1,-68,92,35,14,41,12,49,-93,-89,43,77,-51,-92,74,-92,65,-79,-14,79,1,
-2,-70,94,30,12,39,9,46,-95,-89,37,74,-53,-97,72,-96,58,-81,-19,79,1,
0,-72,98,29,15,39,6,49,-90,-90,43,76,-54,-92,76,-95,63,-80,-16,75,1,
-7,-68,94,28,15,45,5,46,-95,-85,36,77,-51,-95,74,-97,63,-82,-16,77,1,
-5,-29,-70,16,-84,99,74,38,69,60,-36,4,-39,-77,96,-46,-94,10,-46,-32,-1,
-5,-67,96,30,14,42,6,48,-91,-91,42,75,-56,-92,77,-96,62,-83,-16,81,1,
-5,-68,98,26,15,43,5,46,-95,-88,33,77,-53,-94,74,-96,63,-81,-17,76,1,
-5,-69,99,27,16,42,10,48,-93,-91,40,75,-53,-91,75,-96,60,-80,-14,85,1,
-6,-68,95,27,16,39,9,48,-93,-87,40,75,-51,-93,73,-94,61,-79,-16,82,1,
-9,-23,-72,23,-82,96,75,33,67,58,-33,6,-38,-75,103,-46,-90,9,-48,-30,-1,
0,-68,93,28,14,41,12,48,-92,-88,39,75,-51,-95,74,-94,63,-80,-16,83,1,
-11,-21,-73,24,-85,100,76,39,67,59,-35,4,-38,-77,101,-43,-94,12,-46,-28,-1,
-9,-26,-72,18,-81,96,78,33,66,59,-35,7,-42,-80,99,-49,-90,10,-43,-29,-1,
-9,-26,-71,20,-83,98,79,35,66,63,-36,7,-41,-75,98,-48,-89,10,-44,-29,-1,
-12,-29,-68,20,-84,93,78,29,66,57,-34,5,-42,-77,99,-44,-91,8,-47,-31,-1,
1,-67,98,30,15,40,8,49,-93,-83,37,78,-55,-95,76,-94,63,-79,-17,83,1,
-9,-31,-74,19,-80,94,78,34,63,61,-37,5,-42,-77,103,-47,-93,10,-50,-28,-1,
-3,-70,96,23,18,37,6,49,-92,-92,42,76,-54,-93,70,-94,65,-80,-17,83,1,
-8,-25,-76,20,-81,97,75,30,66,58,-37,9,-43,-81,98,-53,-90,8,-43,-31,-1,
1,-68,95,31,16,41,8,44,-93,-87,31,83,-54,-93,75,-97,60,-80,-16,74,1,
-7,-70,92,25,13,38,13,46,-95,-90,39,75,-53,-95,71,-96,54,-82,-19,78,1,
-14,-23,-73,25,-85,97,77,32,68,60,-32,7,-37,-77,103,-49,-92,10,-46,-28,-1,
-8,-24,-71,24,-82,98,76,31,67,60,-35,7,-40,-75,98,-46,-94,10,-45,-29,-1,
-2,-70,94,30,15,44,11,48,-92,-88,39,78,-47,-92,74,-92,64,-80,-14,80,1,
-5,-70,96,26,17,39,14,46,-93,-89,36,73,-50,-95,73,-95,67,-82,-15,78,1,
-5,-70,98,23,17,42,9,48,-93,-85,38,74,-51,-97,76,-98,65,-84,-15,79,1,
-9,-24,-72,19,-79,99,81,37,68,62,-34,5,-39,-74,102,-49,-93,12,-47,-29,-1,
-14,-29,-72,18,-81,94,75,27,66,59,-37,4,-45,-78,98,-51,-96,9,-50,-33,-1,
-2,-71,95,29,18,43,11,52,-90,-88,38,76,-49,-92,78,-96,68,-80,-13,83,1,
-9,-24,-71,20,-83,96,79,34,65,62,-36,6,-43,-76,100,-55,-94,12,-45,-29,-1,
-10,-29,-71,21,-85,95,76,33,65,59,-34,7,-44,-74,99,-46,-97,10,-47,-31,-1,
-10,-20,-72,20,-81,97,75,38,65,61,-35,5,-38,-79,103,-51,-94,9,-50,-31,-1,
-5,-71,94,31,15,42,8,43,-95,-89,35,74,-55,-94,75,-97,63,-83,-15,72,1,
-10,-25,-75,19,-80,95,77,29,67,56,-32,3,-42,-75,99,-47,-91,8,-48,-30,-1,
-17,-25,-75,20,-83,94,82,28,66,58,-36,4,-40,-77,97,-52,-94,7,-47,-31,-1,
-3,-72,90,29,16,40,15,47,-93,-89,42,70,-52,-95,73,-96,60,-82,-17,81,1,
-12,-21,-74,24,-83,98,77,36,66,60,-35,6,-37,-77,102,-49,-95,12,-48,-26,-1,
-5,-70,92,25,15,37,9,49,-95,-89,40,76,-56,-96,73,-97,59,-83,-17,78,1,
-13,-26,-73,22,-83,93,79,29,63,57,-37,4,-46,-80,96,-51,-92,7,-44,-33,-1,
0,-68,94,28,15,44,6,49,-93,-92,43,76,-52,-91,70,-92,65,-81,-16,83,1,
-1,-66,96,27,13,40,11,49,-92,-86,40,78,-52,-92,75,-95,60,-81,-17,76,1,
-5,-76,95,26,15,38,12,43,-95,-93,41,72,-59,-97,71,-98,57,-85,-19,71,1,
-8,-20,-74,16,-80,100,76,37,69,59,-34,2,-42,-75,97,-49,-93,13,-45,-30,-1,
-5,-69,96,26,13,41,11,46,-94,-91,42,73,-52,-94,70,-95,64,-81,-14,75,1,
-2,-66,95,31,16,40,10,47,-94,-88,35,80,-54,-91,72,-94,64,-80,-14,79,1,
-14,-21,-72,21,-79,96,79,38,68,59,-35,12,-41,-74,101,-47,-91,11,-47,-24,-1,
-4,-71,99,28,16,40,12,48,-93,-88,34,75,-51,-95,75,-94,60,-80,-17,82,1,
-4,-21,-72,15,-82,94,74,37,66,58,-35,9,-46,-74,98,-48,-94,12,-45,-28,-1,
-4,-70,100,28,16,43,11,49,-93,-87,39,76,-49,-92,73,-94,62,-81,-14,76,1,
-11,-22,-75,18,-79,96,78,33,67,58,-36,7,-43,-76,96,-47,-93,9,-45,-28,-1,
-3,-74,96,28,12,40,9,46,-94,-87,38,74,-55,-96,74,-95,63,-80,-18,80,1,
-1,-69,92,29,15,44,9,47,-92,-85,42,77,-52,-91,75,-95,68,-79,-14,83,1,
-2,-66,98,31,16,42,9,47,-90,-85,41,77,-50,-92,77,-93,67,-79,-14,80,1,
-7,-26,-75,20,-81,98,78,33,67,59,-35,5,-40,-78,100,-50,-91,8,-46,-31,-1,
-11,-24,-69,21,-84,95,80,40,66,60,-34,6,-38,-74,103,-45,-92,12,-49,-25,-1,
0,-67,97,28,17,42,12,50,-94,-85,40,78,-54,-95,77,-96,65,-82,-15,81,1,
0,-66,96,24,15,40,7,48,-94,-90,33,77,-55,-91,70,-96,60,-81,-16,74,1,
-4,-68,93,30,16,43,11,49,-92,-81,40,72,-50,-95,76,-93,63,-82,-16,81,1,
0,-68,93,27,16,39,10,46,-93,-89,34,73,-55,-96,75,-99,61,-82,-17,79,1,
-10,-24,-68,24,-80,95,77,32,67,59,-32,5,-42,-72,97,-44,-95,11,-48,-30,-1,
-9,-26,-77,21,-85,98,73,34,66,60,-35,6,-42,-72,96,-48,-96,10,-47,-30,-1,
-10,-29,-75,21,-84,95,80,34,65,61,-36,6,-43,-76,97,-49,-95,11,-46,-29,-1,
-8,-26,-71,20,-86,98,79,34,67,62,-38,7,-41,-78,100,-47,-91,12,-45,-28,-1,
-1,-71,92,28,16,38,3,49,-94,-86,38,76,-54,-96,70,-94,66,-81,-17,79,1,
-10,-29,-74,25,-80,95,80,34,66,59,-35,5,-39,-77,101,-45,-90,11,-48,-28,-1,
-3,-67,96,28,17,40,7,48,-90,-87,35,77,-52,-92,75,-93,68,-81,-16,83,1,
0,-68,97,27,16,40,5,45,-94,-89,37,75,-52,-96,74,-95,65,-79,-15,82,1,
-8,-74,100,29,14,39,6,45,-93,-89,37,75,-56,-94,76,-98,62,-81,-19,77,1,
1,-71,91,26,10,41,7,47,-93,-89,43,70,-52,-97,76,-95,61,-78,-16,78,1,
-1,-70,94,34,14,43,13,49,-90,-88,42,73,-49,-90,73,-91,66,-78,-16,80,1,
-8,-69,95,27,16,37,13,46,-93,-89,38,75,-55,-94,76,-95,62,-84,-17,75,1,
-14,-26,-73,22,-85,96,78,36,65,59,-36,4,-41,-75,99,-46,-95,11,-50,-30,-1,
-7,-71,92,26,14,38,8,46,-98,-93,32,72,-54,-97,68,-97,62,-83,-20,73,1,
-11,-25,-76,21,-83,96,79,39,66,61,-36,8,-37,-78,102,-49,-93,8,-44,-26,-1,
-10,-20,-72,24,-82,100,79,39,68,66,-34,6,-39,-75,104,-49,-96,13,-42,-30,-1,
-15,-29,-73,21,-81,93,72,32,67,56,-31,3,-42,-79,97,-49,-94,8,-47,-33,-1,
-2,-70,88,22,14,40,10,45,-94,-91,39,72,-54,-96,70,-98,64,-84,-18,70,1,
-13,-19,-66,21,-86,100,80,36,67,63,-37,10,-39,-76,104,-44,-94,11,-45,-28,-1,
-12,-28,-72,21,-84,94,76,33,66,57,-33,5,-43,-76,97,-47,-91,8,-47,-33,-1,
0,-68,98,28,19,38,8,48,-93,-89,37,77,-54,-94,74,-94,61,-80,-17,85,1,
-2,-68,92,28,16,41,11,47,-92,-81,35,75,-56,-95,78,-96,64,-81,-15,78,1,
1,-72,95,24,17,39,7,49,-93,-91,40,74,-54,-97,71,-94,62,-82,-17,78,1,
-3,-67,92,28,17,41,10,47,-92,-90,42,77,-51,-93,71,-95,62,-82,-16,78,1,
-8,-12,-68,20,-78,96,77,35,67,60,-34,8,-41,-73,100,-45,-93,11,-45,-25,-1,
-3,-71,94,24,13,37,12,43,-91,-89,38,72,-54,-96,75,-98,58,-82,-18,78,1,
-13,-29,-77,19,-86,97,77,35,64,59,-37,4,-42,-81,100,-48,-93,8,-45,-33,-1,
-13,-18,-73,26,-79,98,88,36,67,62,-35,8,-42,-72,100,-46,-92,12,-42,-26,-1,
-7,-69,94,25,15,40,11,46,-96,-91,39,76,-54,-95,70,-97,64,-83,-18,77,1,
-12,-21,-74,18,-78,94,80,28,66,59,-35,7,-43,-75,102,-49,-90,9,-47,-29,-1,
-1,-69,93,31,15,43,7,45,-93,-94,42,76,-56,-89,72,-98,63,-82,-14,75,1,
0,-70,97,32,14,42,15,48,-93,-88,38,80,-48,-92,74,-95,66,-81,-17,72,1,
-5,-70,94,25,14,36,10,45,-92,-89,35,74,-55,-95,73,-95,63,-81,-18,77,1,
-2,-70,97,27,17,38,11,47,-93,-92,43,77,-54,-93,70,-95,64,-83,-15,71,1,
-14,-24,-67,19,-84,93,77,31,67,58,-35,7,-43,-75,100,-47,-91,9,-45,-29,-1,
-12,-29,-72,20,-86,99,75,32,65,60,-36,7,-40,-81,100,-46,-95,9,-46,-30,-1,
-4,-68,94,27,17,42,9,48,-92,-87,45,76,-55,-92,75,-92,66,-82,-14,79,1,
-12,-22,-72,22,-81,99,76,32,67,60,-34,6,-38,-77,101,-49,-96,10,-47,-29,-1,
-9,-69,94,27,11,40,7,46,-95,-91,40,75,-51,-94,73,-93,61,-81,-18,79,1,
-12,-70,94,26,15,41,6,44,-94,-89,33,75,-52,-96,75,-98,60,-82,-18,80,1,
-9,-20,-72,21,-79,100,77,36,66,62,-37,8,-40,-76,101,-46,-94,8,-45,-30,-1,
-8,-27,-71,23,-83,99,82,35,66,62,-34,6,-40,-74,101,-44,-95,14,-43,-26,-1,
-3,-71,100,25,18,40,10,49,-93,-91,38,78,-53,-92,71,-96,68,-81,-12,75,1,
-11,-19,-74,20,-77,97,78,34,68,58,-34,7,-41,-73,101,-43,-89,10,-46,-26,-1,
-5,-71,93,24,17,39,5,44,-95,-91,32,75,-56,-96,74,-100,63,-83,-16,78,1,
1,-68,94,29,15,42,8,49,-92,-83,45,77,-52,-92,72,-92,61,-79,-13,79,1,
-9,-28,-72,17,-85,96,75,29,66,57,-36,6,-43,-78,98,-50,-92,8,-47,-34,-1,
-6,-73,101,31,16,42,14,45,-93,-92,39,75,-53,-96,78,-95,65,-82,-14,75,1,
-6,-68,96,30,14,39,6,47,-96,-84,37,78,-53,-97,76,-95,60,-80,-15,76,1,
-9,-66,95,24,14,37,7,47,-96,-88,37,78,-53,-96,69,-96,62,-81,-19,78,1,
-8,-25,-70,22,-79,97,79,32,67,61,-34,8,-41,-75,101,-44,-92,10,-45,-29,-1,
-16,-27,-74,21,-83,97,78,33,67,60,-37,5,-38,-77,101,-50,-94,8,-48,-30,-1,
0,-69,94,34,12,45,10,46,-91,-90,44,72,-52,-90,77,-93,60,-79,-11,80,1,
-5,-68,97,26,17,42,13,50,-92,-85,37,80,-47,-94,75,-96,69,-80,-14,79,1,
-11,-27,-75,26,-83,95,79,34,65,61,-35,2,-42,-77,96,-49,-93,12,-46,-30,-1,
-6,-28,-70,22,-83,98,76,35,66,60,-33,6,-43,-73,99,-44,-92,11,-45,-30,-1,
-8,-68,95,28,15,37,14,45,-96,-87,32,79,-54,-94,73,-96,65,-80,-16,75,1,
-17,-20,-74,20,-80,96,76,32,67,59,-39,8,-45,-78,95,-43,-97,8,-45,-31,-1,
-9,-30,-71,22,-83,96,80,35,66,59,-33,6,-45,-75,99,-44,-92,12,-46,-30,-1,
-15,-22,-70,23,-78,97,81,32,70,61,-31,6,-39,-71,100,-45,-90,11,-44,-28,-1,
-6,-71,94,29,14,40,8,51,-93,-86,39,81,-53,-94,74,-94,62,-80,-16,75,1,
-3,-73,97,23,15,38,7,45,-95,-89,36,75,-55,-95,72,-98,64,-81,-19,74,1,
-3,-68,96,24,17,38,10,49,-91,-87,39,78,-55,-93,74,-95,65,-81,-17,80,1,
-14,-28,-71,19,-87,93,77,33,64,60,-38,9,-44,-77,97,-47,-97,8,-48,-30,-1,
-12,-27,-71,22,-82,100,76,38,66,63,-35,5,-41,-80,103,-49,-97,11,-43,-32,-1,
-4,-71,97,26,15,39,8,44,-93,-94,37,73,-54,-97,73,-97,64,-81,-18,81,1,
-11,-27,-76,18,-84,95,78,31,65,56,-37,3,-43,-76,97,-51,-92,8,-50,-33,-1,
-8,-29,-74,23,-78,98,83,34,69,62,-33,7,-40,-74,99,-40,-94,10,-44,-29,-1,
-15,-26,-69,20,-83,93,77,38,64,58,-36,6,-42,-78,101,-47,-91,10,-50,-29,-1,
-2,-67,94,31,14,44,8,45,-93,-89,34,74,-48,-94,74,-96,62,-83,-17,76,1,
-11,-22,-70,19,-81,96,77,35,66,62,-35,8,-40,-75,101,-50,-95,10,-46,-28,-1,
-4,-69,97,28,15,40,10,45,-94,-88,37,70,-54,-96,74,-95,66,-81,-16,77,1,
-15,-23,-77,23,-84,100,79,31,68,57,-32,6,-36,-77,104,-46,-95,8,-45,-30,-1,
-9,-28,-72,21,-86,95,79,33,66,58,-35,7,-42,-73,100,-50,-92,12,-48,-29,-1,
-12,-20,-73,18,-78,96,80,33,66,60,-30,6,-43,-73,102,-47,-95,8,-43,-29,-1,
0,-71,94,24,17,42,8,48,-94,-86,35,79,-55,-97,75,-99,66,-83,-15,75,1,
-10,-25,-70,22,-83,97,78,41,66,62,-32,7,-40,-73,100,-48,-95,11,-46,-29,-1,
-4,-67,98,30,14,38,4,47,-90,-86,42,75,-52,-92,76,-91,68,-80,-15,75,1,
-2,-66,96,36,16,41,11,43,-94,-87,34,77,-54,-95,76,-94,65,-82,-15,77,1,
-7,-71,97,29,15,42,8,46,-94,-88,35,78,-51,-94,76,-96,65,-80,-15,78,1,
-3,-71,90,30,16,41,9,45,-96,-90,38,76,-55,-96,74,-96,58,-81,-16,77,1,
-15,-26,-71,22,-83,94,78,31,65,60,-37,5,-41,-77,99,-50,-93,10,-48,-28,-1,
-2,-65,95,33,14,44,10,47,-95,-90,41,74,-53,-92,73,-93,59,-80,-15,79,1,
0,-74,94,28,18,37,11,48,-93,-91,39,74,-52,-93,68,-95,61,-81,-17,78,1,
-4,-69,94,29,16,38,10,48,-94,-85,38,78,-52,-97,75,-96,67,-81,-17,80,1,
-3,-70,97,25,16,41,7,45,-89,-93,39,74,-50,-95,74,-97,60,-82,-16,82,1,
-16,-26,-73,17,-79,96,73,32,66,60,-34,3,-44,-79,97,-54,-93,9,-46,-33,-1,
-3,-68,92,28,13,39,13,44,-91,-87,34,71,-49,-95,74,-95,67,-81,-17,78,1,
0,-69,94,27,16,43,8,46,-89,-89,40,72,-50,-91,75,-92,58,-78,-13,84,1,
-8,-68,92,27,13,39,11,48,-95,-92,43,75,-53,-96,70,-94,60,-83,-17,72,1,
-4,-70,91,28,18,40,13,49,-94,-81,32,79,-49,-96,74,-96,64,-82,-14,76,1,
-13,-19,-68,26,-82,96,75,37,66,59,-32,5,-44,-78,99,-45,-93,12,-45,-32,-1,
-13,-23,-67,22,-87,96,76,29,67,59,-34,10,-41,-77,101,-49,-89,10,-45,-28,-1,
-14,-19,-76,24,-80,98,78,32,66,60,-35,3,-44,-77,96,-45,-95,10,-44,-32,-1,
-6,-72,97,30,14,40,6,48,-95,-89,40,74,-53,-95,75,-94,65,-82,-17,77,1,
-15,-22,-76,18,-84,93,75,31,66,59,-36,8,-45,-75,99,-52,-92,9,-45,-30,-1,
-5,-72,93,27,13,39,10,46,-95,-90,35,75,-51,-97,72,-97,60,-80,-18,79,1,
-1,-70,96,26,16,35,10,50,-93,-88,39,75,-51,-96,72,-93,67,-78,-15,80,1,
-10,-26,-70,20,-83,98,77,32,67,64,-35,7,-38,-79,101,-49,-89,9,-43,-29,-1,
-5,-66,95,26,15,39,8,46,-95,-85,35,79,-55,-96,73,-97,59,-82,-15,76,1,
-3,-71,94,26,12,38,8,44,-93,-91,30,74,-57,-93,74,-99,63,-84,-20,75,1,
-8,-28,-70,20,-81,98,74,32,65,64,-34,0,-40,-79,99,-52,-90,11,-45,-31,-1,
-2,-70,94,32,21,40,15,49,-93,-87,38,84,-52,-95,77,-95,67,-80,-11,81,1,
-6,-69,94,27,16,41,13,46,-95,-89,38,76,-51,-94,74,-98,62,-81,-14,78,1,
-15,-24,-75,20,-85,92,79,29,65,58,-35,9,-40,-81,100,-52,-92,8,-46,-28,-1,
-10,-32,-71,18,-82,95,79,34,65,61,-35,5,-43,-79,98,-50,-95,8,-45,-31,-1,
0,-68,93,27,14,43,8,49,-92,-91,42,72,-52,-91,69,-92,61,-82,-16,77,1,
-10,-22,-76,20,-83,94,75,37,65,57,-35,6,-40,-77,100,-49,-93,10,-49,-28,-1,
-15,-21,-74,24,-81,96,80,29,69,60,-36,7,-40,-78,101,-47,-92,10,-47,-30,-1,
-7,-68,94,26,14,40,9,47,-94,-93,43,78,-53,-95,74,-95,64,-83,-17,76,1,
-15,-28,-73,23,-85,95,76,34,65,59,-38,5,-41,-82,97,-47,-91,8,-48,-30,-1,
-2,-70,93,29,15,43,6,45,-97,-92,33,74,-52,-98,73,-98,60,-82,-16,74,1,
-13,-27,-73,22,-78,96,81,36,67,64,-33,5,-39,-78,102,-47,-93,10,-45,-27,-1,
-9,-68,93,31,19,39,13,47,-92,-89,35,78,-52,-92,76,-96,61,-82,-15,79,1,
-13,-28,-70,20,-85,97,75,36,66,58,-35,6,-40,-75,102,-44,-92,8,-50,-31,-1,
-11,-27,-76,24,-80,97,79,34,66,58,-33,7,-41,-75,100,-46,-95,10,-49,-29,-1,
-2,-69,93,30,12,41,13,47,-95,-89,41,79,-53,-94,73,-96,62,-79,-13,77,1,
-10,-25,-76,24,-78,96,79,35,67,60,-38,6,-45,-77,95,-45,-94,11,-43,-30,-1,
0,-71,96,26,18,41,4,49,-93,-89,35,75,-52,-94,73,-97,67,-80,-16,82,1,
0,-70,93,29,16,39,9,49,-94,-90,41,79,-54,-96,72,-93,61,-79,-14,81,1,
-7,-70,97,23,13,37,5,46,-97,-93,37,73,-54,-97,72,-96,61,-80,-19,75,1,
-4,-70,96,27,15,43,6,46,-94,-88,33,77,-53,-95,73,-96,61,-81,-18,82,1,
-15,-33,-70,21,-79,95,75,30,64,61,-33,2,-45,-77,97,-47,-98,10,-48,-32,-1,
-1,-69,97,29,16,39,8,48,-93,-88,34,76,-52,-93,72,-96,64,-81,-19,78,1,
-8,-21,-70,22,-84,96,76,35,66,61,-36,7,-42,-75,98,-45,-91,9,-45,-30,-1,
3,-70,99,30,17,47,9,49,-91,-91,44,77,-50,-90,75,-93,70,-80,-11,79,1,
0,-67,92,29,14,45,8,47,-94,-91,40,77,-55,-93,75,-98,63,-82,-14,76,1,
2,-68,92,26,15,38,9,49,-93,-86,40,77,-55,-94,70,-95,61,-79,-14,77,1,
-6,-27,-75,19,-85,99,75,31,68,58,-36,7,-42,-78,99,-47,-93,11,-45,-31,-1,
-12,-25,-71,20,-80,96,78,33,67,59,-29,7,-41,-78,99,-44,-90,9,-44,-30,-1,
-8,-28,-72,22,-86,99,74,35,67,58,-35,6,-40,-78,96,-47,-91,10,-44,-31,-1,
-4,-71,93,27,14,40,6,46,-93,-89,42,77,-52,-95,70,-95,63,-81,-15,76,1,
-7,-19,-75,21,-82,95,72,35,68,57,-34,8,-44,-73,101,-46,-92,12,-46,-29,-1,
-1,-70,95,29,14,43,9,46,-93,-85,35,79,-53,-94,77,-97,59,-82,-17,80,1,
-5,-65,95,31,12,40,16,47,-93,-79,40,78,-50,-94,76,-92,68,-78,-14,78,1,
0,-66,95,32,15,44,12,48,-95,-86,43,77,-51,-91,73,-93,64,-79,-15,76,1,
1,-68,94,30,17,42,9,47,-92,-85,41,73,-52,-94,75,-92,63,-78,-11,77,1,
-4,-72,94,27,14,42,0,48,-96,-90,37,75,-54,-96,72,-97,63,-83,-18,75,1,
-2,-67,93,30,15,42,9,46,-94,-87,40,78,-54,-93,73,-93,62,-82,-15,72,1,
-14,-28,-74,22,-83,94,76,37,66,58,-34,5,-41,-80,98,-51,-89,10,-46,-29,-1,
-6,-25,-70,27,-84,94,75,37,66,58,-33,8,-43,-75,97,-47,-92,13,-47,-29,-1,
-7,-26,-76,20,-79,96,74,40,66,63,-32,5,-39,-75,101,-50,-91,11,-44,-27,-1,
-12,-25,-72,23,-81,99,76,39,68,60,-30,6,-39,-79,100,-49,-95,12,-44,-30,-1,
-14,-22,-79,22,-82,91,78,33,65,57,-39,6,-44,-75,96,-49,-97,8,-51,-31,-1,
-12,-24,-71,22,-84,99,74,40,66,64,-35,5,-40,-75,104,-47,-97,13,-46,-27,-1,
-9,-19,-68,20,-76,95,78,33,67,65,-32,9,-39,-69,100,-42,-93,11,-47,-24,-1,
-11,-21,-72,20,-79,96,76,38,69,56,-34,7,-40,-74,97,-45,-90,9,-49,-30,-1,
-4,-66,97,25,19,43,13,46,-94,-86,41,75,-50,-91,71,-94,67,-80,-13,75,1,
-14,-30,-75,21,-84,93,73,31,64,57,-38,6,-45,-82,99,-49,-96,10,-50,-31,-1,
-10,-24,-76,22,-85,96,77,34,66,59,-37,7,-38,-75,100,-44,-93,11,-48,-25,-1,
-11,-26,-74,20,-81,98,73,32,67,60,-38,3,-41,-77,97,-50,-90,9,-48,-33,-1,
-11,-26,-72,22,-83,101,83,37,68,64,-34,5,-37,-75,100,-46,-92,11,-43,-28,-1,
-5,-68,92,27,12,42,5,46,-93,-88,41,75,-52,-94,72,-93,64,-82,-16,77,1,
-2,-69,93,27,15,40,10,45,-94,-92,39,73,-53,-93,71,-95,65,-81,-17,80,1,
-12,-25,-70,21,-81,96,83,37,66,63,-35,6,-40,-75,101,-48,-94,10,-44,-28,-1,
-13,-24,-72,20,-85,97,75,35,67,57,-36,7,-37,-80,101,-45,-95,8,-46,-27,-1,
-12,-24,-70,24,-82,98,73,37,68,59,-32,9,-40,-75,101,-41,-89,11,-45,-27,-1,
-6,-69,94,31,15,43,6,51,-94,-85,39,81,-51,-91,75,-95,70,-81,-15,76,1,
0,-72,96,35,14,37,8,47,-95,-92,34,76,-52,-93,70,-92,61,-77,-17,76,1,
-6,-65,95,31,15,42,14,47,-91,-85,39,76,-50,-92,78,-91,61,-79,-14,83,1,
-5,-66,98,27,14,40,11,48,-92,-88,36,78,-51,-93,75,-92,60,-79,-16,81,1,
-1,-67,101,28,19,38,7,48,-94,-87,36,80,-56,-94,76,-96,66,-80,-15,77,1,
-9,-25,-71,24,-81,99,74,35,68,61,-31,7,-39,-74,99,-47,-88,9,-42,-30,-1,
-7,-24,-67,25,-80,97,79,35,67,58,-30,5,-40,-77,103,-44,-94,12,-45,-29,-1,
-3,-73,97,24,17,40,7,46,-92,-91,37,73,-49,-95,72,-98,62,-81,-18,80,1,
-11,-21,-68,21,-81,96,77,37,66,62,-34,10,-41,-74,101,-48,-88,11,-44,-24,-1,
-14,-25,-74,19,-81,95,75,34,66,58,-31,3,-45,-77,99,-49,-95,10,-46,-33,-1,
-9,-27,-71,16,-85,97,75,32,66,60,-39,5,-42,-76,99,-49,-94,11,-47,-29,-1,
0,-73,92,25,14,42,13,45,-93,-93,35,74,-55,-93,73,-97,62,-84,-19,78,1,
-6,-71,95,27,16,40,10,47,-93,-90,38,80,-55,-96,76,-97,67,-82,-16,79,1,
-6,-73,95,26,11,35,2,46,-96,-97,38,73,-56,-96,68,-93,60,-83,-23,74,1,
-5,-69,100,27,17,42,7,47,-92,-93,41,80,-54,-93,75,-94,69,-81,-14,79,1,
-1,-67,91,27,12,46,10,45,-92,-82,35,74,-50,-93,76,-95,60,-81,-15,77,1,
-11,-25,-74,21,-80,97,81,32,68,60,-35,6,-37,-74,98,-45,-94,10,-46,-26,-1,
-11,-21,-73,24,-76,94,80,30,67,60,-30,8,-43,-73,103,-46,-90,12,-42,-26,-1,
-16,-27,-67,25,-83,93,78,34,68,59,-28,6,-42,-77,99,-45,-93,11,-45,-31,-1,
-4,-70,98,32,13,42,12,48,-95,-86,38,75,-50,-94,75,-95,67,-79,-17,76,1,
-7,-20,-74,20,-83,100,80,38,68,61,-35,8,-42,-74,100,-49,-93,13,-43,-28,-1,
-16,-25,-73,23,-85,96,80,31,66,59,-35,7,-41,-78,104,-47,-94,10,-47,-29,-1,
-6,-67,94,31,13,39,8,44,-93,-90,33,75,-50,-93,72,-93,62,-78,-17,82,1,
-6,-23,-71,20,-84,99,73,37,66,57,-35,4,-41,-77,102,-46,-91,12,-48,-31,-1,
3,-67,98,28,15,42,11,49,-92,-90,45,78,-54,-92,74,-94,62,-80,-14,76,1,
-2,-68,90,29,15,39,8,51,-96,-87,40,80,-56,-98,75,-96,62,-80,-14,82,1,
-15,-27,-78,20,-83,94,78,29,66,59,-36,6,-43,-77,97,-49,-97,8,-44,-32,-1,
1,-67,101,27,16,44,8,47,-93,-85,38,71,-48,-92,75,-92,58,-78,-13,77,1,
0,-71,96,28,18,42,8,49,-91,-88,36,74,-54,-95,75,-97,64,-83,-15,79,1,
-5,-70,98,29,16,39,11,46,-94,-90,41,73,-53,-93,71,-93,61,-82,-17,75,1,
-5,-69,94,29,12,41,10,46,-93,-93,41,76,-53,-95,74,-93,58,-82,-18,76,1,
-12,-24,-74,23,-83,96,73,37,68,60,-38,10,-41,-76,97,-42,-96,11,-49,-29,-1,
-13,-23,-70,20,-80,96,80,36,68,64,-31,8,-42,-74,102,-47,-97,11,-42,-29,-1,
-4,-74,91,28,14,40,10,44,-96,-92,35,80,-58,-97,75,-100,62,-84,-17,73,1,
-4,-68,96,31,17,43,9,50,-91,-88,43,75,-47,-91,72,-89,61,-78,-14,80,1,
-1,-66,94,26,14,41,11,48,-95,-90,39,75,-50,-92,68,-92,57,-79,-15,79,1,
-12,-22,-72,19,-77,96,73,32,68,59,-33,6,-43,-72,101,-43,-94,11,-48,-31,-1,
-5,-71,99,33,16,40,14,47,-92,-92,37,78,-53,-93,79,-97,63,-85,-16,71,1,
-15,-23,-74,20,-80,95,77,37,65,60,-36,6,-39,-78,99,-48,-92,7,-46,-29,-1,
-8,-24,-72,19,-81,96,78,32,63,58,-37,4,-41,-77,101,-50,-94,10,-49,-29,-1,
-10,-27,-73,19,-81,95,79,33,66,59,-35,7,-42,-76,102,-46,-94,9,-46,-28,-1,
0,-69,89,29,12,44,6,47,-92,-87,39,70,-50,-97,77,-95,63,-81,-16,82,1,
-8,-21,-73,27,-79,96,76,32,69,63,-34,10,-38,-75,101,-44,-93,11,-45,-29,-1,
-4,-72,96,30,18,41,9,47,-92,-91,37,70,-53,-91,74,-96,64,-82,-16,78,1,
-8,-28,-71,22,-83,97,79,40,65,59,-31,4,-38,-75,97,-45,-92,9,-45,-28,-1,
-10,-27,-71,22,-84,98,78,33,67,60,-35,3,-40,-78,98,-47,-94,12,-46,-31,-1,
-7,-28,-73,19,-80,99,79,36,67,63,-34,6,-41,-76,103,-48,-92,12,-44,-29,-1,
0,-74,99,30,15,43,11,50,-95,-84,41,74,-51,-93,76,-96,67,-80,-17,76,1,
-9,-21,-73,24,-85,97,74,37,68,62,-34,8,-41,-74,95,-47,-93,12,-44,-30,-1,
-3,-69,96,30,16,44,11,47,-93,-87,41,76,-50,-93,76,-94,65,-80,-14,83,1,
-8,-23,-73,20,-83,96,77,41,66,60,-38,6,-41,-77,100,-46,-92,11,-49,-28,-1,
0,-67,96,28,17,42,8,49,-94,-85,39,75,-53,-94,75,-95,67,-80,-15,79,1,
0,-72,92,27,16,39,7,43,-95,-90,35,72,-54,-98,70,-97,64,-82,-15,73,1,
-13,-24,-77,24,-81,97,76,27,68,59,-32,5,-40,-80,102,-47,-94,9,-43,-32,-1,
-8,-69,92,27,11,40,8,43,-91,-88,36,72,-51,-100,80,-97,61,-82,-16,80,1,
-9,-29,-75,16,-81,98,78,37,66,62,-36,5,-42,-77,100,-46,-95,8,-46,-32,-1,
-1,-70,91,23,15,41,5,48,-94,-89,37,75,-57,-95,68,-99,60,-85,-18,75,1,
-2,-68,98,33,18,39,13,49,-94,-87,37,80,-52,-93,75,-96,62,-80,-12,74,1,
-6,-71,93,25,16,39,8,46,-92,-84,39,77,-58,-92,72,-96,64,-82,-18,78,1,
-6,-25,-70,22,-79,98,82,35,68,64,-34,11,-40,-74,101,-45,-92,10,-44,-30,-1,
-16,-25,-73,19,-83,96,79,39,67,61,-35,6,-37,-75,100,-49,-92,9,-48,-27,-1,
-3,-68,93,29,13,43,12,45,-96,-85,39,79,-53,-97,74,-97,64,-83,-16,70,1,
-5,-67,98,31,16,40,11,46,-94,-87,38,80,-53,-94,78,-95,66,-80,-13,77,1,
0,-71,97,26,17,39,7,47,-93,-93,35,73,-55,-96,72,-96,59,-82,-16,77,1,
-12,-19,-70,22,-77,99,76,33,70,60,-33,6,-39,-72,98,-43,-90,11,-46,-28,-1,
-2,-69,91,27,15,39,11,46,-94,-86,35,75,-53,-95,70,-97,64,-81,-15,76,1,
-3,-70,93,25,14,37,9,47,-93,-88,42,73,-54,-97,73,-93,63,-83,-18,71,1,
-4,-68,93,26,16,42,11,47,-95,-89,41,75,-51,-93,70,-96,67,-82,-15,73,1,
-14,-20,-73,23,-83,97,84,34,67,62,-36,7,-39,-75,100,-43,-91,10,-42,-25,-1,
-3,-70,97,30,19,39,11,46,-92,-92,39,77,-53,-91,73,-93,64,-80,-12,79,1,
-3,-70,95,29,16,42,18,47,-89,-90,45,76,-53,-91,77,-93,61,-83,-16,79,1,
-6,-67,97,27,14,40,13,43,-95,-90,37,74,-54,-95,74,-94,64,-81,-17,73,1,
-8,-68,94,25,13,38,12,47,-98,-85,35,77,-55,-96,73,-96,61,-81,-19,77,1,
-10,-17,-75,20,-84,96,72,41,66,58,-35,6,-41,-78,101,-49,-94,10,-49,-31,-1,
-5,-70,94,28,15,38,12,48,-95,-84,38,76,-52,-95,74,-94,65,-80,-18,80,1,
-5,-68,97,31,13,39,6,47,-93,-92,36,77,-52,-94,74,-94,64,-80,-15,76,1,
-3,-71,95,30,14,42,5,46,-94,-90,41,72,-54,-95,73,-93,63,-80,-16,79,1,
-9,-24,-69,17,-84,99,78,33,68,63,-36,5,-38,-74,100,-48,-96,13,-45,-25,-1,
0,-71,93,30,18,42,6,48,-92,-85,35,77,-51,-91,71,-94,65,-80,-12,76,1,
-10,-25,-75,18,-83,98,73,35,67,59,-35,4,-40,-79,98,-53,-93,9,-45,-33,-1,
-1,-66,94,31,16,41,8,47,-94,-87,41,80,-55,-96,77,-97,57,-82,-13,76,1,
-12,-25,-72,20,-83,96,74,31,66,59,-37,5,-42,-77,97,-47,-99,10,-48,-32,-1,
-6,-68,93,26,13,39,9,48,-93,-88,37,70,-53,-94,72,-93,60,-81,-16,81,1,
-2,-74,95,28,17,40,8,47,-93,-89,31,75,-54,-95,74,-98,62,-83,-15,77,1,
-7,-70,92,25,12,42,9,44,-94,-90,38,71,-55,-94,72,-97,66,-84,-18,76,1,
-13,-19,-75,20,-80,96,77,34,68,62,-37,8,-45,-74,97,-50,-93,11,-45,-30,-1,
-15,-23,-73,21,-84,93,75,31,64,59,-36,4,-43,-77,102,-51,-96,10,-48,-29,-1,
-2,-67,90,25,13,38,10,47,-93,-88,36,75,-54,-97,75,-98,65,-82,-15,82,1,
-13,-28,-65,23,-82,96,72,33,65,60,-30,6,-39,-78,102,-48,-90,11,-46,-28,-1,
-10,-29,-74,23,-84,96,75,34,65,60,-38,8,-45,-79,96,-51,-90,11,-46,-31,-1,
-9,-21,-73,17,-83,99,76,38,68,59,-36,5,-39,-78,102,-48,-90,11,-45,-27,-1,
-8,-24,-72,27,-86,99,76,34,68,60,-37,8,-40,-75,96,-47,-94,14,-46,-28,-1,
-10,-24,-70,19,-80,99,73,35,69,58,-31,7,-39,-74,101,-43,-94,10,-45,-27,-1,
-3,-68,94,31,13,42,9,47,-95,-87,38,73,-50,-92,70,-92,61,-80,-15,77,1,
0,-68,96,24,18,38,12,48,-93,-87,37,78,-55,-93,72,-97,63,-80,-14,81,1,
0,-69,98,30,18,43,7,50,-94,-86,42,76,-53,-91,73,-95,67,-80,-12,81,1,
-3,-71,102,27,14,41,6,46,-94,-89,38,75,-53,-98,77,-96,61,-81,-17,77,1,
-5,-67,92,29,14,39,6,45,-94,-93,37,76,-58,-93,72,-96,62,-83,-17,75,1,
0,-68,93,30,15,43,10,45,-94,-93,37,73,-51,-93,72,-95,61,-81,-16,78,1,
-5,-72,97,29,17,39,11,47,-97,-89,37,80,-52,-98,75,-96,64,-83,-17,76,1,
-2,-71,93,25,17,41,7,46,-94,-90,35,75,-55,-92,71,-98,65,-83,-16,74,1,
-2,-72,92,29,13,40,5,49,-91,-91,38,76,-54,-94,77,-98,63,-81,-19,81,1,
-1,-71,98,27,16,36,10,48,-93,-88,36,75,-53,-96,70,-95,63,-81,-18,77,1,
-8,-23,-72,21,-82,97,81,34,69,59,-34,6,-38,-74,99,-43,-94,11,-46,-27,-1,
-13,-30,-71,20,-82,96,78,34,67,60,-34,9,-41,-82,101,-47,-89,6,-44,-31,-1,
-6,-67,100,26,15,44,8,46,-93,-94,42,76,-55,-91,74,-95,61,-84,-17,77,1,
-9,-28,-73,18,-85,95,77,34,66,62,-36,10,-41,-74,100,-49,-92,7,-43,-30,-1,
-2,-66,96,32,15,41,7,44,-92,-88,33,75,-51,-92,72,-93,64,-79,-13,77,1,
-6,-27,-72,23,-82,96,79,43,64,62,-34,8,-40,-75,100,-47,-96,10,-44,-27,-1,
-1,-70,93,28,14,38,12,45,-94,-87,40,76,-52,-96,70,-93,65,-78,-18,80,1,
-7,-25,-72,24,-85,97,77,36,65,61,-33,7,-38,-78,104,-49,-93,10,-44,-28,-1,
-12,-23,-69,23,-81,96,81,35,65,60,-34,5,-44,-74,98,-49,-89,11,-46,-29,-1,
-2,-72,96,29,17,40,6,50,-93,-89,32,80,-53,-93,70,-95,65,-80,-16,80,1,
-19,-18,-66,18,-79,98,75,33,67,61,-33,6,-41,-75,103,-48,-90,11,-46,-27,-1,
-13,-25,-74,23,-88,97,76,30,68,58,-33,7,-38,-78,97,-48,-94,9,-46,-29,-1,
-11,-19,-73,22,-83,98,76,34,67,61,-35,8,-40,-75,102,-48,-93,11,-44,-29,-1,
-2,-70,97,26,18,40,13,47,-92,-89,35,77,-49,-94,75,-95,69,-79,-14,80,1,
0,-73,97,26,15,42,9,48,-95,-93,41,74,-53,-93,73,-97,61,-82,-17,73,1,
-3,-69,96,28,17,41,11,49,-93,-87,43,80,-54,-95,77,-94,68,-80,-13,80,1,
-10,-67,93,28,14,41,9,48,-94,-87,40,80,-52,-93,76,-95,66,-80,-16,82,1,
0,-69,95,30,14,41,12,45,-92,-89,39,73,-52,-91,75,-96,59,-80,-16,79,1,
0,-71,94,27,17,42,5,49,-96,-87,36,74,-52,-97,74,-98,63,-80,-14,79,1,
-7,-70,97,26,17,42,9,47,-92,-93,41,76,-53,-92,73,-95,67,-84,-15,74,1,
-13,-24,-69,22,-79,95,78,29,68,60,-32,10,-39,-77,103,-47,-90,8,-44,-29,-1,
1,-70,91,29,17,42,9,49,-89,-91,40,75,-51,-93,72,-93,61,-79,-11,83,1,
-14,-22,-70,22,-84,98,78,30,69,60,-34,10,-39,-75,101,-45,-95,11,-46,-28,-1,
-10,-24,-73,23,-81,98,78,35,67,60,-35,7,-41,-80,103,-49,-87,9,-43,-31,-1,
-13,-22,-73,24,-82,96,76,30,69,59,-36,5,-37,-78,99,-44,-95,11,-49,-28,-1,
-2,-67,98,30,12,42,10,45,-94,-86,46,71,-51,-94,76,-92,57,-78,-16,80,1,
-11,-23,-70,22,-83,97,77,27,67,58,-34,6,-43,-77,100,-43,-92,10,-43,-30,-1,
-2,-72,91,27,13,43,5,48,-95,-87,39,76,-51,-96,74,-98,60,-79,-16,81,1,
1,-71,92,29,12,42,13,47,-93,-90,42,76,-54,-98,79,-96,63,-80,-17,81,1,
-12,-22,-75,19,-81,100,78,35,69,60,-34,4,-42,-77,98,-48,-92,11,-41,-30,-1,
-7,-69,92,26,14,38,10,48,-98,-88,39,75,-55,-99,74,-97,64,-82,-17,78,1,
-12,-26,-74,20,-83,97,74,33,68,60,-32,8,-41,-77,99,-45,-92,10,-43,-30,-1,
-6,-65,94,27,16,41,8,45,-95,-89,41,76,-51,-94,70,-95,67,-81,-14,75,1,
-15,-25,-73,19,-83,98,78,34,69,60,-34,6,-36,-81,100,-46,-95,6,-44,-30,-1,
-10,-25,-73,24,-81,96,80,37,65,61,-36,6,-41,-76,100,-47,-91,12,-47,-27,-1,
4,-69,94,25,16,43,8,49,-93,-87,34,74,-52,-95,72,-97,66,-81,-15,80,1,
-6,-66,92,22,15,41,10,46,-92,-86,35,74,-50,-94,72,-94,67,-83,-17,81,1,
-4,-66,99,27,13,39,6,47,-93,-87,38,78,-53,-93,73,-94,63,-82,-20,74,1,
-6,-66,94,29,15,41,11,46,-95,-89,36,72,-55,-94,74,-95,63,-82,-17,83,1,
-2,-69,101,26,16,39,12,48,-94,-89,33,76,-55,-95,73,-97,61,-83,-19,78,1,
-3,-69,95,24,14,44,10,47,-92,-87,38,69,-51,-92,74,-97,64,-82,-17,80,1,
-5,-70,94,31,13,38,9,46,-94,-88,37,79,-56,-93,74,-96,68,-81,-17,75,1,
