-12,-28,-74,26,-85,91,74,31,64,59,-35,5,-44,-79,95,-48,-91,10,-45,-31,-1,
1,-72,94,28,13,38,12,44,-95,-90,39,72,-55,-93,69,-96,62,-79,-17,76,1,
-5,-71,99,26,18,39,10,46,-92,-92,34,79,-55,-94,75,-98,68,-83,-17,77,1,
-1,-68,94,28,17,42,12,44,-93,-86,33,69,-52,-94,74,-97,64,-82,-16,76,1,
-3,-65,94,28,17,41,7,51,-94,-83,41,81,-51,-94,73,-93,63,-78,-13,82,1,
-5,-26,-72,20,-82,98,79,37,65,63,-38,7,-42,-77,101,-51,-89,12,-44,-27,-1,
-12,-24,-75,24,-85,97,77,38,66,58,-33,5,-40,-77,98,-46,-93,10,-46,-30,-1,
-1,-69,100,24,19,40,9,49,-90,-86,36,75,-51,-87,74,-97,67,-78,-14,79,1,
-2,-69,92,29,15,39,12,47,-94,-91,36,73,-51,-94,71,-96,62,-82,-16,75,1,
-4,-72,100,30,17,41,7,47,-94,-89,38,76,-54,-95,77,-96,68,-82,-15,75,1,
-13,-29,-74,19,-80,92,79,32,66,56,-34,5,-42,-78,97,-47,-89,8,-47,-28,-1,
-1,-68,94,25,19,41,10,47,-93,-90,35,74,-55,-92,71,-96,63,-84,-15,74,1,
-2,-68,96,27,15,42,12,47,-95,-87,40,83,-52,-98,76,-95,65,-80,-14,76,1,
-5,-67,99,26,16,42,4,45,-93,-90,37,74,-56,-92,75,-97,65,-84,-17,78,1,
-5,-70,91,26,13,43,9,46,-94,-89,41,78,-53,-96,74,-96,62,-84,-14,73,1,
-5,-69,92,24,18,39,10,45,-94,-90,34,76,-55,-95,70,-98,61,-85,-16,79,1,
-2,-69,91,26,15,39,13,42,-95,-90,36,71,-54,-94,68,-96,59,-81,-17,81,1,
-1,-67,97,26,11,44,3,44,-93,-91,39,71,-53,-95,76,-96,64,-79,-17,81,1,
-7,-27,-73,25,-86,95,80,33,69,57,-34,8,-40,-73,97,-41,-91,10,-45,-30,-1,
-4,-69,91,29,12,37,7,46,-94,-86,35,74,-52,-96,70,-91,64,-78,-17,79,1,
-4,-65,90,27,16,43,12,49,-90,-88,43,78,-50,-92,76,-92,66,-83,-13,78,1,
-13,-24,-76,24,-81,96,80,33,66,58,-36,3,-39,-83,100,-48,-97,11,-47,-29,-1,
-5,-68,94,26,15,41,12,46,-95,-84,34,74,-50,-96,72,-93,65,-79,-15,80,1,
-5,-68,94,25,15,38,7,49,-94,-88,40,75,-54,-96,73,-95,63,-82,-17,77,1,
-6,-28,-72,23,-80,97,78,32,65,62,-35,6,-44,-78,99,-48,-95,12,-44,-30,-1,
-17,-18,-71,21,-81,96,75,35,67,59,-35,4,-39,-74,98,-47,-93,9,-50,-30,-1,
-1,-69,94,32,14,43,11,45,-92,-87,39,72,-51,-89,73,-92,60,-81,-14,77,1,
-9,-26,-75,22,-86,97,74,34,65,59,-35,6,-44,-77,100,-51,-101,9,-46,-34,-1,
-10,-28,-72,23,-78,95,80,35,65,63,-35,6,-43,-75,100,-47,-94,10,-46,-30,-1,
-9,-71,99,26,14,42,9,45,-96,-89,37,73,-54,-98,75,-96,65,-82,-15,78,1,
-16,-23,-71,21,-79,93,78,34,66,60,-34,6,-43,-78,95,-42,-93,8,-43,-30,-1,
-3,-68,90,27,15,44,8,49,-92,-85,42,76,-53,-95,74,-96,68,-82,-13,81,1,
-11,-24,-68,20,-82,99,75,35,69,62,-34,8,-37,-74,98,-46,-96,11,-47,-27,-1,
-5,-68,99,26,18,42,17,47,-95,-87,40,76,-54,-92,72,-96,66,-81,-13,76,1,
-9,-68,89,24,14,40,9,47,-94,-91,39,74,-50,-95,66,-95,62,-83,-17,77,1,
-14,-19,-76,19,-75,96,77,35,67,64,-36,5,-42,-75,101,-49,-94,10,-46,-31,-1,
-11,-68,95,26,17,41,11,44,-94,-88,32,76,-53,-95,72,-98,64,-85,-16,77,1,
-1,-68,93,30,16,40,9,47,-93,-87,35,72,-51,-93,73,-94,67,-80,-17,80,1,
-12,-22,-71,26,-77,96,82,38,65,64,-35,7,-44,-76,101,-45,-93,12,-44,-28,-1,
-2,-72,91,27,12,42,10,47,-94,-90,41,73,-56,-96,75,-98,62,-82,-17,78,1,
-13,-23,-68,20,-85,96,68,31,67,59,-32,7,-42,-77,98,-48,-96,10,-47,-31,-1,
-3,-67,93,26,14,42,6,49,-95,-86,43,80,-51,-98,76,-95,64,-81,-15,71,1,
-7,-65,95,26,18,41,12,47,-94,-88,40,74,-51,-95,75,-94,64,-82,-15,78,1,
-1,-66,96,26,14,44,4,48,-96,-88,40,76,-54,-95,76,-96,70,-81,-14,75,1,
0,-67,95,24,11,41,6,46,-91,-90,40,72,-52,-94,73,-93,56,-80,-15,71,1,
-9,-24,-69,24,-77,97,78,32,68,61,-31,7,-39,-77,97,-46,-89,9,-43,-29,-1,
0,-65,92,29,13,42,8,45,-93,-88,36,74,-53,-94,75,-96,61,-81,-14,77,1,
2,-67,97,31,16,41,10,51,-92,-88,40,76,-53,-92,76,-94,64,-79,-12,76,1,
-10,-23,-71,24,-82,99,76,39,68,57,-31,4,-36,-76,99,-46,-94,11,-47,-29,-1,
0,-71,96,27,15,39,10,49,-95,-88,42,77,-56,-92,73,-94,60,-79,-17,77,1,
-10,-27,-71,25,-84,93,78,29,63,61,-34,5,-47,-75,97,-52,-92,12,-46,-31,-1,
-10,-25,-72,19,-79,98,74,36,66,60,-35,4,-38,-75,101,-46,-94,11,-49,-27,-1,
-14,-25,-74,18,-80,94,77,31,65,58,-36,8,-44,-73,97,-49,-94,8,-49,-29,-1,
-16,-24,-75,25,-82,94,73,39,67,56,-35,7,-39,-81,100,-46,-91,10,-49,-28,-1,
-11,-25,-71,24,-81,96,77,38,66,63,-33,7,-42,-75,104,-50,-89,12,-43,-29,-1,
-13,-25,-74,23,-83,94,75,35,65,58,-31,7,-42,-79,98,-48,-91,6,-43,-32,-1,
-7,-65,95,28,15,43,11,45,-95,-84,38,77,-52,-95,72,-92,64,-81,-16,80,1,
-10,-20,-74,20,-78,97,75,35,68,59,-38,11,-40,-78,99,-47,-89,7,-47,-29,-1,
-1,-67,96,28,15,40,6,51,-93,-83,39,78,-53,-95,74,-92,61,-81,-19,81,1,
-6,-67,93,30,16,42,11,48,-94,-85,39,80,-51,-95,76,-94,65,-83,-15,77,1,
-9,-73,96,24,16,40,4,46,-96,-93,36,74,-54,-96,72,-98,65,-83,-18,73,1,
-10,-26,-73,25,-81,98,75,36,69,60,-36,8,-38,-77,99,-45,-91,12,-46,-27,-1,
-1,-66,91,30,14,40,7,47,-94,-85,34,78,-55,-95,76,-97,66,-81,-15,73,1,
-13,-25,-71,22,-83,98,73,35,66,62,-32,2,-41,-78,100,-49,-94,11,-45,-33,-1,
-15,-23,-72,22,-80,97,79,31,70,62,-34,10,-41,-78,104,-42,-93,9,-42,-31,-1,
-3,-69,95,23,14,40,10,50,-92,-86,40,76,-51,-95,76,-95,60,-81,-18,79,1,
-9,-25,-72,27,-84,96,77,34,67,59,-36,7,-44,-77,99,-48,-91,12,-44,-31,-1,
-2,-66,98,30,15,39,10,49,-92,-83,33,79,-51,-93,75,-93,68,-79,-15,80,1,
-10,-25,-70,22,-81,97,80,31,68,61,-31,8,-38,-78,103,-46,-88,9,-42,-28,-1,
-15,-22,-74,19,-80,94,77,33,67,58,-33,0,-37,-80,100,-51,-97,9,-50,-31,-1,
-9,-28,-72,20,-84,97,75,32,67,61,-38,8,-42,-78,98,-48,-94,11,-48,-30,-1,
-11,-19,-68,18,-82,98,75,39,67,60,-33,8,-42,-74,104,-47,-95,13,-47,-28,-1,
-2,-69,89,31,14,43,11,48,-94,-84,42,75,-52,-95,74,-93,66,-80,-15,83,1,
-9,-21,-73,24,-82,96,79,35,65,58,-33,8,-40,-78,106,-48,-88,12,-46,-26,-1,
-6,-68,96,24,20,40,15,49,-94,-89,39,79,-54,-91,71,-97,64,-83,-16,78,1,
-14,-18,-70,23,-81,95,74,37,67,61,-34,7,-44,-75,101,-45,-94,15,-46,-28,-1,
-6,-68,96,29,16,41,12,45,-94,-91,39,79,-51,-95,76,-96,68,-81,-15,77,1,
2,-72,91,32,15,42,13,48,-91,-91,47,72,-51,-90,69,-90,58,-79,-13,77,1,
0,-70,92,27,18,45,15,45,-92,-83,38,77,-52,-93,76,-97,65,-80,-10,81,1,
-6,-68,96,29,14,41,10,46,-94,-84,38,75,-51,-92,74,-95,65,-79,-13,77,1,
0,-72,96,29,14,44,1,49,-94,-87,37,75,-56,-96,76,-95,62,-81,-16,80,1,
-11,-20,-74,25,-80,93,78,36,66,58,-34,9,-41,-77,99,-45,-91,10,-46,-27,-1,
0,-66,92,32,17,41,13,48,-92,-83,35,80,-54,-94,77,-94,60,-82,-14,76,1,
-1,-68,99,28,15,41,13,50,-90,-87,39,79,-54,-93,77,-95,66,-81,-16,80,1,
-3,-69,96,24,16,38,9,46,-96,-87,31,72,-52,-96,68,-97,61,-80,-16,76,1,
-11,-22,-75,26,-83,94,80,30,67,59,-34,6,-41,-77,97,-50,-90,9,-44,-31,-1,
-3,-69,93,25,14,43,8,48,-93,-91,44,73,-56,-91,76,-96,63,-82,-15,83,1,
0,-70,92,31,13,41,9,47,-95,-89,39,77,-56,-96,76,-95,65,-80,-15,80,1,
-8,-71,94,27,13,39,7,44,-92,-92,33,73,-53,-95,77,-98,67,-83,-18,77,1,
-1,-72,94,27,15,36,9,46,-95,-92,37,74,-57,-97,71,-96,58,-81,-18,77,1,
-4,-71,98,29,14,37,10,46,-93,-89,39,72,-55,-93,71,-93,65,-81,-17,81,1,
-2,-70,93,24,14,37,8,48,-91,-90,37,78,-51,-96,72,-93,62,-79,-15,78,1,
0,-68,97,31,14,39,13,45,-92,-88,38,75,-53,-91,76,-94,63,-78,-14,76,1,
-6,-67,97,23,12,43,4,47,-95,-87,41,72,-52,-96,72,-93,59,-80,-18,84,1,
-12,-20,-74,21,-82,96,76,32,67,56,-34,8,-37,-74,105,-46,-93,8,-52,-27,-1,
0,-70,94,29,20,39,18,46,-93,-89,42,75,-54,-93,71,-96,62,-81,-13,80,1,
-1,-69,101,31,17,41,8,48,-92,-86,43,75,-55,-90,75,-95,64,-81,-17,78,1,
-9,-22,-74,17,-82,97,71,39,67,60,-35,6,-38,-74,102,-52,-93,11,-47,-27,-1,
-11,-19,-73,21,-80,98,77,34,69,60,-34,7,-40,-76,99,-45,-88,10,-43,-29,-1,
-9,-20,-75,26,-83,100,80,38,68,64,-37,9,-41,-77,102,-49,-94,14,-44,-30,-1,
-17,-30,-74,22,-80,93,74,32,63,56,-36,2,-47,-81,95,-47,-96,9,-48,-33,-1,
-14,-22,-73,20,-80,94,75,30,68,59,-35,8,-39,-76,97,-45,-93,7,-47,-29,-1,
-8,-22,-72,20,-81,99,78,35,68,61,-36,8,-44,-75,101,-46,-93,12,-42,-30,-1,
-2,-71,99,23,12,38,7,47,-93,-91,38,77,-57,-94,76,-97,56,-83,-20,69,1,
-19,-29,-73,15,-84,94,73,26,67,57,-36,3,-41,-79,97,-47,-99,7,-51,-33,-1,
-1,-70,90,25,17,44,10,46,-93,-91,40,76,-51,-95,73,-97,63,-84,-14,78,1,
-5,-73,94,26,16,40,4,46,-97,-87,33,74,-52,-98,72,-96,62,-81,-17,77,1,
-13,-26,-74,25,-81,98,78,35,67,61,-36,4,-40,-78,100,-41,-95,11,-47,-30,-1,
-5,-66,94,28,13,39,7,45,-96,-88,34,76,-52,-99,77,-96,65,-81,-17,80,1,
-4,-71,96,26,18,41,8,46,-91,-90,32,78,-53,-95,73,-98,68,-83,-16,83,1,
-10,-26,-70,20,-84,101,73,38,67,60,-37,4,-39,-80,97,-49,-94,12,-47,-31,-1,
-3,-68,92,29,15,40,14,46,-93,-88,42,75,-50,-94,72,-94,65,-80,-15,78,1,
-4,-67,91,30,14,39,11,46,-96,-85,36,77,-52,-95,70,-94,64,-79,-14,76,1,
0,-72,98,30,14,41,10,48,-92,-88,41,76,-50,-93,75,-94,70,-76,-15,80,1,
-4,-73,92,30,14,39,8,44,-95,-85,35,76,-51,-95,72,-97,63,-78,-15,77,1,
-7,-25,-75,23,-83,91,75,31,66,53,-32,7,-43,-79,98,-43,-95,9,-46,-31,-1,
-2,-68,96,30,19,41,12,47,-91,-91,39,79,-51,-90,75,-94,62,-81,-15,80,1,
-1,-69,98,33,17,43,11,49,-92,-87,40,75,-52,-93,77,-94,67,-79,-14,80,1,
-17,-24,-77,25,-83,94,77,33,65,56,-36,7,-43,-80,99,-49,-94,8,-48,-31,-1,
-10,-25,-73,24,-88,99,75,32,66,59,-38,7,-37,-77,98,-45,-96,9,-48,-28,-1,
-15,-19,-74,24,-80,97,77,30,70,59,-36,5,-39,-77,97,-47,-91,9,-48,-31,-1,
-9,-22,-72,23,-83,100,75,39,67,59,-35,5,-41,-74,97,-45,-95,13,-48,-31,-1,
-10,-21,-75,24,-80,97,78,37,68,59,-32,2,-39,-80,100,-46,-97,12,-45,-31,-1,
-13,-18,-73,24,-80,99,80,36,68,60,-35,4,-37,-77,100,-50,-92,11,-46,-28,-1,
-1,-67,101,30,18,44,8,47,-91,-85,43,75,-53,-92,77,-92,64,-81,-14,78,1,
-9,-16,-74,22,-83,98,75,36,67,60,-35,9,-37,-79,103,-47,-94,9,-44,-29,-1,
-4,-67,94,26,17,40,10,48,-93,-89,37,75,-56,-94,75,-96,62,-83,-17,84,1,
-10,-21,-76,21,-83,98,77,36,66,60,-34,6,-39,-78,101,-51,-90,9,-43,-30,-1,
-4,-69,94,28,16,39,3,46,-94,-90,34,76,-53,-96,75,-98,65,-82,-17,74,1,
-12,-28,-75,19,-82,96,76,34,67,58,-37,7,-43,-79,103,-46,-95,11,-47,-31,-1,
-12,-29,-74,24,-84,95,78,38,65,60,-38,8,-44,-75,96,-46,-95,11,-48,-30,-1,
1,-72,96,27,16,39,8,50,-91,-88,41,75,-55,-96,76,-95,60,-82,-16,79,1,
2,-68,95,26,18,37,10,49,-91,-87,32,79,-50,-98,76,-98,67,-81,-17,78,1,
-12,-23,-69,21,-80,96,78,28,68,60,-34,4,-40,-76,98,-50,-93,10,-49,-30,-1,
-13,-17,-73,22,-82,100,74,39,69,61,-33,6,-37,-74,103,-47,-96,13,-48,-28,-1,
-14,-20,-74,24,-82,99,80,40,67,61,-38,6,-38,-76,98,-47,-94,10,-46,-27,-1,
-11,-27,-68,22,-79,92,79,37,64,60,-31,5,-43,-76,102,-51,-92,12,-47,-28,-1,
-9,-74,95,27,14,39,11,46,-93,-92,44,75,-54,-96,73,-94,66,-82,-15,77,1,
-2,-73,93,33,16,44,12,46,-94,-88,39,76,-53,-93,72,-96,67,-81,-13,78,1,
-15,-19,-73,22,-81,97,78,33,66,60,-34,4,-42,-79,103,-50,-94,11,-47,-31,-1,
-3,-68,99,29,15,40,9,48,-92,-91,39,78,-52,-93,75,-94,58,-81,-17,80,1,
0,-70,98,26,14,42,6,47,-94,-86,34,76,-52,-96,75,-95,61,-81,-17,82,1,
-16,-27,-69,22,-81,94,80,39,63,61,-38,7,-42,-79,100,-46,-93,10,-49,-26,-1,
-8,-66,94,26,16,38,11,49,-93,-94,38,76,-55,-91,71,-93,59,-81,-16,85,1,
-1,-72,99,28,16,44,11,46,-92,-90,38,75,-54,-90,74,-97,65,-81,-13,76,1,
-2,-68,95,32,16,38,6,47,-93,-92,34,75,-55,-93,72,-96,61,-82,-18,79,1,
-10,-22,-70,26,-80,98,79,36,68,63,-34,10,-38,-76,104,-45,-90,12,-44,-26,-1,
-2,-68,99,25,16,40,7,45,-93,-87,33,75,-54,-95,75,-97,65,-82,-18,75,1,
0,-70,93,24,12,41,11,46,-93,-94,41,72,-56,-95,73,-97,60,-84,-18,78,1,
-1,-67,94,26,15,41,10,49,-94,-93,43,80,-54,-95,74,-94,63,-81,-16,77,1,
-13,-19,-71,24,-84,94,75,32,67,60,-35,7,-41,-76,101,-46,-96,12,-48,-29,-1,
-12,-19,-71,25,-79,97,82,31,67,63,-33,6,-40,-73,98,-43,-93,12,-44,-26,-1,
-2,-71,95,22,15,41,6,46,-94,-91,36,69,-51,-94,70,-99,66,-82,-17,78,1,
1,-68,92,28,15,43,12,48,-94,-86,41,76,-50,-96,73,-94,62,-79,-12,78,1,
-6,-68,94,26,16,39,8,47,-92,-86,36,76,-56,-94,74,-96,61,-82,-18,84,1,
-6,-26,-72,26,-83,97,76,37,66,61,-33,6,-39,-77,103,-45,-90,12,-46,-29,-1,
-3,-72,95,23,14,39,5,46,-96,-90,36,73,-54,-96,70,-98,64,-80,-14,76,1,
-5,-67,94,29,15,44,9,46,-93,-88,37,77,-53,-92,74,-96,63,-81,-14,80,1,
-8,-69,96,26,14,39,9,45,-96,-83,32,72,-54,-95,72,-97,60,-82,-20,77,1,
-10,-23,-71,20,-82,96,77,32,67,58,-32,7,-42,-74,101,-47,-91,9,-45,-30,-1,
-9,-70,93,27,14,36,12,46,-96,-92,35,80,-54,-98,72,-96,64,-81,-20,78,1,
0,-68,96,27,16,40,9,45,-92,-89,41,74,-54,-93,72,-95,61,-80,-15,77,1,
-9,-23,-68,18,-79,97,75,31,69,61,-31,8,-38,-76,100,-45,-91,8,-42,-31,-1,
-12,-22,-72,21,-82,99,77,38,69,62,-35,7,-37,-76,99,-47,-95,11,-47,-28,-1,
-8,-29,-68,21,-86,97,77,34,66,64,-34,10,-39,-74,103,-47,-91,11,-48,-28,-1,
-2,-70,97,28,15,42,7,48,-92,-85,35,75,-49,-95,76,-94,64,-80,-16,79,1,
-8,-27,-72,25,-80,98,81,33,69,61,-37,7,-42,-76,100,-42,-92,12,-46,-29,-1,
-14,-26,-70,24,-83,93,77,30,65,61,-34,6,-42,-76,96,-46,-97,10,-48,-30,-1,
-9,-24,-73,22,-83,94,77,37,67,61,-37,11,-39,-78,99,-49,-86,9,-46,-26,-1,
-9,-24,-72,20,-81,97,75,32,67,57,-33,3,-37,-75,98,-47,-94,10,-49,-29,-1,
-3,-74,92,29,16,39,7,45,-91,-92,41,76,-57,-92,71,-97,63,-82,-17,76,1,
-1,-70,92,28,17,39,18,48,-92,-88,42,79,-54,-95,74,-95,65,-82,-14,75,1,
-12,-21,-73,21,-81,95,76,36,65,61,-34,5,-42,-74,97,-46,-93,10,-45,-28,-1,
-2,-70,95,30,17,42,14,48,-93,-86,39,78,-53,-95,78,-96,66,-82,-16,81,1,
-4,-69,94,31,15,42,12,49,-92,-81,39,74,-53,-92,77,-95,62,-80,-16,84,1,
-8,-26,-73,21,-84,97,73,37,65,58,-34,7,-43,-78,101,-53,-93,9,-44,-31,-1,
-8,-70,97,30,15,40,7,47,-93,-95,40,76,-55,-92,72,-95,60,-83,-17,77,1,
0,-71,95,29,17,36,10,48,-91,-90,39,75,-54,-96,75,-94,62,-81,-14,79,1,
-2,-69,97,29,19,40,7,46,-92,-92,40,78,-56,-92,73,-96,63,-82,-16,81,1,
-10,-24,-74,19,-79,97,77,30,68,63,-36,6,-42,-75,97,-48,-96,10,-45,-31,-1,
0,-67,97,29,17,42,7,49,-88,-87,37,74,-50,-90,75,-93,59,-80,-14,84,1,
-13,-31,-71,15,-82,94,77,25,65,58,-35,5,-46,-78,95,-47,-97,8,-48,-32,-1,
-9,-18,-70,17,-80,99,76,39,68,62,-34,10,-41,-76,100,-47,-94,11,-43,-29,-1,
-5,-70,92,29,13,40,8,45,-95,-89,34,79,-56,-96,74,-98,69,-83,-16,77,1,
-3,-72,97,26,15,44,6,48,-96,-85,35,75,-50,-95,73,-97,67,-81,-16,79,1,
-3,-73,94,26,17,41,11,49,-93,-88,44,79,-53,-96,77,-95,64,-80,-15,81,1,
-5,-72,95,29,16,37,14,47,-92,-89,40,76,-53,-93,73,-94,63,-80,-17,78,1,
0,-68,94,32,14,43,7,46,-94,-88,36,78,-54,-95,78,-97,60,-80,-14,79,1,
-11,-27,-75,21,-81,95,76,39,65,61,-36,6,-39,-76,99,-48,-95,8,-48,-30,-1,
-13,-23,-75,23,-83,96,79,35,66,59,-35,4,-42,-78,100,-50,-93,10,-47,-31,-1,
-10,-29,-69,19,-84,94,75,28,66,58,-33,4,-41,-78,101,-53,-88,10,-50,-31,-1,
-5,-73,94,31,13,40,9,45,-96,-87,34,76,-51,-98,76,-96,61,-80,-18,75,1,
-9,-24,-73,20,-80,97,80,35,66,61,-33,5,-42,-72,98,-48,-90,13,-43,-26,-1,
-19,-22,-71,23,-81,91,81,32,65,58,-37,8,-42,-77,98,-50,-90,9,-50,-27,-1,
-14,-23,-71,21,-82,93,78,30,67,58,-33,7,-40,-76,101,-44,-94,9,-46,-28,-1,
-6,-69,93,24,13,40,6,46,-94,-89,37,77,-52,-98,73,-97,64,-83,-15,77,1,
-12,-22,-70,27,-83,95,79,34,67,59,-30,9,-34,-75,100,-46,-90,9,-45,-24,-1,
-2,-71,94,30,11,42,9,44,-92,-88,38,68,-52,-94,76,-93,59,-80,-16,81,1,
-5,-69,94,25,14,39,6,47,-92,-89,38,74,-53,-94,75,-96,65,-80,-14,77,1,
-10,-29,-73,19,-82,94,81,37,66,60,-35,7,-47,-76,99,-42,-96,10,-44,-32,-1,
-8,-27,-73,20,-88,94,84,34,64,59,-32,5,-43,-75,101,-51,-91,9,-43,-32,-1,
2,-70,96,26,17,41,8,47,-92,-86,40,76,-53,-94,75,-97,62,-79,-15,76,1,
-15,-21,-76,23,-78,99,77,36,67,61,-36,5,-40,-77,98,-47,-93,9,-46,-30,-1,
-3,-66,97,32,15,45,12,46,-96,-88,43,81,-54,-90,74,-95,65,-80,-12,77,1,
-8,-21,-72,20,-78,96,81,37,68,61,-35,8,-40,-74,99,-43,-95,9,-46,-29,-1,
-5,-72,90,25,14,37,12,48,-95,-91,40,75,-54,-96,72,-97,59,-82,-18,80,1,
-4,-73,93,26,17,40,9,49,-92,-89,34,77,-54,-97,79,-99,64,-83,-16,79,1,
-5,-67,93,31,15,39,14,45,-95,-85,37,77,-50,-93,72,-93,62,-78,-13,79,1,
-10,-26,-71,22,-85,96,74,37,66,59,-33,8,-44,-72,98,-45,-95,12,-44,-30,-1,
-9,-23,-68,20,-80,99,81,36,67,63,-36,8,-41,-74,98,-46,-89,11,-44,-28,-1,
-4,-70,98,25,16,39,5,49,-92,-86,40,75,-52,-93,71,-93,61,-79,-15,80,1,
-3,-69,94,26,13,39,11,43,-93,-87,33,79,-53,-98,78,-99,68,-82,-16,74,1,
-11,-22,-73,19,-85,98,75,38,66,60,-36,7,-36,-75,101,-49,-91,9,-47,-26,-1,
-4,-70,98,26,15,37,3,45,-92,-87,34,77,-54,-94,73,-96,66,-81,-19,75,1,
-5,-67,96,31,14,40,13,46,-93,-88,37,81,-51,-89,74,-93,67,-79,-14,74,1,
-4,-69,93,29,15,39,15,48,-94,-85,38,78,-54,-95,74,-95,69,-82,-16,74,1,
-8,-66,97,27,11,43,10,45,-95,-85,38,75,-49,-93,72,-93,58,-79,-16,82,1,
-1,-70,95,32,18,41,10,46,-93,-88,39,78,-55,-93,74,-93,59,-81,-14,75,1,
-12,-25,-73,24,-81,93,79,35,63,63,-40,8,-41,-75,101,-51,-93,10,-52,-27,-1,
-6,-68,96,30,16,44,9,48,-92,-88,39,79,-52,-92,76,-95,63,-82,-15,80,1,
0,-68,96,27,17,42,9,48,-92,-88,40,72,-51,-93,76,-95,64,-80,-14,80,1,
-10,-24,-71,23,-84,97,78,34,67,59,-33,7,-41,-79,99,-50,-90,10,-45,-31,-1,
1,-69,94,29,18,44,13,50,-91,-84,43,75,-51,-90,76,-95,65,-81,-15,86,1,
-3,-70,102,29,17,45,9,44,-93,-87,42,73,-51,-93,77,-94,64,-81,-15,80,1,
-13,-28,-76,21,-85,97,75,30,67,60,-37,8,-40,-79,97,-49,-93,7,-44,-30,-1,
2,-70,97,28,15,42,9,43,-93,-90,38,77,-55,-95,73,-94,58,-80,-13,75,1,
-10,-70,96,24,16,38,10,47,-93,-91,34,77,-53,-96,74,-94,66,-83,-17,76,1,
-3,-69,93,27,16,40,5,49,-92,-83,39,77,-51,-96,75,-96,65,-82,-18,78,1,
-5,-69,93,24,16,40,11,47,-96,-95,43,73,-52,-96,70,-97,64,-82,-14,73,1,
0,-73,98,31,17,45,2,48,-91,-86,40,76,-52,-93,78,-96,72,-80,-12,78,1,
-3,-68,95,32,14,41,16,47,-93,-89,41,82,-52,-92,76,-93,63,-78,-12,78,1,
-8,-22,-70,23,-79,98,78,31,69,63,-34,10,-41,-74,101,-41,-90,11,-45,-29,-1,
-5,-67,93,27,15,41,7,48,-94,-90,38,79,-52,-94,69,-96,64,-82,-14,75,1,
6,-67,97,30,21,42,8,48,-87,-91,38,80,-53,-91,77,-96,63,-81,-11,81,1,
-3,-67,95,30,14,42,9,48,-94,-86,37,78,-51,-96,77,-96,67,-81,-16,74,1,
0,-70,100,30,16,42,12,46,-93,-91,40,75,-52,-91,74,-96,60,-81,-14,73,1,
-8,-28,-72,27,-84,98,77,38,64,59,-32,4,-42,-74,101,-48,-91,14,-45,-29,-1,
-5,-72,95,24,12,44,8,47,-95,-86,37,76,-53,-97,77,-97,59,-81,-16,76,1,
-12,-23,-72,21,-80,94,79,31,68,59,-32,7,-40,-73,101,-45,-96,9,-46,-29,-1,
-7,-68,95,28,14,40,10,45,-95,-82,38,79,-53,-96,75,-95,61,-79,-15,78,1,
-11,-18,-76,19,-82,100,80,38,69,60,-37,7,-38,-75,102,-50,-92,11,-47,-27,-1,
-2,-71,95,27,15,38,8,50,-94,-85,35,79,-54,-93,73,-95,64,-80,-20,77,1,
-4,-66,96,29,16,40,11,47,-93,-86,34,75,-51,-96,77,-94,61,-81,-16,83,1,
-12,-26,-74,24,-80,94,76,35,64,59,-32,3,-43,-81,103,-50,-90,9,-44,-32,-1,
-5,-71,91,31,14,42,13,50,-93,-88,41,78,-54,-95,76,-97,66,-83,-15,77,1,
-8,-71,89,26,14,40,9,47,-95,-86,35,74,-53,-97,73,-98,60,-83,-18,79,1,
-3,-67,94,26,12,39,8,47,-93,-88,35,77,-53,-93,74,-96,61,-81,-17,79,1,
-4,-68,95,31,17,40,10,47,-93,-85,37,78,-54,-91,74,-93,65,-80,-14,79,1,
-1,-72,91,28,13,41,9,47,-95,-90,37,71,-54,-94,72,-97,58,-83,-20,74,1,
0,-70,96,26,17,41,9,46,-93,-87,40,74,-52,-95,75,-98,61,-80,-13,76,1,
-4,-68,92,28,10,37,8,47,-95,-85,35,79,-55,-97,74,-94,63,-79,-18,73,1,
0,-68,92,28,13,41,11,47,-93,-92,43,74,-53,-93,74,-95,64,-79,-15,80,1,
-5,-70,97,25,16,42,11,47,-93,-87,43,72,-53,-92,75,-95,65,-81,-15,79,1,
0,-70,97,28,18,43,10,45,-93,-85,39,74,-53,-94,71,-94,60,-81,-13,75,1,
-10,-26,-76,23,-82,97,74,30,66,61,-34,5,-44,-74,98,-50,-100,11,-47,-33,-1,
-9,-27,-74,20,-82,96,79,31,67,60,-32,6,-42,-76,98,-48,-89,9,-43,-30,-1,
-8,-71,96,33,14,39,7,46,-95,-88,36,75,-51,-95,73,-94,61,-79,-16,75,1,
-15,-27,-75,19,-85,95,77,34,65,58,-32,5,-42,-78,101,-51,-92,8,-44,-32,-1,
-11,-20,-64,25,-78,96,79,37,67,63,-30,8,-42,-67,103,-46,-89,16,-45,-24,-1,
0,-69,97,25,11,43,5,46,-93,-89,36,73,-50,-96,74,-93,60,-81,-18,74,1,
-7,-22,-73,25,-85,97,74,38,67,57,-32,9,-40,-75,102,-47,-92,13,-46,-26,-1,
-4,-67,97,26,16,40,8,49,-94,-90,38,80,-53,-92,72,-93,63,-81,-16,75,1,
-3,-68,98,29,18,40,13,49,-92,-84,45,79,-52,-93,76,-93,67,-79,-12,78,1,
-2,-67,93,24,15,38,8,47,-94,-90,33,76,-52,-96,69,-95,62,-81,-18,78,1,
-2,-72,101,27,17,42,12,45,-93,-92,37,74,-53,-94,72,-96,65,-85,-18,73,1,
-12,-29,-70,26,-83,95,76,32,68,59,-30,8,-40,-75,99,-44,-92,11,-45,-29,-1,
-4,-71,96,29,15,41,10,47,-92,-94,40,72,-54,-93,75,-97,63,-82,-15,82,1,
-7,-70,96,26,16,37,5,48,-95,-93,42,76,-53,-96,72,-97,64,-81,-16,81,1,
-12,-28,-73,18,-81,100,76,37,67,63,-39,6,-38,-80,102,-49,-92,11,-47,-27,-1,
-11,-30,-69,26,-81,91,78,33,66,60,-28,9,-41,-73,101,-46,-93,9,-45,-28,-1,
-13,-21,-69,19,-81,94,78,35,69,60,-33,7,-39,-74,100,-46,-89,11,-46,-26,-1,
-15,-21,-71,22,-80,94,80,32,67,60,-35,5,-41,-76,96,-47,-93,9,-46,-29,-1,
-3,-70,96,28,19,43,7,47,-92,-84,33,75,-55,-94,77,-98,66,-83,-16,83,1,
-12,-24,-71,22,-78,94,75,36,65,59,-31,3,-41,-79,97,-47,-96,8,-46,-31,-1,
-6,-66,96,29,14,41,15,46,-91,-89,41,81,-53,-90,75,-93,62,-82,-15,80,1,
-13,-21,-69,22,-79,93,76,34,67,58,-27,6,-42,-72,99,-47,-93,11,-46,-30,-1,
-12,-24,-73,17,-84,97,75,32,65,61,-38,6,-44,-74,93,-50,-93,10,-46,-28,-1,
-17,-27,-70,20,-82,94,78,29,65,61,-35,6,-44,-75,95,-49,-95,9,-46,-31,-1,
-6,-27,-72,19,-81,95,77,39,67,57,-33,2,-41,-77,99,-49,-94,10,-47,-31,-1,
-4,-69,89,25,16,35,9,47,-92,-92,39,77,-55,-95,68,-93,57,-83,-18,74,1,
-8,-27,-70,23,-88,98,77,35,67,59,-33,7,-38,-75,103,-45,-94,12,-45,-27,-1,
3,-69,94,31,16,45,14,45,-91,-87,40,75,-49,-92,76,-95,67,-81,-11,73,1,
-9,-23,-69,20,-79,97,79,35,68,61,-30,6,-43,-72,97,-45,-92,11,-43,-29,-1,
-6,-69,96,25,15,39,7,47,-94,-89,34,76,-54,-95,72,-97,65,-83,-18,76,1,
0,-69,97,27,17,41,6,47,-94,-88,38,74,-53,-95,72,-95,67,-81,-16,81,1,
-11,-27,-69,21,-83,98,81,30,68,59,-28,6,-39,-73,106,-46,-94,10,-45,-30,-1,
-13,-26,-74,24,-80,93,79,34,65,60,-37,8,-41,-81,98,-49,-89,8,-46,-29,-1,
-2,-72,97,28,17,43,9,47,-93,-89,40,72,-55,-93,75,-95,64,-83,-14,76,1,
-3,-70,96,29,16,40,8,47,-94,-90,41,74,-56,-90,71,-95,62,-79,-15,83,1,
-14,-29,-67,21,-80,93,74,37,65,58,-31,4,-41,-78,97,-53,-93,9,-48,-31,-1,
-3,-68,96,30,19,42,12,50,-91,-85,46,78,-54,-88,77,-94,65,-82,-15,80,1,
-8,-70,92,23,13,40,6,44,-94,-90,38,71,-55,-95,72,-96,64,-83,-20,79,1,
-11,-27,-70,20,-85,93,73,38,64,58,-36,4,-42,-80,97,-50,-93,9,-46,-31,-1,
0,-68,97,29,18,37,10,48,-96,-88,40,77,-56,-97,74,-94,61,-80,-16,78,1,
-5,-72,100,27,17,41,5,47,-92,-89,34,73,-53,-92,72,-94,63,-85,-21,77,1,
-1,-69,94,28,16,40,7,49,-92,-90,37,77,-53,-94,72,-95,66,-82,-15,77,1,
-15,-20,-72,17,-80,95,75,32,66,57,-34,6,-39,-78,104,-48,-96,8,-49,-30,-1,
-1,-69,97,28,16,39,6,48,-94,-86,37,78,-52,-92,74,-95,63,-78,-17,83,1,
-14,-23,-72,22,-79,94,79,34,64,60,-33,7,-42,-79,102,-49,-94,9,-47,-29,-1,
-15,-26,-69,25,-84,95,75,33,67,56,-31,7,-38,-78,102,-46,-91,9,-47,-30,-1,
1,-73,95,27,15,42,7,48,-92,-85,38,72,-52,-93,73,-97,69,-81,-18,75,1,
-2,-69,93,27,13,40,0,47,-91,-89,40,71,-57,-93,75,-96,61,-82,-16,74,1,
-6,-25,-74,25,-81,95,77,33,67,59,-34,8,-42,-78,97,-47,-90,10,-43,-30,-1,
-15,-22,-74,19,-79,95,74,32,66,62,-35,5,-44,-75,99,-48,-98,10,-47,-31,-1,
-14,-15,-71,21,-77,94,80,36,67,61,-33,6,-42,-74,99,-47,-93,9,-44,-30,-1,
-13,-19,-72,21,-78,99,80,36,72,62,-34,5,-36,-74,100,-46,-93,11,-46,-29,-1,
-7,-23,-75,20,-80,96,77,30,68,58,-33,7,-40,-77,98,-48,-94,9,-46,-31,-1,
-13,-26,-73,20,-84,98,77,30,66,58,-34,6,-42,-79,103,-50,-94,11,-47,-30,-1,
-8,-26,-76,19,-82,99,73,34,68,60,-35,6,-40,-76,99,-52,-91,12,-46,-28,-1,
-3,-70,98,32,17,43,7,46,-91,-94,40,72,-55,-91,75,-94,63,-82,-12,74,1,
-7,-28,-75,21,-77,96,82,32,66,60,-36,8,-46,-77,100,-44,-89,10,-44,-30,-1,
-15,-27,-71,17,-84,93,72,31,65,60,-37,6,-42,-79,98,-51,-92,7,-49,-32,-1,
-2,-68,93,27,12,40,11,49,-94,-88,41,76,-54,-95,73,-95,63,-81,-17,77,1,
-12,-20,-74,24,-82,97,79,39,67,62,-36,7,-37,-80,98,-49,-92,10,-44,-28,-1,
-9,-30,-73,24,-82,94,84,33,65,62,-33,5,-42,-75,100,-51,-91,12,-43,-29,-1,
0,-70,95,31,18,39,11,50,-92,-85,39,75,-55,-95,75,-94,64,-81,-17,77,1,
0,-70,100,29,16,43,5,47,-91,-86,42,77,-53,-91,75,-95,68,-80,-16,81,1,
-10,-25,-75,21,-85,98,79,39,66,61,-36,8,-39,-75,101,-46,-97,10,-47,-29,-1,
-12,-23,-67,23,-80,95,80,33,65,60,-34,1,-43,-79,101,-46,-91,13,-47,-30,-1,
-12,-18,-76,23,-80,99,77,36,70,60,-33,5,-39,-75,98,-45,-98,12,-43,-28,-1,
-13,-26,-74,20,-84,98,74,37,66,59,-35,3,-37,-78,100,-50,-97,10,-50,-31,-1,
-11,-22,-72,22,-80,98,77,38,66,61,-31,5,-40,-75,102,-49,-100,13,-47,-27,-1,
-9,-26,-70,24,-82,96,78,33,68,61,-31,7,-38,-73,99,-47,-97,10,-46,-29,-1,
-14,-26,-73,24,-77,93,86,30,66,60,-33,7,-40,-78,103,-44,-89,10,-45,-25,-1,
-9,-28,-76,16,-82,98,76,34,68,61,-36,8,-44,-78,99,-47,-91,10,-43,-31,-1,
1,-69,97,29,15,40,6,45,-95,-90,39,78,-54,-93,72,-95,65,-80,-16,76,1,
-8,-20,-75,26,-82,98,86,32,67,62,-38,7,-40,-77,98,-47,-92,10,-40,-30,-1,
1,-70,95,28,17,36,8,46,-93,-88,33,74,-55,-96,71,-96,59,-81,-18,76,1,
-12,-19,-75,23,-81,97,77,36,66,61,-38,5,-43,-79,98,-50,-97,11,-46,-32,-1,
-6,-21,-75,23,-84,99,74,35,68,61,-36,10,-42,-78,103,-48,-92,11,-41,-31,-1,
-12,-25,-72,26,-85,98,77,38,66,62,-37,7,-40,-76,100,-50,-87,11,-45,-29,-1,
-13,-22,-73,25,-80,98,82,35,67,62,-34,7,-39,-74,104,-47,-94,13,-46,-27,-1,
0,-67,95,30,15,41,12,44,-95,-85,37,74,-56,-91,73,-95,61,-80,-18,81,1,
-10,-24,-71,20,-83,93,71,29,65,56,-36,8,-46,-78,98,-47,-91,11,-51,-31,-1,
-1,-73,96,25,13,41,9,46,-95,-90,36,76,-54,-96,69,-97,57,-81,-17,77,1,
-10,-27,-76,25,-83,96,77,31,65,57,-33,5,-43,-79,103,-51,-93,11,-44,-30,-1,
-3,-70,94,26,15,41,10,47,-95,-88,38,71,-52,-95,73,-96,68,-81,-18,77,1,
-10,-24,-72,18,-82,97,75,34,66,62,-38,6,-41,-78,98,-47,-95,10,-46,-29,-1,
-8,-70,95,32,16,42,8,50,-91,-86,42,76,-52,-92,77,-93,64,-81,-15,83,1,
-12,-22,-71,22,-80,97,73,30,69,59,-29,7,-39,-75,102,-46,-95,10,-46,-29,-1,
-4,-69,93,30,17,38,16,49,-96,-89,46,76,-54,-91,69,-94,70,-79,-15,78,1,
-7,-24,-74,19,-81,95,75,39,67,58,-33,5,-40,-74,98,-48,-96,9,-47,-32,-1,
-13,-23,-70,22,-85,94,76,36,64,60,-38,9,-42,-77,100,-47,-92,10,-48,-27,-1,
-2,-71,94,27,13,36,11,47,-97,-91,39,78,-58,-96,73,-95,66,-78,-15,78,1,
-12,-26,-78,23,-80,94,74,30,66,58,-36,7,-44,-78,96,-51,-91,8,-47,-33,-1,
-8,-23,-69,25,-83,98,78,38,66,58,-32,4,-38,-72,101,-48,-93,13,-49,-28,-1,
2,-67,97,24,20,38,13,48,-93,-90,38,76,-54,-95,73,-96,64,-83,-15,74,1,
-7,-72,89,24,10,41,8,43,-96,-93,35,76,-55,-97,72,-98,58,-85,-20,71,1,
-5,-66,95,24,16,41,8,44,-95,-89,39,73,-58,-94,74,-98,65,-83,-15,78,1,
-10,-25,-73,24,-82,100,82,37,67,60,-32,7,-36,-76,103,-48,-91,10,-44,-28,-1,
-2,-72,91,25,13,40,7,48,-93,-91,40,72,-50,-94,68,-93,65,-80,-18,77,1,
-11,-27,-74,26,-84,96,75,29,65,59,-37,7,-43,-79,99,-46,-91,9,-47,-31,-1,
-8,-26,-70,21,-79,97,81,38,68,60,-31,5,-41,-75,99,-48,-91,11,-44,-30,-1,
-11,-17,-73,17,-82,94,77,39,65,59,-39,7,-42,-75,103,-51,-90,10,-45,-25,-1,
-1,-67,90,29,14,41,9,48,-94,-87,37,76,-53,-94,73,-93,60,-81,-15,76,1,
-3,-66,92,34,14,42,8,48,-95,-84,39,77,-51,-91,73,-94,61,-79,-12,79,1,
-13,-21,-70,24,-78,98,75,37,70,59,-31,6,-39,-76,99,-44,-93,13,-43,-27,-1,
-7,-71,92,27,13,39,11,44,-94,-93,34,71,-53,-93,70,-96,61,-81,-18,79,1,
-14,-26,-75,21,-86,98,76,31,67,61,-38,8,-41,-80,97,-50,-94,8,-44,-32,-1,
-7,-70,94,28,16,40,8,45,-92,-91,38,75,-53,-93,72,-96,66,-82,-16,78,1,
-10,-25,-73,26,-84,96,76,34,67,59,-35,5,-37,-77,101,-48,-91,11,-50,-29,-1,
-4,-70,99,30,13,41,7,46,-91,-90,36,77,-54,-94,80,-95,63,-81,-17,80,1,
-15,-25,-69,21,-83,97,78,33,67,58,-32,4,-39,-76,97,-45,-97,9,-48,-30,-1,
-1,-69,96,28,17,43,6,49,-90,-88,41,78,-52,-94,76,-95,64,-82,-13,80,1,
-1,-70,92,29,15,40,10,44,-92,-89,36,78,-52,-98,77,-96,55,-80,-14,78,1,
0,-69,97,28,18,40,8,50,-93,-85,42,78,-53,-93,72,-94,66,-80,-15,79,1,
-9,-75,94,29,14,41,7,43,-94,-91,35,74,-55,-95,72,-97,64,-84,-19,73,1,
-4,-70,91,26,15,38,13,45,-95,-88,39,74,-55,-97,73,-97,62,-82,-16,77,1,
-7,-70,99,30,16,38,12,49,-94,-85,37,80,-57,-91,75,-94,64,-80,-19,80,1,
-10,-24,-73,22,-81,98,79,39,68,61,-35,8,-40,-73,100,-45,-92,11,-46,-29,-1,
-16,-29,-76,17,-87,97,72,32,65,59,-38,1,-42,-81,96,-52,-95,8,-46,-34,-1,
-3,-68,96,27,19,38,8,49,-92,-91,39,80,-55,-94,74,-96,68,-82,-16,82,1,
-11,-18,-71,21,-81,99,81,37,67,62,-35,9,-40,-75,101,-51,-90,10,-42,-28,-1,
0,-69,94,28,17,40,10,46,-95,-89,35,76,-55,-94,73,-98,65,-82,-17,79,1,
0,-71,93,29,15,40,4,48,-94,-89,36,76,-51,-98,76,-96,67,-81,-18,78,1,
-5,-70,96,30,14,40,8,46,-94,-92,35,76,-53,-97,75,-96,58,-81,-20,79,1,
-20,-27,-77,18,-83,94,83,30,66,57,-36,6,-42,-78,99,-48,-91,5,-47,-32,-1,
-10,-29,-72,19,-85,98,76,32,66,60,-36,4,-43,-77,101,-49,-94,11,-46,-33,-1,
-2,-66,95,28,18,41,8,50,-92,-89,37,81,-53,-94,74,-94,68,-82,-16,80,1,
-8,-66,97,27,13,37,10,48,-91,-87,41,78,-57,-94,80,-96,61,-82,-16,76,1,
-1,-73,99,29,16,42,8,47,-93,-88,40,73,-53,-93,71,-94,58,-80,-16,78,1,
-2,-70,93,32,12,40,4,49,-91,-84,34,79,-53,-98,82,-96,66,-79,-16,80,1,
-4,-69,98,30,14,41,8,44,-94,-87,31,76,-55,-95,76,-97,58,-81,-15,75,1,
-5,-67,93,31,13,41,9,45,-93,-88,35,74,-55,-93,76,-97,64,-81,-17,78,1,
-9,-23,-74,18,-82,94,78,35,65,57,-36,7,-44,-80,102,-51,-92,9,-44,-29,-1,
-3,-68,98,27,17,41,8,47,-92,-87,41,75,-53,-96,75,-95,66,-83,-17,79,1,
-13,-26,-70,21,-85,96,72,38,66,61,-34,5,-41,-76,103,-50,-92,13,-48,-29,-1,
-9,-72,91,26,10,36,7,45,-94,-94,38,73,-53,-98,72,-95,54,-83,-20,75,1,
-6,-70,95,28,14,40,12,48,-94,-84,40,77,-53,-92,72,-96,62,-81,-16,77,1,
-8,-23,-67,20,-84,98,78,35,65,61,-33,5,-43,-75,102,-50,-95,13,-45,-30,-1,
-4,-74,92,27,15,41,8,46,-95,-90,38,73,-52,-96,71,-96,64,-81,-16,76,1,
-4,-68,91,23,14,38,11,48,-94,-89,41,76,-54,-97,72,-96,62,-82,-16,80,1,
-15,-25,-76,19,-82,94,77,33,64,58,-38,5,-47,-78,95,-47,-96,9,-48,-31,-1,
-16,-27,-74,24,-85,98,73,35,66,58,-34,3,-39,-80,98,-49,-94,9,-45,-31,-1,
-4,-67,92,27,17,39,2,48,-93,-91,34,75,-49,-95,71,-93,67,-81,-15,81,1,
1,-68,101,27,15,44,10,46,-92,-93,46,76,-55,-90,73,-96,62,-81,-12,74,1,
-16,-25,-72,17,-82,97,74,32,67,59,-31,4,-40,-77,98,-47,-96,8,-45,-32,-1,
6,-68,95,32,19,42,14,49,-91,-86,41,77,-49,-94,75,-93,63,-80,-12,78,1,
-13,-20,-73,20,-81,96,76,34,68,60,-35,9,-40,-80,101,-46,-91,9,-42,-29,-1,
-7,-27,-70,18,-81,99,76,41,63,61,-36,4,-40,-75,104,-51,-91,12,-49,-26,-1,
-12,-25,-69,21,-76,95,78,35,66,62,-32,6,-38,-76,103,-49,-88,10,-49,-28,-1,
-14,-24,-74,23,-79,95,76,35,68,60,-34,7,-38,-76,101,-48,-92,8,-47,-30,-1,
-9,-30,-72,21,-83,97,78,33,66,57,-35,4,-39,-80,99,-45,-96,10,-49,-30,-1,
-4,-71,96,25,21,40,2,48,-95,-83,35,74,-53,-97,74,-98,67,-82,-16,78,1,
-8,-28,-71,21,-86,94,76,30,63,58,-36,6,-48,-77,101,-54,-93,9,-48,-34,-1,
-2,-71,91,27,14,38,8,45,-93,-86,33,73,-53,-98,74,-95,61,-81,-17,81,1,
-11,-23,-71,23,-81,96,79,35,69,60,-34,8,-38,-77,103,-48,-87,11,-46,-28,-1,
-4,-72,95,29,14,40,7,47,-93,-90,40,74,-54,-91,73,-94,65,-80,-17,79,1,
-2,-69,91,30,14,39,4,47,-91,-88,35,80,-54,-96,77,-96,62,-83,-15,71,1,
-11,-26,-75,21,-78,91,79,33,65,59,-31,6,-45,-75,101,-47,-90,10,-46,-29,-1,
-5,-70,98,27,18,38,7,46,-95,-90,38,77,-55,-94,69,-94,58,-82,-16,75,1,
-8,-69,96,28,14,38,10,47,-95,-90,40,72,-53,-97,74,-95,57,-83,-18,79,1,
-15,-17,-70,20,-81,95,78,34,67,62,-34,7,-38,-75,99,-49,-93,9,-46,-28,-1,
-12,-24,-71,20,-83,100,77,37,69,60,-36,8,-38,-79,100,-46,-94,9,-44,-29,-1,
-11,-18,-68,23,-81,98,77,40,69,59,-32,7,-42,-73,97,-44,-91,13,-44,-28,-1,
-12,-24,-72,19,-83,97,77,30,67,61,-37,7,-41,-75,100,-50,-92,8,-46,-32,-1,
-12,-25,-67,17,-83,95,81,29,66,60,-30,4,-40,-75,101,-47,-94,8,-46,-31,-1,
-18,-26,-74,25,-83,94,75,32,65,60,-35,3,-44,-79,99,-50,-94,11,-47,-32,-1,
-4,-69,97,27,18,37,7,48,-96,-86,36,75,-54,-94,72,-97,68,-81,-13,75,1,
-5,-70,96,27,18,40,12,48,-93,-92,38,79,-52,-95,74,-96,69,-84,-15,72,1,
-13,-26,-75,23,-84,96,77,34,66,57,-36,4,-43,-76,94,-47,-98,11,-49,-31,-1,
0,-74,95,25,15,38,7,47,-97,-91,38,75,-55,-96,63,-97,61,-79,-17,77,1,
0,-69,98,29,14,42,11,49,-92,-84,39,77,-52,-94,77,-94,60,-82,-17,76,1,
-4,-69,95,29,17,41,14,49,-94,-87,40,77,-50,-91,71,-92,63,-78,-11,80,1,
-7,-71,94,24,13,39,7,47,-95,-91,36,76,-55,-95,74,-97,60,-82,-16,78,1,
-10,-20,-72,22,-78,97,81,37,68,58,-34,8,-42,-71,97,-45,-92,8,-45,-30,-1,
-12,-25,-75,24,-84,94,75,34,65,58,-35,5,-41,-75,96,-48,-98,11,-50,-30,-1,
-14,-28,-73,22,-86,90,79,32,64,58,-34,4,-42,-76,98,-47,-93,8,-49,-29,-1,
-1,-71,102,27,13,41,7,46,-94,-87,43,73,-53,-94,75,-95,60,-80,-17,77,1,
-1,-71,94,31,15,39,9,47,-95,-90,36,77,-54,-93,69,-93,62,-80,-16,76,1,
-4,-71,90,25,11,42,6,48,-97,-90,38,71,-51,-95,69,-97,59,-81,-17,77,1,
1,-73,91,27,14,40,6,46,-98,-89,36,77,-56,-97,69,-97,58,-81,-15,75,1,
-16,-25,-75,19,-80,97,79,35,66,59,-32,3,-40,-79,101,-45,-92,10,-44,-28,-1,
-7,-73,97,27,14,37,6,47,-96,-90,36,72,-55,-95,69,-95,62,-79,-19,82,1,
-10,-26,-71,23,-81,97,78,38,64,62,-35,6,-41,-78,102,-47,-92,11,-44,-29,-1,
-12,-26,-70,24,-83,96,75,33,69,61,-35,8,-37,-77,99,-45,-92,10,-47,-29,-1,
-2,-69,94,29,18,39,8,48,-93,-89,35,71,-49,-92,70,-93,62,-80,-16,78,1,
-10,-24,-78,25,-77,97,75,37,65,60,-36,5,-40,-77,97,-47,-93,9,-46,-29,-1,
-9,-23,-76,21,-84,99,75,37,66,57,-35,5,-37,-74,101,-49,-91,10,-48,-26,-1,
-12,-20,-73,20,-81,99,78,38,66,63,-36,3,-40,-79,101,-50,-93,11,-42,-30,-1,
-14,-21,-75,27,-82,97,77,36,66,61,-35,4,-38,-77,102,-48,-93,10,-48,-30,-1,
-12,-23,-75,21,-82,96,77,34,66,58,-34,5,-43,-80,102,-48,-95,9,-43,-32,-1,
0,-72,93,31,17,40,11,48,-93,-88,39,73,-49,-95,72,-94,67,-78,-15,78,1,
0,-71,96,27,16,40,7,50,-92,-85,38,73,-51,-97,75,-96,66,-81,-17,78,1,
-3,-67,96,28,15,41,12,47,-95,-89,40,75,-55,-93,75,-95,62,-80,-16,81,1,
-6,-75,91,24,13,38,8,48,-97,-84,39,75,-53,-100,71,-98,63,-82,-19,74,1,
0,-74,90,32,15,41,2,47,-95,-92,39,70,-52,-94,70,-94,63,-79,-15,78,1,
-5,-69,99,27,16,41,9,45,-96,-87,38,76,-52,-97,74,-95,67,-80,-13,74,1,
-10,-24,-70,21,-83,96,83,36,66,58,-34,9,-44,-75,101,-42,-95,11,-43,-28,-1,
-12,-23,-69,23,-82,99,81,38,68,63,-35,10,-37,-76,101,-46,-89,11,-45,-27,-1,
-7,-70,92,30,13,39,10,48,-96,-88,39,75,-53,-97,74,-94,64,-80,-18,78,1,
-9,-24,-76,26,-82,95,77,38,66,58,-36,9,-41,-80,102,-48,-87,10,-45,-29,-1,
-5,-72,92,29,13,41,7,49,-94,-88,42,77,-51,-95,75,-95,64,-80,-17,80,1,
-14,-20,-74,21,-88,100,73,42,66,59,-34,6,-37,-79,104,-51,-96,11,-46,-28,-1,
0,-71,98,27,15,39,11,48,-90,-88,35,72,-50,-95,77,-95,64,-82,-18,73,1,
-12,-25,-73,23,-83,95,75,38,65,60,-38,8,-41,-80,101,-53,-91,9,-48,-28,-1,
-5,-69,97,28,16,36,11,44,-93,-93,38,78,-56,-94,74,-95,69,-81,-17,78,1,
-13,-17,-73,22,-79,95,80,41,68,60,-31,8,-35,-76,101,-48,-90,8,-45,-27,-1,
-11,-24,-75,21,-83,95,79,37,65,60,-34,5,-40,-75,103,-54,-89,11,-47,-28,-1,
-7,-24,-67,22,-82,95,80,31,67,60,-34,9,-42,-77,101,-46,-93,11,-46,-29,-1,
-10,-22,-72,22,-83,98,80,32,68,61,-33,7,-43,-71,100,-45,-92,13,-43,-27,-1,
-1,-68,94,30,16,41,12,45,-93,-88,41,70,-53,-93,72,-95,64,-78,-14,79,1,
-13,-25,-71,20,-78,96,81,38,67,62,-33,8,-43,-75,101,-46,-91,11,-44,-27,-1,
-15,-29,-73,27,-82,97,77,34,64,63,-37,6,-41,-76,101,-44,-95,9,-48,-30,-1,
-2,-69,98,30,18,39,9,49,-91,-88,37,79,-53,-91,73,-94,60,-80,-14,81,1,
-5,-72,99,26,17,39,10,47,-93,-93,39,78,-59,-92,72,-98,65,-85,-18,76,1,
-9,-21,-69,22,-82,95,79,36,66,58,-33,4,-42,-75,101,-47,-94,13,-44,-28,-1,
1,-71,96,31,18,42,6,46,-91,-92,37,76,-54,-91,69,-93,62,-82,-14,78,1,
0,-73,92,26,13,40,4,44,-93,-95,38,76,-58,-98,75,-98,59,-84,-18,72,1,
-5,-70,87,30,15,42,12,48,-91,-87,42,75,-50,-93,75,-93,61,-80,-15,84,1,
-9,-24,-73,21,-84,99,75,36,67,62,-39,6,-39,-76,100,-49,-94,11,-49,-30,-1,
-11,-29,-72,22,-88,91,77,29,65,56,-33,7,-43,-77,99,-50,-94,8,-47,-31,-1,
-14,-25,-74,18,-80,95,71,29,68,57,-32,9,-43,-79,98,-50,-92,7,-43,-31,-1,
0,-70,95,25,17,40,9,48,-94,-89,35,75,-54,-95,72,-95,62,-82,-18,79,1,
-2,-67,90,32,15,43,10,48,-91,-85,39,80,-51,-93,77,-95,67,-81,-15,79,1,
-2,-67,95,28,17,44,8,49,-94,-84,39,79,-50,-94,73,-94,69,-81,-13,79,1,
-10,-26,-68,21,-85,96,78,33,64,62,-41,8,-44,-79,100,-46,-91,11,-47,-28,-1,
-3,-69,94,23,17,39,7,48,-93,-84,38,79,-54,-95,74,-97,65,-80,-12,76,1,
-1,-71,99,26,19,41,9,48,-91,-91,33,79,-55,-92,75,-97,64,-83,-16,82,1,
-7,-69,99,31,16,41,11,47,-94,-88,37,76,-53,-94,78,-96,63,-83,-17,75,1,
0,-67,98,33,14,42,11,50,-92,-85,39,82,-52,-90,75,-92,66,-80,-16,77,1,
-10,-22,-69,28,-87,99,80,34,68,61,-29,9,-39,-75,104,-47,-90,12,-39,-28,-1,
-5,-25,-75,22,-82,97,74,32,66,58,-35,5,-41,-78,99,-51,-90,10,-47,-31,-1,
-15,-24,-78,22,-82,91,80,28,66,56,-35,6,-44,-79,95,-48,-92,7,-45,-30,-1,
-12,-22,-75,17,-79,97,80,33,67,62,-37,2,-42,-72,99,-52,-95,10,-48,-31,-1,
-6,-68,92,30,16,38,12,47,-93,-89,35,70,-50,-93,70,-94,60,-82,-19,80,1,
-17,-25,-79,24,-82,95,80,33,67,57,-33,1,-38,-79,100,-48,-94,7,-47,-31,-1,
-6,-31,-76,18,-84,98,77,34,66,61,-37,9,-40,-80,102,-51,-92,7,-43,-30,-1,
-13,-23,-73,16,-83,94,73,33,67,58,-31,7,-43,-75,101,-51,-95,11,-47,-29,-1,
-9,-72,91,24,13,40,9,45,-95,-88,36,74,-53,-98,73,-95,58,-84,-16,75,1,
-10,-20,-73,27,-80,96,79,37,67,59,-32,6,-44,-71,98,-41,-94,14,-47,-29,-1,
-16,-21,-68,21,-80,93,76,31,67,58,-32,8,-41,-72,100,-43,-93,10,-49,-26,-1,
-12,-23,-70,24,-81,96,80,32,67,60,-32,6,-40,-75,103,-52,-92,11,-46,-29,-1,
-15,-25,-72,23,-86,94,77,36,64,61,-38,8,-46,-76,98,-51,-93,12,-46,-30,-1,
-9,-28,-71,22,-86,98,73,35,65,61,-34,4,-38,-82,104,-50,-91,11,-47,-30,-1,
-13,-22,-76,21,-80,97,75,35,66,60,-35,4,-41,-77,98,-46,-98,10,-47,-30,-1,
-12,-24,-73,22,-80,95,77,33,66,58,-34,6,-39,-79,98,-50,-90,8,-49,-29,-1,
-5,-72,95,28,17,42,8,47,-95,-87,38,74,-50,-97,71,-95,66,-83,-17,77,1,
-7,-69,96,31,14,36,10,46,-94,-91,37,76,-56,-92,72,-93,62,-80,-19,75,1,
-1,-70,96,29,14,39,7,49,-92,-92,39,78,-55,-94,73,-93,62,-79,-15,83,1,
-11,-25,-73,23,-83,95,80,28,68,58,-34,7,-42,-75,98,-45,-96,9,-45,-31,-1,
-10,-22,-72,25,-81,100,75,35,69,62,-34,5,-39,-71,96,-45,-95,14,-48,-29,-1,
-3,-64,94,31,14,42,8,49,-93,-86,41,77,-53,-91,76,-91,62,-80,-13,82,1,
-7,-66,93,30,10,42,9,46,-95,-88,36,74,-50,-92,73,-94,62,-79,-17,77,1,
-2,-67,99,29,13,43,11,46,-93,-87,40,76,-56,-91,77,-95,64,-81,-15,79,1,
-14,-29,-69,23,-83,95,80,28,65,60,-34,5,-42,-78,99,-48,-94,9,-47,-32,-1,
-12,-23,-72,22,-79,95,79,34,67,64,-35,7,-41,-75,101,-49,-95,11,-46,-29,-1,
-10,-29,-73,21,-82,95,78,30,66,58,-33,7,-41,-76,96,-46,-89,8,-47,-29,-1,
-17,-28,-72,20,-89,94,76,31,65,56,-34,6,-44,-80,102,-51,-89,8,-47,-33,-1,
-8,-20,-66,22,-82,96,79,35,66,58,-31,5,-40,-74,102,-43,-92,12,-48,-28,-1,
-15,-22,-73,19,-85,97,75,37,67,59,-35,6,-38,-73,96,-48,-93,10,-50,-28,-1,
-12,-19,-75,24,-87,96,76,39,66,59,-36,7,-42,-75,101,-51,-92,11,-46,-30,-1,
-5,-70,95,27,16,39,12,45,-96,-86,36,76,-54,-94,69,-96,59,-82,-18,77,1,
-16,-20,-78,24,-86,97,76,31,67,57,-39,5,-40,-79,97,-47,-93,7,-47,-32,-1,
-13,-23,-71,18,-85,93,74,28,65,58,-31,8,-44,-74,98,-48,-94,9,-44,-29,-1,
-7,-68,96,31,16,44,10,49,-94,-88,46,73,-50,-93,74,-92,63,-81,-15,85,1,
0,-69,94,27,14,44,7,47,-95,-90,40,74,-55,-91,70,-95,61,-81,-15,75,1,
-13,-30,-72,15,-80,96,77,32,64,60,-35,6,-45,-76,99,-49,-95,9,-44,-29,-1,
-12,-24,-71,21,-80,97,78,37,68,61,-31,8,-40,-74,103,-44,-99,11,-47,-29,-1,
-7,-70,94,29,14,40,11,46,-95,-89,37,79,-52,-97,74,-96,61,-82,-15,69,1,
-4,-72,98,28,16,39,10,45,-93,-90,35,75,-52,-94,74,-96,63,-80,-15,76,1,
-2,-67,94,29,16,42,11,48,-91,-87,41,73,-50,-96,79,-96,67,-82,-16,79,1,
-9,-70,97,26,19,41,3,48,-93,-87,34,74,-52,-96,76,-96,69,-82,-15,82,1,
-10,-23,-71,22,-81,98,79,33,68,61,-32,8,-38,-75,100,-44,-93,9,-43,-29,-1,
-13,-23,-74,22,-76,97,80,39,67,60,-32,5,-40,-77,101,-45,-95,11,-44,-26,-1,
-5,-68,90,29,13,43,5,47,-94,-92,38,72,-54,-91,71,-95,59,-82,-15,76,1,
-12,-24,-73,22,-85,99,76,37,68,59,-34,7,-38,-77,99,-47,-90,10,-45,-28,-1,
-2,-66,91,29,15,41,12,47,-94,-90,43,79,-55,-94,73,-94,63,-81,-13,78,1,
0,-69,96,27,16,40,11,47,-92,-87,40,78,-52,-92,75,-95,66,-80,-15,80,1,
-8,-23,-74,16,-84,98,74,36,67,62,-38,7,-37,-76,97,-50,-93,11,-47,-26,-1,
-1,-70,97,26,14,43,8,47,-92,-86,41,71,-51,-95,72,-94,63,-81,-16,76,1,
-12,-25,-72,25,-82,95,77,35,65,62,-35,7,-39,-78,97,-48,-93,10,-46,-29,-1,
0,-69,99,27,14,41,11,47,-92,-90,41,75,-53,-92,75,-97,65,-80,-16,78,1,
-2,-73,92,27,12,39,12,47,-96,-89,39,78,-56,-97,69,-96,63,-79,-17,76,1,
-4,-70,89,29,11,38,10,44,-97,-91,38,74,-54,-96,70,-94,56,-82,-19,70,1,
-9,-28,-67,18,-82,95,80,30,66,60,-33,6,-42,-75,101,-48,-94,10,-44,-28,-1,
-15,-21,-71,21,-82,94,77,33,66,58,-35,9,-40,-76,97,-45,-91,9,-46,-26,-1,
0,-71,95,26,15,42,11,48,-91,-92,39,76,-49,-95,75,-97,63,-82,-18,76,1,
-13,-22,-75,17,-84,97,74,36,66,60,-36,4,-38,-79,98,-53,-91,10,-46,-27,-1,
-16,-24,-75,24,-79,94,76,32,67,58,-36,8,-40,-81,97,-43,-93,7,-46,-30,-1,
-2,-70,96,28,17,42,5,46,-95,-86,37,73,-53,-93,74,-96,66,-79,-18,83,1,
-11,-19,-72,22,-79,97,82,39,66,62,-35,7,-39,-75,100,-45,-96,10,-45,-27,-1,
-2,-67,94,30,14,39,14,44,-94,-88,43,75,-52,-96,75,-94,60,-79,-15,84,1,
-4,-71,94,30,14,40,8,46,-93,-91,44,73,-53,-97,76,-94,61,-81,-16,76,1,
-3,-68,98,25,16,39,15,44,-95,-88,41,73,-56,-96,76,-95,61,-81,-12,75,1,
-1,-69,100,31,15,42,9,46,-92,-92,42,74,-51,-92,74,-93,63,-78,-14,78,1,
-4,-70,95,27,17,41,10,44,-94,-88,33,74,-50,-92,71,-94,59,-80,-15,75,1,
-14,-24,-70,21,-80,93,74,34,66,57,-33,7,-42,-76,97,-48,-90,9,-48,-29,-1,
-10,-21,-73,19,-82,101,80,35,68,62,-36,6,-39,-75,103,-51,-91,11,-43,-28,-1,
3,-70,96,29,15,41,7,48,-94,-92,41,75,-53,-96,74,-95,60,-81,-17,78,1,
-11,-25,-73,26,-84,94,79,34,66,57,-33,6,-39,-80,104,-47,-91,10,-49,-30,-1,
-4,-72,98,28,17,42,14,46,-90,-89,38,75,-49,-95,78,-98,66,-83,-14,76,1,
-4,-69,95,26,12,42,8,49,-91,-87,41,75,-53,-91,74,-96,63,-82,-16,78,1,
-10,-26,-74,20,-83,100,77,37,66,62,-36,5,-38,-77,101,-52,-96,11,-47,-29,-1,
-1,-67,97,28,15,39,9,47,-93,-88,36,75,-56,-93,73,-96,63,-80,-16,78,1,
-14,-21,-73,19,-79,95,76,27,68,62,-31,8,-41,-74,99,-45,-96,9,-44,-27,-1,
-2,-69,95,29,18,41,11,51,-95,-86,44,76,-51,-93,69,-92,65,-81,-16,79,1,
-5,-69,92,31,11,40,11,43,-94,-90,30,74,-50,-98,77,-97,64,-81,-17,71,1,
1,-69,90,31,15,38,3,48,-94,-87,32,77,-54,-98,72,-95,64,-80,-17,82,1,
2,-69,96,30,16,44,5,51,-91,-87,40,79,-50,-94,75,-92,64,-79,-15,84,1,
-4,-68,100,27,14,38,8,45,-92,-90,38,73,-52,-94,72,-93,65,-80,-16,74,1,
-10,-22,-69,23,-82,98,82,33,67,63,-34,6,-40,-76,103,-50,-90,12,-44,-29,-1,
-5,-73,99,24,17,44,10,48,-93,-87,40,72,-49,-92,71,-96,68,-83,-16,75,1,
-4,-69,94,32,14,42,3,46,-97,-88,38,76,-53,-94,70,-94,65,-79,-13,74,1,
-14,-22,-71,20,-84,95,74,37,64,60,-37,7,-44,-80,101,-50,-91,10,-46,-30,-1,
-7,-27,-69,19,-83,97,75,34,68,58,-38,8,-42,-76,99,-43,-85,9,-47,-32,-1,
-9,-27,-76,19,-84,99,76,35,68,59,-35,3,-40,-75,100,-51,-94,12,-48,-31,-1,
-8,-29,-68,22,-81,95,75,29,65,61,-35,8,-45,-82,104,-51,-89,10,-45,-33,-1,
-3,-70,96,32,13,40,3,45,-93,-85,31,76,-54,-95,77,-95,61,-80,-19,76,1,
-14,-25,-77,20,-85,94,75,29,66,60,-36,8,-41,-77,99,-52,-93,8,-48,-30,-1,
-3,-73,83,28,13,39,15,45,-93,-87,35,75,-50,-96,68,-95,59,-78,-14,79,1,
-13,-25,-70,19,-82,96,79,36,65,58,-34,4,-39,-75,100,-49,-93,9,-49,-28,-1,
-12,-28,-72,17,-82,95,75,36,67,58,-33,8,-42,-76,98,-47,-93,7,-45,-29,-1,
-3,-72,98,23,14,34,6,48,-97,-93,37,74,-56,-97,71,-98,61,-79,-20,76,1,
0,-67,94,25,14,42,9,48,-92,-91,44,76,-54,-91,71,-94,60,-80,-14,74,1,
-5,-70,94,27,13,37,7,45,-95,-87,34,75,-51,-97,70,-95,61,-79,-18,79,1,
-7,-73,96,28,14,39,10,47,-96,-90,40,77,-52,-96,70,-96,66,-80,-16,73,1,
-9,-68,99,27,12,37,8,46,-95,-91,34,77,-54,-96,75,-96,63,-80,-17,75,1,
-10,-21,-71,17,-84,96,75,29,67,61,-35,6,-42,-72,98,-44,-94,10,-46,-29,-1,
-13,-27,-71,22,-84,98,75,38,67,59,-34,3,-37,-76,96,-47,-94,10,-46,-29,-1,
-4,-69,94,28,14,39,9,47,-94,-90,38,73,-53,-97,74,-95,64,-82,-18,83,1,
-12,-23,-70,22,-82,95,76,37,66,59,-32,8,-42,-73,99,-43,-89,11,-48,-28,-1,
-14,-23,-73,22,-80,94,79,31,65,61,-36,5,-42,-77,97,-49,-91,8,-46,-30,-1,
-11,-25,-72,24,-85,97,80,31,65,60,-35,6,-42,-77,103,-49,-93,12,-47,-29,-1,
-8,-24,-71,22,-87,98,73,33,68,57,-37,9,-40,-79,96,-42,-92,9,-44,-29,-1,
-7,-69,93,28,11,44,9,45,-92,-91,42,73,-53,-91,75,-94,64,-81,-16,83,1,
-14,-29,-70,15,-82,95,77,37,65,65,-35,6,-39,-77,101,-48,-93,9,-47,-28,-1,
-14,-27,-74,20,-80,95,78,31,67,63,-34,8,-39,-74,101,-47,-95,8,-46,-28,-1,
-14,-26,-66,21,-79,94,80,30,68,59,-30,7,-41,-73,103,-43,-90,10,-45,-28,-1,
-5,-17,-70,23,-80,100,81,36,70,63,-31,8,-36,-72,101,-43,-91,11,-42,-27,-1,
-4,-23,-73,28,-81,97,81,35,66,61,-35,9,-40,-76,101,-47,-94,11,-44,-28,-1,
-10,-25,-71,26,-87,97,80,40,64,59,-34,5,-40,-79,101,-51,-92,12,-43,-28,-1,
-10,-24,-75,22,-84,99,74,36,65,59,-36,6,-41,-78,101,-50,-98,11,-48,-31,-1,
-4,-69,95,26,13,38,3,46,-92,-84,34,69,-57,-95,77,-95,61,-81,-17,79,1,
-12,-26,-74,19,-83,96,78,35,66,57,-38,6,-41,-77,97,-44,-96,8,-47,-29,-1,
-12,-21,-68,18,-85,96,80,29,68,57,-33,6,-39,-75,99,-46,-92,9,-46,-30,-1,
-11,-24,-72,21,-79,98,77,35,69,60,-31,6,-38,-77,103,-48,-92,12,-44,-28,-1,
-13,-22,-71,19,-83,92,75,30,65,55,-35,9,-45,-78,98,-45,-94,8,-45,-29,-1,
-5,-67,92,29,15,39,10,47,-93,-90,39,74,-54,-94,75,-95,61,-81,-16,80,1,
-11,-34,-71,19,-85,97,75,31,65,61,-36,7,-43,-76,103,-53,-91,10,-47,-30,-1,
-12,-27,-69,25,-80,96,78,30,66,62,-33,7,-40,-78,102,-48,-91,10,-46,-30,-1,
-5,-70,96,26,15,38,5,47,-93,-90,38,75,-56,-95,72,-96,62,-84,-20,76,1,
-1,-68,98,30,13,42,7,47,-96,-93,41,80,-57,-93,75,-94,56,-80,-15,78,1,
-17,-26,-73,23,-82,95,78,35,65,62,-36,5,-40,-77,100,-50,-93,9,-50,-29,-1,
-3,-68,87,27,15,41,8,46,-94,-86,37,78,-57,-95,73,-100,64,-83,-15,74,1,
-12,-26,-76,25,-82,96,81,33,67,62,-35,7,-39,-80,101,-45,-94,8,-45,-30,-1,
-11,-20,-70,22,-82,98,79,39,67,60,-39,6,-40,-78,99,-47,-92,11,-47,-30,-1,
-12,-25,-69,17,-83,96,77,38,66,60,-38,4,-40,-75,101,-46,-93,12,-54,-28,-1,
-7,-23,-68,25,-79,97,77,36,67,64,-33,10,-41,-75,102,-45,-94,13,-42,-27,-1,
-12,-23,-76,20,-84,96,74,34,64,57,-38,2,-42,-79,95,-52,-95,10,-47,-30,-1,
-11,-29,-71,22,-85,97,76,32,66,59,-34,7,-40,-78,102,-50,-91,9,-46,-31,-1,
2,-70,99,29,21,39,7,45,-89,-89,36,70,-52,-92,76,-96,60,-82,-14,76,1,
-11,-23,-71,18,-81,96,76,39,65,62,-35,6,-43,-74,99,-49,-91,11,-45,-29,-1,
-6,-69,93,28,15,42,7,49,-92,-88,39,76,-53,-92,75,-96,65,-84,-17,81,1,
-2,-69,91,29,16,44,10,45,-94,-89,37,75,-50,-95,69,-93,63,-83,-14,70,1,
2,-71,91,31,16,41,8,48,-92,-89,38,78,-55,-92,74,-95,60,-81,-14,77,1,
0,-68,93,27,15,41,6,47,-94,-87,36,76,-52,-96,71,-97,69,-81,-14,74,1,
-2,-67,99,27,13,44,9,48,-94,-91,40,77,-55,-93,76,-94,62,-82,-16,75,1,
-6,-70,97,29,15,40,11,47,-95,-93,37,77,-54,-94,72,-93,59,-81,-16,79,1,
0,-74,91,27,14,42,5,48,-92,-93,37,75,-52,-94,71,-95,60,-81,-14,79,1,
-3,-69,98,27,16,40,8,48,-94,-91,37,77,-53,-93,73,-97,64,-82,-17,75,1,
-10,-17,-72,24,-82,99,81,41,69,63,-31,7,-34,-75,104,-50,-94,12,-44,-28,-1,
0,-68,98,28,12,41,12,46,-93,-86,37,73,-52,-95,74,-96,63,-79,-16,77,1,
-10,-21,-73,25,-82,99,81,31,66,63,-36,7,-40,-72,99,-47,-92,12,-43,-27,-1,
-8,-69,97,28,12,40,14,44,-95,-86,41,73,-52,-96,74,-94,65,-82,-18,72,1,
-1,-68,94,26,11,40,10,43,-93,-92,40,77,-53,-95,74,-96,62,-79,-14,77,1,
-14,-26,-72,27,-82,96,78,35,64,60,-36,6,-45,-76,98,-42,-94,11,-45,-29,-1,
-11,-26,-71,26,-79,97,81,31,68,62,-32,6,-41,-76,100,-46,-92,12,-44,-29,-1,
-5,-72,98,27,18,37,4,43,-91,-91,34,74,-55,-95,75,-98,65,-83,-18,75,1,
-11,-28,-76,20,-85,95,76,34,65,57,-33,5,-41,-77,101,-51,-92,8,-46,-32,-1,
-10,-24,-73,23,-82,95,79,28,68,60,-28,9,-43,-73,96,-47,-92,9,-41,-31,-1,
-11,-27,-70,22,-81,98,76,36,67,63,-37,5,-39,-78,103,-49,-93,12,-50,-29,-1,
-7,-70,91,26,15,37,14,47,-93,-90,34,77,-51,-96,72,-94,64,-81,-18,82,1,
-2,-68,96,29,15,40,5,47,-92,-85,31,76,-52,-94,73,-96,60,-79,-20,81,1,
-12,-17,-69,24,-81,97,77,32,68,60,-34,9,-41,-75,104,-49,-92,12,-46,-28,-1,
-14,-18,-68,23,-82,98,77,34,68,58,-32,8,-39,-77,102,-46,-95,12,-45,-27,-1,
-9,-21,-71,22,-83,98,80,34,70,59,-33,8,-38,-76,98,-45,-90,10,-41,-27,-1,
-7,-67,98,26,15,40,7,48,-93,-87,38,74,-54,-94,76,-94,64,-81,-15,80,1,
-7,-22,-69,23,-82,97,77,29,68,60,-32,9,-43,-76,101,-45,-91,10,-43,-32,-1,
-6,-73,93,24,16,37,13,47,-96,-91,40,71,-52,-96,71,-97,62,-82,-19,80,1,
-7,-70,95,25,13,40,8,46,-93,-93,37,74,-53,-92,71,-96,59,-81,-14,79,1,
0,-71,95,29,13,41,9,48,-91,-88,41,76,-55,-90,77,-96,58,-81,-16,81,1,
-13,-23,-75,22,-85,96,75,30,67,57,-35,5,-34,-78,101,-47,-94,8,-51,-29,-1,
-10,-25,-66,25,-83,98,76,42,64,62,-33,6,-40,-76,99,-45,-93,12,-46,-29,-1,
-2,-69,96,30,16,42,5,49,-94,-89,42,73,-52,-92,74,-95,65,-81,-16,76,1,
0,-69,98,28,17,42,12,47,-91,-86,40,77,-54,-92,77,-94,62,-80,-13,83,1,
0,-70,93,31,17,43,8,47,-96,-87,35,79,-53,-94,74,-97,63,-80,-13,72,1,
-6,-68,97,30,19,45,10,50,-91,-88,48,74,-50,-89,74,-91,66,-82,-13,80,1,
-2,-71,96,28,15,43,5,45,-95,-90,38,74,-54,-93,71,-95,64,-80,-15,76,1,
-7,-67,88,31,15,42,10,44,-93,-87,39,79,-54,-95,74,-95,67,-81,-13,78,1,
-6,-29,-73,22,-83,95,71,39,65,60,-36,8,-44,-76,96,-47,-95,12,-45,-28,-1,
-4,-69,102,31,19,42,14,48,-93,-92,34,78,-52,-92,77,-97,62,-83,-16,76,1,
-10,-25,-73,21,-83,100,78,41,67,63,-34,8,-35,-75,102,-48,-91,10,-45,-25,-1,
-10,-24,-69,21,-82,101,77,41,68,63,-34,7,-35,-73,103,-47,-95,11,-46,-28,-1,
-11,-29,-72,22,-83,97,78,32,67,61,-39,9,-40,-79,100,-44,-94,9,-47,-29,-1,
-15,-23,-74,21,-82,97,76,30,66,60,-38,7,-40,-77,99,-47,-94,7,-46,-29,-1,
-2,-67,93,27,16,42,13,47,-91,-90,40,78,-52,-90,74,-94,62,-80,-13,82,1,
-11,-27,-77,22,-85,95,77,34,65,58,-38,3,-42,-77,96,-52,-95,10,-49,-30,-1,
-4,-70,97,30,12,37,10,46,-93,-88,40,77,-53,-96,74,-94,65,-79,-19,80,1,
-11,-25,-67,24,-80,97,79,32,68,62,-31,9,-40,-74,102,-44,-91,11,-43,-28,-1,
-7,-71,95,29,15,38,6,46,-93,-90,35,80,-54,-93,72,-94,64,-80,-18,77,1,
-5,-69,96,30,17,41,8,48,-92,-85,39,79,-56,-93,77,-95,62,-83,-16,79,1,
-12,-25,-73,19,-83,97,71,27,68,58,-34,6,-41,-76,99,-51,-93,8,-48,-33,-1,
-1,-71,93,28,14,38,14,47,-90,-94,38,78,-55,-93,75,-97,57,-84,-18,73,1,
-13,-24,-72,23,-82,96,78,29,66,61,-31,5,-41,-75,100,-50,-94,8,-44,-32,-1,
2,-67,92,33,16,43,8,52,-91,-84,36,78,-48,-91,73,-92,70,-77,-14,83,1,
0,-68,96,32,12,43,12,48,-93,-85,42,75,-53,-92,75,-91,62,-78,-14,79,1,
-17,-28,-68,16,-84,91,77,29,65,57,-34,6,-45,-76,99,-48,-93,9,-49,-29,-1,
-8,-21,-73,27,-82,98,84,31,69,62,-33,9,-37,-72,104,-46,-93,13,-44,-26,-1,
-10,-71,94,28,15,40,6,44,-96,-89,36,72,-56,-96,73,-96,64,-82,-17,79,1,
-11,-22,-73,24,-81,92,75,33,66,58,-30,7,-40,-76,100,-48,-94,10,-47,-28,-1,
-10,-24,-65,21,-83,95,82,32,68,59,-28,7,-40,-73,101,-45,-88,12,-44,-27,-1,
-13,-25,-71,20,-83,96,75,33,69,57,-33,5,-39,-77,98,-47,-90,12,-49,-27,-1,
-9,-26,-72,19,-81,98,76,33,68,58,-32,8,-37,-75,101,-43,-96,8,-46,-27,-1,
-8,-27,-72,18,-82,97,81,30,67,59,-33,6,-40,-76,102,-48,-89,8,-44,-30,-1,
-13,-25,-77,19,-83,96,77,28,66,58,-35,7,-43,-78,99,-48,-100,8,-44,-30,-1,
-13,-25,-72,22,-85,96,71,37,67,57,-36,6,-37,-78,99,-47,-94,8,-50,-31,-1,
-8,-27,-75,25,-81,97,79,33,66,60,-33,4,-43,-77,99,-50,-92,11,-43,-30,-1,
-2,-71,95,26,16,39,7,48,-94,-88,35,77,-56,-96,74,-97,65,-82,-17,80,1,
-12,-22,-72,25,-81,94,77,31,66,59,-31,5,-39,-76,100,-48,-92,9,-46,-30,-1,
-8,-26,-69,26,-83,98,76,33,66,59,-36,7,-39,-77,103,-45,-90,13,-49,-26,-1,
-3,-71,100,27,15,41,3,47,-93,-90,37,74,-52,-95,74,-98,69,-82,-16,76,1,
-7,-72,96,20,17,41,10,45,-92,-89,35,69,-52,-97,74,-99,62,-86,-21,77,1,
0,-68,104,31,20,40,12,46,-93,-86,33,81,-55,-92,76,-94,64,-81,-14,78,1,
-11,-23,-72,20,-81,96,74,31,67,59,-32,7,-44,-73,98,-47,-95,11,-45,-28,-1,
0,-66,90,30,14,40,11,46,-94,-86,42,76,-54,-97,75,-94,63,-82,-14,75,1,
-1,-67,95,30,16,43,9,46,-91,-89,36,74,-51,-91,75,-95,64,-80,-13,78,1,
-1,-70,94,33,17,42,9,47,-92,-86,37,77,-53,-93,78,-94,67,-81,-15,76,1,
-3,-71,97,32,13,40,8,47,-93,-89,36,72,-52,-93,73,-93,62,-78,-18,81,1,
-16,-28,-75,24,-84,95,77,33,67,58,-34,4,-40,-76,98,-47,-96,10,-49,-32,-1,
-3,-70,95,27,16,38,14,45,-97,-94,41,70,-55,-96,68,-96,65,-81,-16,76,1,
-11,-27,-76,22,-86,96,81,32,64,61,-35,5,-41,-77,103,-52,-97,11,-46,-30,-1,
-4,-67,90,26,14,38,16,47,-92,-88,39,73,-53,-94,72,-96,66,-82,-17,79,1,
-5,-72,92,30,14,38,2,49,-93,-87,42,72,-55,-93,74,-93,64,-78,-16,84,1,
-2,-70,90,26,13,41,6,48,-94,-87,37,74,-54,-94,71,-95,59,-82,-17,80,1,
0,-70,94,33,15,43,9,48,-94,-88,39,80,-52,-91,77,-98,63,-79,-10,73,1,
-2,-67,93,33,14,41,8,46,-91,-85,42,74,-53,-90,74,-91,63,-80,-15,76,1,
-10,-23,-68,23,-80,98,86,34,68,61,-32,5,-42,-73,99,-44,-94,12,-43,-30,-1,
-9,-23,-66,23,-85,99,81,33,67,60,-34,6,-41,-74,101,-44,-92,13,-46,-28,-1,
-11,-25,-72,24,-86,97,78,37,67,62,-34,4,-39,-72,97,-44,-98,13,-48,-29,-1,
-12,-27,-75,21,-86,101,75,36,68,60,-33,8,-37,-76,101,-47,-93,10,-45,-28,-1,
-4,-68,88,23,15,39,8,44,-97,-90,36,73,-53,-100,72,-97,57,-81,-15,76,1,
-11,-21,-72,28,-86,94,79,35,65,58,-35,8,-41,-75,99,-46,-92,12,-46,-26,-1,
-3,-69,91,24,13,40,1,46,-95,-92,38,75,-54,-94,70,-96,60,-81,-16,79,1,
-10,-26,-68,19,-80,91,80,28,65,57,-35,6,-44,-74,95,-43,-90,8,-49,-28,-1,
-3,-71,94,29,15,39,8,44,-94,-94,36,73,-52,-97,73,-96,66,-81,-17,76,1,
-1,-68,90,34,16,42,14,47,-91,-93,39,78,-48,-93,74,-94,69,-82,-13,79,1,
-6,-72,91,25,12,39,7,49,-94,-92,38,77,-54,-96,72,-94,63,-83,-19,74,1,
-11,-23,-74,21,-82,98,76,39,65,59,-39,8,-44,-77,99,-46,-93,11,-48,-30,-1,
-9,-22,-74,22,-79,96,78,41,68,60,-33,5,-38,-78,103,-48,-91,10,-45,-29,-1,
0,-70,97,28,16,40,11,48,-93,-92,39,77,-53,-96,74,-95,68,-82,-17,79,1,
-15,-19,-69,22,-81,97,79,34,68,62,-32,5,-39,-75,102,-46,-97,11,-46,-29,-1,
-9,-29,-75,18,-81,95,74,33,68,59,-36,7,-43,-77,96,-44,-92,10,-47,-30,-1,
-13,-25,-70,16,-82,97,75,33,69,59,-33,6,-37,-75,97,-43,-94,7,-46,-28,-1,
-7,-69,95,27,13,38,11,44,-95,-91,37,77,-55,-95,71,-95,63,-80,-16,74,1,
-14,-23,-68,20,-81,93,78,40,64,63,-37,9,-44,-72,99,-44,-94,11,-48,-25,-1,
1,-64,94,29,14,42,8,48,-94,-89,45,78,-50,-93,73,-93,62,-77,-12,77,1,
2,-70,98,29,15,42,6,44,-92,-93,35,69,-52,-92,77,-96,60,-80,-15,76,1,
0,-71,94,26,15,44,8,48,-90,-89,40,75,-50,-93,71,-96,67,-82,-16,78,1,
-10,-31,-74,24,-82,92,76,33,64,56,-31,7,-39,-82,102,-46,-92,7,-46,-30,-1,
-11,-27,-72,18,-88,96,74,32,65,59,-34,6,-43,-76,98,-49,-95,11,-44,-29,-1,
-12,-21,-72,19,-89,95,73,35,66,58,-37,4,-40,-78,98,-53,-93,9,-48,-31,-1,
-10,-25,-73,20,-82,97,78,33,66,62,-38,7,-41,-80,99,-48,-93,9,-43,-29,-1,
0,-71,90,25,13,41,3,48,-95,-90,38,76,-55,-95,69,-97,62,-82,-19,77,1,
-5,-70,94,28,15,42,8,47,-96,-87,42,70,-54,-90,69,-94,70,-79,-14,75,1,
2,-68,97,32,18,39,8,51,-93,-87,42,82,-57,-92,74,-92,63,-79,-13,79,1,
-19,-24,-74,24,-80,96,80,35,64,65,-38,5,-42,-80,96,-46,-99,9,-46,-30,-1,
-7,-29,-72,21,-79,94,77,37,64,60,-33,8,-43,-78,99,-48,-93,8,-43,-31,-1,
0,-68,96,30,17,35,12,50,-92,-86,37,78,-50,-94,70,-92,63,-78,-15,81,1,
-5,-72,92,27,16,42,12,48,-95,-86,43,77,-55,-96,73,-95,65,-83,-15,81,1,
-10,-19,-69,17,-91,97,72,31,67,57,-35,9,-38,-75,102,-49,-91,9,-45,-27,-1,
-18,-26,-73,19,-81,97,82,31,65,58,-36,4,-44,-78,99,-47,-91,8,-46,-31,-1,
1,-70,97,30,17,40,9,49,-92,-92,42,77,-56,-92,76,-94,63,-82,-15,78,1,
5,-67,97,29,16,45,13,47,-91,-86,39,71,-48,-92,72,-95,65,-80,-14,78,1,
-15,-32,-73,17,-78,95,79,27,65,59,-33,4,-43,-77,100,-48,-99,8,-48,-31,-1,
-5,-71,97,33,14,40,12,46,-96,-87,42,80,-54,-95,73,-93,59,-79,-16,78,1,
-3,-74,97,27,15,39,7,48,-92,-89,34,79,-52,-94,72,-95,63,-81,-17,74,1,
-15,-21,-69,19,-88,95,77,33,66,57,-37,4,-42,-78,97,-51,-91,10,-47,-30,-1,
-10,-23,-71,25,-79,95,80,38,66,60,-35,6,-42,-76,99,-43,-99,10,-46,-31,-1,
-3,-69,93,29,14,39,5,47,-92,-89,34,76,-55,-94,76,-96,60,-82,-19,76,1,
-2,-68,96,30,17,42,8,47,-92,-91,43,74,-55,-92,75,-95,67,-81,-14,78,1,
-8,-72,95,25,15,39,12,47,-94,-89,37,75,-56,-95,74,-96,60,-84,-18,76,1,
-5,-75,93,29,15,42,8,47,-91,-89,39,78,-54,-93,75,-97,66,-82,-16,76,1,
-13,-24,-70,22,-80,97,76,32,66,59,-34,7,-40,-76,101,-48,-91,11,-48,-27,-1,
-5,-68,94,24,13,40,9,44,-94,-94,40,73,-56,-94,71,-95,60,-84,-21,76,1,
-9,-22,-71,19,-80,96,73,31,68,59,-32,9,-42,-77,97,-43,-93,9,-41,-29,-1,
-11,-19,-74,23,-78,99,81,42,67,62,-35,5,-37,-74,106,-49,-88,12,-46,-25,-1,
-12,-28,-77,22,-82,95,76,34,66,59,-36,1,-44,-80,95,-50,-95,10,-46,-34,-1,
-15,-21,-69,23,-85,100,83,31,68,61,-34,6,-40,-76,99,-45,-95,12,-42,-28,-1,
-9,-70,97,30,17,41,8,47,-94,-90,44,74,-54,-93,74,-94,65,-82,-15,77,1,
-4,-70,95,26,15,35,6,47,-95,-90,42,78,-58,-95,73,-96,59,-81,-16,74,1,
-16,-22,-74,21,-85,95,73,34,64,59,-36,3,-41,-78,100,-52,-96,11,-50,-32,-1,
-12,-19,-74,21,-81,96,76,34,67,59,-36,9,-41,-76,97,-46,-91,8,-44,-28,-1,
-11,-23,-73,18,-83,94,75,31,66,56,-36,5,-41,-77,97,-48,-91,10,-50,-28,-1,
-5,-69,91,23,14,43,8,46,-94,-87,34,75,-51,-97,74,-97,63,-83,-18,77,1,
-7,-26,-68,29,-84,97,78,31,66,63,-33,10,-39,-74,102,-43,-89,12,-46,-27,-1,
-10,-19,-74,14,-83,96,77,34,68,58,-39,7,-43,-74,96,-47,-93,7,-46,-32,-1,
-14,-21,-74,22,-83,98,74,35,69,59,-32,9,-41,-77,102,-44,-99,11,-44,-29,-1,
0,-69,90,31,15,42,7,47,-93,-89,36,75,-52,-93,72,-96,59,-81,-16,77,1,
-6,-69,98,27,16,36,6,45,-93,-91,34,77,-55,-94,72,-95,65,-79,-16,79,1,
-13,-27,-71,26,-85,95,81,37,66,60,-33,7,-42,-74,98,-46,-95,12,-46,-29,-1,
-17,-24,-73,21,-82,99,76,38,66,60,-34,6,-40,-79,103,-49,-90,11,-46,-26,-1,
-14,-26,-77,21,-81,96,78,37,66,62,-38,3,-43,-80,98,-50,-95,10,-45,-32,-1,
-9,-27,-72,23,-81,93,76,31,66,56,-32,4,-43,-78,98,-48,-91,11,-46,-30,-1,
0,-71,94,29,18,37,16,45,-92,-89,35,74,-54,-90,69,-95,63,-79,-15,73,1,
-14,-21,-73,22,-82,98,75,35,69,60,-32,8,-43,-73,99,-46,-95,11,-41,-31,-1,
-2,-68,99,30,18,42,8,46,-93,-85,40,76,-52,-93,76,-96,65,-79,-12,75,1,
1,-71,99,30,18,41,7,48,-93,-89,44,80,-54,-92,74,-93,71,-78,-15,81,1,
-10,-67,96,27,17,41,12,48,-93,-88,38,73,-50,-92,75,-94,70,-83,-15,82,1,
-10,-67,97,28,11,40,7,45,-95,-87,37,74,-53,-94,75,-95,65,-81,-17,76,1,
-1,-69,90,27,13,40,11,46,-92,-89,41,70,-51,-95,72,-94,65,-80,-16,79,1,
-9,-27,-70,22,-84,99,78,36,67,60,-35,7,-43,-77,98,-42,-94,12,-44,-31,-1,
-2,-67,95,28,13,39,10,45,-95,-89,36,79,-54,-95,72,-95,60,-81,-15,77,1,
-5,-72,95,28,11,40,9,46,-95,-90,35,79,-53,-98,77,-98,62,-81,-19,76,1,
-6,-69,93,34,17,41,12,47,-93,-89,42,76,-51,-93,72,-91,62,-79,-14,85,1,
-15,-25,-73,19,-80,94,77,30,67,57,-33,6,-44,-74,97,-49,-91,8,-45,-29,-1,
3,-65,98,33,16,42,13,48,-93,-85,41,81,-52,-91,75,-93,61,-77,-12,79,1,
0,-69,96,34,14,46,6,47,-93,-89,38,80,-50,-94,78,-93,64,-79,-12,78,1,
0,-67,90,32,15,41,8,49,-91,-90,43,74,-54,-95,76,-92,61,-79,-13,84,1,
-16,-27,-74,23,-82,93,78,34,63,60,-39,4,-39,-79,103,-50,-89,8,-50,-26,-1,
-9,-24,-68,22,-77,97,80,37,66,64,-33,7,-41,-72,102,-44,-92,11,-45,-27,-1,
-7,-12,-70,25,-82,99,75,36,70,60,-34,10,-38,-70,98,-40,-95,13,-45,-27,-1,
-10,-23,-75,23,-79,99,80,37,68,58,-32,7,-36,-77,104,-45,-95,9,-48,-28,-1,
-7,-73,99,28,14,42,6,50,-94,-87,42,73,-51,-93,71,-93,65,-80,-19,80,1,
-15,-22,-71,21,-86,96,77,30,67,58,-36,8,-47,-78,96,-41,-94,9,-42,-32,-1,
-12,-27,-71,19,-82,96,75,32,66,59,-35,8,-42,-81,101,-50,-93,9,-45,-31,-1,
0,-72,98,27,14,40,9,45,-96,-91,43,73,-54,-93,70,-95,57,-78,-16,77,1,
-2,-70,94,29,15,42,8,49,-93,-88,38,78,-54,-94,75,-93,60,-82,-16,79,1,
-16,-25,-75,23,-81,96,80,33,67,60,-37,9,-41,-77,96,-48,-93,8,-45,-28,-1,
-9,-30,-72,17,-84,100,74,35,65,61,-34,5,-43,-74,99,-48,-96,9,-45,-32,-1,
-1,-64,94,33,15,42,15,48,-93,-82,34,82,-51,-93,78,-95,69,-78,-15,79,1,
-11,-27,-72,24,-84,97,78,31,67,60,-35,5,-42,-77,98,-45,-93,11,-43,-31,-1,
-10,-27,-71,23,-81,97,79,35,66,60,-32,7,-43,-72,100,-46,-95,12,-45,-29,-1,
-4,-70,92,29,18,39,9,50,-93,-87,35,78,-52,-92,70,-96,68,-81,-14,77,1,
-16,-20,-72,21,-81,94,74,31,65,59,-32,4,-42,-78,99,-52,-97,12,-47,-27,-1,
-11,-24,-74,20,-80,95,77,31,68,59,-34,10,-40,-79,99,-44,-94,8,-46,-29,-1,
-9,-29,-73,24,-84,94,81,33,66,61,-34,4,-38,-78,97,-50,-91,10,-46,-29,-1,
-6,-23,-68,22,-79,97,79,33,67,61,-31,3,-40,-74,100,-45,-94,12,-45,-30,-1,
-10,-23,-75,22,-79,97,79,29,68,59,-31,6,-43,-74,102,-46,-92,12,-45,-29,-1,
-2,-71,96,28,15,43,10,48,-94,-88,40,79,-55,-95,76,-99,64,-82,-15,77,1,
-4,-67,93,26,12,42,8,48,-95,-91,37,76,-54,-97,76,-98,63,-84,-21,76,1,
-4,-71,92,25,16,38,9,45,-94,-88,35,77,-53,-97,73,-98,64,-82,-17,76,1,
0,-69,91,26,13,43,9,48,-92,-91,39,74,-54,-93,74,-95,61,-82,-15,78,1,
-15,-23,-74,23,-78,95,80,37,66,59,-34,4,-40,-78,102,-47,-93,9,-46,-29,-1,
-18,-26,-72,23,-83,96,74,28,65,60,-37,5,-42,-79,102,-50,-95,11,-50,-30,-1,
-12,-20,-74,26,-80,98,80,37,67,62,-33,6,-39,-76,101,-50,-94,9,-42,-31,-1,
-6,-24,-74,16,-87,96,68,38,67,58,-37,6,-40,-78,98,-48,-96,10,-48,-32,-1,
-1,-67,98,27,16,39,9,48,-93,-88,40,75,-51,-93,74,-95,62,-80,-15,75,1,
-10,-23,-72,26,-82,97,82,32,68,60,-35,9,-38,-79,100,-43,-89,10,-44,-27,-1,
-3,-71,94,28,16,39,12,46,-90,-88,36,74,-53,-93,75,-96,63,-83,-19,77,1,
-12,-27,-73,19,-85,95,74,33,65,57,-34,4,-42,-76,101,-49,-96,10,-51,-31,-1,
-5,-72,97,26,14,39,11,45,-94,-88,35,72,-52,-96,72,-97,63,-82,-19,73,1,
-1,-70,93,29,13,44,10,46,-90,-83,36,74,-50,-95,80,-94,63,-81,-17,86,1,
-10,-22,-73,23,-80,97,75,35,68,61,-32,5,-41,-76,101,-47,-93,13,-44,-29,-1,
0,-71,101,28,17,38,3,47,-89,-94,39,76,-55,-92,74,-97,63,-81,-17,79,1,
-11,-25,-74,21,-85,97,76,31,66,62,-37,8,-42,-78,99,-49,-95,11,-44,-28,-1,
-3,-70,97,26,12,41,11,46,-94,-87,38,74,-51,-96,76,-96,64,-81,-17,80,1,
-4,-71,98,29,16,40,11,45,-93,-91,36,75,-54,-92,73,-95,62,-81,-17,79,1,
-5,-23,-71,28,-80,98,80,39,67,62,-32,7,-42,-75,102,-47,-91,14,-43,-29,-1,
1,-68,96,31,14,39,9,46,-89,-91,38,74,-51,-92,73,-91,63,-80,-17,76,1,
-3,-68,98,33,17,40,13,45,-94,-91,34,75,-55,-93,74,-96,62,-81,-14,80,1,
1,-69,93,26,16,40,14,50,-95,-84,36,79,-55,-95,70,-94,67,-81,-18,83,1,
0,-70,96,28,16,43,6,48,-92,-89,38,73,-51,-95,75,-95,60,-83,-14,73,1,
-6,-72,93,30,12,38,12,45,-96,-93,37,78,-57,-95,72,-95,59,-80,-15,73,1,
-12,-28,-73,20,-83,95,78,31,65,61,-36,4,-43,-77,97,-50,-92,9,-45,-31,-1,
-1,-69,91,28,18,41,11,46,-92,-90,43,78,-52,-93,72,-95,65,-81,-14,76,1,
0,-69,98,30,17,41,12,47,-90,-85,42,77,-55,-92,76,-94,61,-79,-15,86,1,
-1,-71,96,31,13,38,12,44,-95,-92,36,73,-57,-95,74,-96,59,-80,-17,73,1,
-10,-24,-72,21,-84,98,79,35,66,61,-35,6,-40,-76,101,-48,-90,10,-45,-31,-1,
-13,-23,-74,22,-83,95,75,31,66,60,-37,8,-42,-77,97,-48,-94,10,-47,-30,-1,
-9,-31,-72,16,-86,97,73,37,64,60,-34,5,-44,-76,96,-52,-93,9,-45,-33,-1,
-2,-71,96,27,14,40,6,46,-95,-86,37,74,-54,-95,72,-93,66,-80,-17,78,1,
-6,-73,98,27,13,41,3,43,-95,-90,39,73,-52,-96,73,-96,64,-79,-16,74,1,
0,-67,95,28,12,41,14,46,-97,-85,40,78,-53,-94,72,-97,63,-78,-17,75,1,
-9,-21,-76,18,-82,97,79,35,68,58,-32,5,-40,-74,98,-49,-96,8,-42,-30,-1,
-13,-22,-71,20,-84,96,78,31,68,59,-33,4,-38,-75,97,-49,-98,11,-49,-30,-1,
-7,-66,90,29,16,44,9,46,-92,-88,38,80,-52,-92,75,-97,66,-82,-11,77,1,
0,-68,100,32,17,42,12,48,-90,-89,39,80,-51,-91,76,-93,65,-79,-13,79,1,
-14,-22,-70,19,-85,97,70,34,67,62,-41,11,-41,-75,98,-48,-95,11,-50,-27,-1,
-10,-19,-73,20,-81,96,77,32,68,57,-33,5,-41,-74,97,-50,-90,9,-43,-30,-1,
-6,-67,97,27,13,37,10,49,-92,-92,35,75,-54,-94,76,-93,60,-80,-16,82,1,
-14,-25,-73,23,-84,100,74,32,68,60,-33,6,-36,-78,104,-49,-91,9,-48,-31,-1,
0,-69,95,30,16,42,8,47,-93,-87,40,74,-53,-92,74,-93,64,-78,-15,77,1,
-13,-22,-73,21,-82,96,78,38,66,60,-33,5,-41,-73,97,-48,-96,10,-45,-30,-1,
-9,-24,-71,27,-81,96,81,35,65,62,-34,7,-42,-78,101,-50,-89,13,-44,-27,-1,
-7,-29,-74,23,-78,99,78,38,65,61,-32,5,-43,-75,101,-47,-90,12,-44,-29,-1,
-6,-71,93,25,13,41,9,43,-94,-91,37,70,-54,-93,69,-97,63,-85,-19,73,1,
0,-70,91,28,13,41,9,50,-92,-85,38,74,-52,-96,75,-95,67,-81,-18,82,1,
1,-72,101,33,16,40,8,48,-93,-82,40,76,-51,-94,75,-92,61,-80,-15,71,1,
0,-71,97,24,17,38,12,47,-92,-92,40,74,-56,-96,75,-97,61,-83,-18,80,1,
-16,-23,-71,21,-87,94,75,25,66,57,-34,4,-42,-77,98,-46,-98,8,-50,-34,-1,
-12,-19,-74,18,-85,97,71,35,67,57,-35,6,-42,-77,99,-54,-95,9,-47,-32,-1,
-14,-21,-75,24,-87,97,78,32,67,60,-39,5,-42,-75,95,-48,-96,11,-46,-31,-1,
-3,-66,96,29,14,42,14,47,-91,-91,40,78,-53,-93,75,-93,62,-84,-15,75,1,
6,-66,96,28,18,44,8,48,-91,-89,39,80,-54,-91,77,-97,68,-82,-13,79,1,
-15,-28,-75,20,-81,94,78,35,66,58,-34,5,-42,-77,98,-47,-94,7,-46,-32,-1,
-10,-24,-68,22,-84,97,74,34,65,61,-36,6,-42,-78,100,-50,-96,12,-50,-30,-1,
-12,-26,-73,22,-83,97,74,33,66,61,-34,5,-40,-78,101,-52,-95,11,-47,-29,-1,
-12,-24,-70,24,-83,95,82,32,68,59,-33,6,-40,-74,100,-46,-92,12,-43,-26,-1,
-1,-69,98,33,16,41,14,49,-91,-86,44,80,-48,-96,78,-93,65,-79,-13,80,1,
-14,-23,-73,22,-85,98,74,36,67,60,-35,6,-38,-79,100,-48,-96,11,-48,-29,-1,
-4,-69,94,26,16,40,13,47,-94,-88,37,81,-53,-93,70,-95,66,-80,-14,78,1,
-10,-23,-73,25,-79,95,78,35,65,61,-33,4,-45,-77,95,-47,-94,13,-43,-30,-1,
-7,-74,94,27,17,43,8,48,-95,-91,41,81,-51,-94,73,-97,68,-82,-13,81,1,
-9,-25,-71,22,-79,98,77,37,67,61,-33,9,-39,-75,100,-47,-90,12,-46,-24,-1,
-11,-27,-74,20,-84,97,77,29,66,59,-36,5,-44,-77,97,-49,-91,11,-44,-29,-1,
-15,-26,-72,21,-84,96,72,40,65,61,-36,5,-38,-80,103,-47,-95,9,-50,-30,-1,
-4,-71,91,29,15,41,11,48,-93,-92,44,77,-53,-94,73,-94,63,-80,-15,79,1,
-8,-18,-74,21,-78,100,78,38,69,63,-38,8,-40,-71,97,-46,-95,11,-45,-28,-1,
-10,-25,-75,23,-82,95,75,33,65,60,-36,3,-41,-78,95,-53,-95,9,-45,-32,-1,
-4,-68,96,32,15,43,13,46,-94,-84,36,81,-50,-94,76,-96,64,-81,-15,78,1,
-11,-26,-74,26,-87,96,76,32,65,60,-37,5,-40,-76,101,-52,-93,11,-49,-31,-1,
0,-68,95,30,14,41,4,47,-91,-87,38,77,-54,-95,75,-94,65,-80,-16,83,1,
-9,-22,-74,21,-82,97,75,29,69,60,-32,4,-41,-75,101,-50,-95,12,-46,-31,-1,
-11,-23,-72,19,-80,99,75,39,68,61,-31,5,-38,-73,105,-47,-89,10,-42,-28,-1,
0,-66,89,33,13,43,12,46,-94,-84,41,75,-53,-95,73,-93,57,-82,-15,71,1,
-13,-22,-73,22,-80,98,75,33,69,62,-34,9,-37,-75,102,-44,-89,10,-44,-26,-1,
-11,-29,-72,18,-82,95,76,31,66,59,-33,6,-42,-80,96,-47,-95,8,-45,-31,-1,
-15,-19,-73,16,-83,100,73,37,69,59,-36,6,-40,-77,98,-48,-98,10,-44,-29,-1,
-9,-23,-69,20,-78,96,81,32,69,61,-33,8,-38,-75,101,-46,-89,9,-44,-28,-1,
-13,-32,-72,18,-83,96,79,33,67,58,-34,4,-40,-79,99,-43,-93,9,-46,-29,-1,
-8,-27,-70,18,-84,99,73,35,67,61,-32,3,-41,-76,96,-49,-96,13,-44,-31,-1,
-9,-22,-72,20,-79,100,74,35,70,59,-30,9,-42,-74,101,-46,-96,11,-43,-31,-1,
-1,-68,96,31,16,40,6,45,-91,-88,35,72,-53,-95,75,-95,64,-80,-15,81,1,
-1,-69,97,28,16,41,5,49,-93,-89,38,75,-49,-93,73,-93,66,-78,-13,81,1,
-15,-28,-74,22,-83,95,74,31,67,59,-34,6,-44,-77,96,-49,-89,9,-44,-31,-1,
-14,-24,-69,21,-80,95,77,31,68,58,-33,10,-40,-81,101,-44,-88,7,-43,-29,-1,
-6,-71,97,29,15,38,3,47,-95,-86,36,78,-56,-96,76,-95,64,-78,-13,76,1,
-10,-68,96,29,16,40,18,46,-95,-88,35,78,-51,-93,73,-97,69,-80,-15,78,1,
-3,-67,94,26,18,41,9,46,-95,-85,39,74,-51,-95,72,-95,62,-83,-18,75,1,
-4,-73,97,27,16,40,8,44,-94,-93,40,72,-54,-95,70,-96,60,-80,-15,77,1,
1,-71,99,26,18,40,6,49,-91,-91,40,74,-55,-93,74,-96,66,-80,-16,81,1,
-5,-66,93,29,15,42,12,46,-93,-86,38,76,-53,-93,76,-93,61,-83,-14,82,1,
-2,-71,99,30,16,42,13,47,-93,-91,40,79,-55,-91,77,-95,63,-81,-15,79,1,
-5,-67,93,28,17,41,7,48,-95,-85,34,80,-51,-93,71,-96,69,-79,-14,77,1,
-10,-71,94,25,12,38,14,45,-95,-94,38,75,-55,-96,73,-97,59,-83,-19,75,1,
-12,-19,-72,24,-84,99,78,35,67,61,-35,8,-40,-73,103,-48,-93,14,-45,-26,-1,
-7,-27,-75,21,-81,95,76,33,68,58,-33,6,-41,-77,99,-46,-94,11,-46,-30,-1,
-3,-68,94,29,14,41,4,46,-93,-86,33,78,-49,-94,75,-96,66,-77,-14,76,1,
-2,-70,97,25,16,44,9,46,-91,-91,42,74,-53,-91,74,-96,63,-83,-16,82,1,
-15,-26,-78,21,-86,96,72,34,66,56,-36,5,-44,-77,97,-48,-96,10,-50,-32,-1,
-4,-68,95,27,13,40,10,48,-94,-91,38,76,-54,-92,72,-95,60,-81,-14,75,1,
-3,-68,91,25,15,42,10,47,-93,-84,38,71,-51,-97,73,-94,65,-82,-16,81,1,
-2,-65,93,32,15,39,9,47,-93,-87,36,79,-50,-91,72,-93,69,-75,-12,83,1,
-1,-71,96,25,15,41,4,46,-95,-87,37,70,-52,-97,70,-94,65,-79,-17,80,1,
-12,-20,-72,26,-76,97,75,34,68,61,-32,7,-38,-76,100,-46,-91,11,-45,-26,-1,
-5,-68,90,29,11,39,6,47,-93,-93,34,75,-53,-97,73,-97,62,-83,-17,77,1,
-9,-25,-74,23,-82,97,77,41,65,63,-37,6,-44,-72,97,-47,-97,13,-48,-29,-1,
-11,-13,-70,22,-80,100,75,38,69,61,-34,9,-37,-76,101,-43,-96,11,-45,-29,-1,
-12,-25,-70,22,-80,94,71,36,68,60,-34,7,-42,-79,95,-47,-92,9,-44,-32,-1,
-5,-71,99,25,16,39,5,47,-93,-92,39,76,-51,-95,73,-94,63,-80,-16,78,1,
-11,-19,-74,18,-84,99,76,30,69,59,-37,7,-37,-78,99,-48,-92,9,-46,-27,-1,
-13,-18,-77,23,-85,100,76,33,68,59,-39,5,-38,-79,97,-51,-95,11,-45,-28,-1,
-11,-19,-72,18,-83,97,78,31,69,57,-36,7,-38,-76,100,-45,-92,9,-46,-28,-1,
-2,-67,92,27,14,40,11,45,-93,-91,37,73,-52,-96,74,-95,62,-79,-12,74,1,
-12,-24,-73,24,-81,96,79,34,65,60,-37,7,-43,-77,104,-45,-90,9,-45,-30,-1,
-1,-71,95,32,17,41,11,46,-93,-85,37,79,-51,-93,72,-96,63,-78,-13,74,1,
-3,-68,92,27,14,41,8,45,-92,-88,39,75,-49,-92,69,-92,59,-80,-16,78,1,
-7,-71,99,29,16,39,7,45,-97,-89,35,75,-53,-96,75,-98,60,-80,-17,79,1,
-12,-18,-72,24,-80,97,75,34,68,60,-35,8,-41,-75,101,-44,-90,11,-48,-28,-1,
-7,-21,-70,27,-81,100,79,37,67,63,-33,7,-36,-75,102,-46,-90,13,-41,-24,-1,
-12,-71,90,21,11,37,6,45,-96,-91,37,72,-57,-96,67,-98,62,-83,-18,73,1,
0,-67,97,27,16,39,11,49,-92,-91,36,77,-52,-94,74,-96,64,-81,-15,79,1,
-11,-29,-73,23,-81,98,77,38,66,62,-34,5,-40,-75,99,-50,-89,9,-45,-30,-1,
-16,-27,-77,20,-80,96,80,35,66,59,-34,3,-41,-78,97,-46,-95,8,-46,-32,-1,
-12,-25,-72,18,-84,93,76,30,66,57,-33,6,-40,-76,100,-49,-98,9,-48,-29,-1,
-2,-69,98,28,14,41,4,46,-92,-88,40,72,-58,-93,77,-97,61,-82,-16,82,1,
-2,-66,93,26,12,44,8,47,-95,-89,41,75,-55,-93,74,-96,62,-81,-15,75,1,
-4,-71,96,26,13,41,6,45,-94,-90,38,78,-54,-96,74,-96,62,-81,-15,72,1,
-11,-20,-72,24,-83,98,73,41,68,60,-37,10,-36,-76,102,-42,-94,11,-50,-27,-1,
-15,-26,-74,19,-84,95,75,34,64,60,-39,6,-41,-79,98,-53,-92,8,-49,-30,-1,
-8,-24,-70,19,-81,92,84,31,64,61,-30,5,-41,-75,103,-52,-89,9,-43,-27,-1,
-8,-25,-73,22,-84,97,81,31,67,60,-37,8,-42,-79,96,-50,-93,10,-41,-30,-1,
-3,-70,99,28,19,36,10,45,-95,-91,37,73,-57,-95,70,-98,59,-82,-19,77,1,
-5,-68,95,28,15,39,11,46,-94,-89,39,78,-54,-96,75,-95,60,-83,-15,72,1,
-14,-23,-77,20,-82,94,76,36,66,58,-36,6,-39,-79,101,-50,-91,8,-50,-30,-1,
-5,-72,96,23,14,38,6,43,-96,-91,35,75,-58,-98,70,-98,55,-83,-20,78,1,
-2,-72,90,25,14,42,8,45,-97,-91,38,70,-54,-96,66,-96,59,-81,-16,73,1,
-7,-67,94,27,12,39,9,45,-93,-87,35,74,-53,-95,75,-95,58,-81,-16,82,1,
-5,-68,97,31,15,41,15,46,-92,-85,39,76,-49,-94,75,-95,64,-80,-14,77,1,
-1,-68,93,27,16,44,6,48,-91,-85,44,77,-49,-95,74,-92,65,-80,-13,78,1,
-15,-23,-73,24,-81,94,79,28,67,59,-34,6,-44,-77,100,-45,-96,12,-49,-30,-1,
-13,-28,-72,23,-84,92,79,37,63,57,-34,5,-43,-76,96,-46,-95,8,-48,-31,-1,
-13,-24,-70,17,-82,96,72,35,66,60,-35,7,-43,-77,98,-48,-96,10,-48,-29,-1,
-8,-72,94,28,17,41,9,44,-96,-91,37,76,-54,-94,72,-97,64,-82,-15,79,1,
-11,-19,-71,26,-86,94,79,28,67,58,-33,12,-40,-72,101,-45,-88,9,-44,-26,-1,
-11,-19,-73,21,-80,95,79,28,68,59,-36,7,-41,-79,102,-48,-90,8,-44,-31,-1,
-12,-20,-72,24,-80,95,79,34,66,60,-32,7,-39,-76,102,-50,-89,11,-46,-27,-1,
-1,-72,96,27,15,40,6,46,-93,-94,33,76,-54,-95,74,-98,60,-83,-17,74,1,
-10,-26,-70,22,-85,97,75,30,66,60,-36,7,-40,-79,100,-49,-89,8,-45,-31,-1,
0,-71,96,30,17,38,9,48,-90,-87,38,83,-54,-93,74,-95,63,-79,-11,77,1,
-12,-25,-69,23,-82,96,80,32,66,60,-36,8,-41,-76,102,-47,-93,10,-48,-28,-1,
-3,-70,99,22,15,37,8,46,-92,-90,33,74,-53,-98,76,-97,64,-82,-18,79,1,
-6,-29,-71,18,-81,98,78,37,67,61,-33,5,-41,-76,97,-47,-92,10,-44,-31,-1,
-17,-23,-76,21,-81,92,80,33,66,57,-36,6,-46,-77,98,-49,-96,9,-48,-32,-1,
-6,-70,93,29,16,36,12,45,-90,-91,34,76,-50,-94,75,-95,68,-79,-16,75,1,
-5,-69,93,27,17,38,11,48,-92,-89,38,81,-53,-93,72,-94,62,-81,-16,80,1,
0,-71,95,28,17,41,11,46,-92,-88,32,75,-53,-93,74,-97,64,-80,-18,84,1,
-2,-66,93,26,15,41,12,47,-95,-92,42,77,-54,-94,72,-94,61,-80,-14,80,1,
-10,-24,-74,22,-83,95,78,34,67,58,-34,6,-40,-78,99,-48,-93,9,-44,-30,-1,
-10,-26,-71,18,-79,93,72,37,66,60,-34,7,-44,-74,94,-46,-93,9,-46,-30,-1,
-14,-21,-75,18,-82,93,78,25,66,57,-35,6,-42,-80,101,-48,-93,7,-47,-31,-1,
-7,-24,-73,20,-83,98,77,35,67,59,-34,8,-37,-77,100,-45,-90,8,-45,-27,-1,
-14,-28,-68,22,-83,98,79,34,68,60,-33,7,-40,-80,98,-44,-95,10,-45,-30,-1,
0,-71,92,29,17,40,13,50,-92,-86,46,74,-54,-93,71,-93,63,-81,-14,77,1,
-1,-69,93,26,18,44,9,45,-92,-89,36,72,-51,-94,73,-96,68,-82,-15,76,1,
-13,-23,-73,24,-83,97,79,33,65,62,-38,4,-40,-78,99,-48,-99,11,-46,-29,-1,
-9,-20,-75,22,-80,99,75,36,67,63,-39,10,-43,-76,102,-50,-91,12,-45,-28,-1,
-19,-32,-71,18,-86,92,76,26,65,56,-36,3,-43,-82,94,-49,-94,6,-48,-32,-1,
-9,-26,-71,16,-81,97,80,27,68,60,-31,8,-42,-76,103,-46,-93,10,-44,-30,-1,
-13,-22,-72,17,-76,100,74,32,69,59,-33,5,-41,-76,100,-45,-95,9,-47,-31,-1,
-6,-70,95,28,11,38,1,45,-96,-93,31,77,-54,-97,72,-96,62,-81,-19,71,1,
-13,-27,-71,21,-83,93,72,31,65,60,-37,9,-44,-77,97,-48,-97,9,-49,-30,-1,
-13,-20,-72,22,-79,94,73,35,67,58,-35,8,-38,-77,97,-45,-95,8,-47,-28,-1,
-3,-72,98,26,17,42,11,45,-93,-91,38,79,-54,-95,74,-96,58,-82,-16,78,1,
-15,-21,-71,23,-79,94,78,33,68,59,-29,7,-39,-74,101,-44,-93,10,-45,-26,-1,
-16,-22,-74,23,-87,94,78,31,66,58,-36,7,-42,-79,100,-49,-92,8,-43,-29,-1,
-5,-68,97,28,13,43,10,47,-92,-85,42,77,-52,-92,77,-95,60,-81,-14,80,1,
1,-71,97,28,19,41,10,45,-92,-89,36,77,-53,-94,73,-95,61,-82,-15,74,1,
-10,-21,-70,23,-79,96,78,34,67,59,-31,6,-40,-73,98,-46,-93,11,-46,-27,-1,
-8,-29,-69,20,-82,95,80,33,64,61,-33,5,-45,-75,99,-49,-93,9,-42,-32,-1,
-6,-23,-73,21,-82,100,78,34,68,62,-34,7,-37,-75,100,-48,-94,9,-44,-30,-1,
-10,-22,-73,18,-83,97,83,36,64,61,-39,8,-44,-75,101,-48,-92,11,-47,-27,-1,
-11,-21,-70,23,-77,95,80,29,69,58,-31,7,-39,-78,100,-44,-93,11,-45,-28,-1,
-13,-22,-70,18,-81,97,78,32,67,61,-37,7,-39,-77,101,-47,-90,9,-47,-27,-1,
1,-69,97,26,16,40,14,47,-93,-86,37,76,-50,-93,72,-96,60,-80,-16,75,1,
-2,-73,90,26,9,40,4,45,-95,-90,36,76,-51,-99,71,-97,60,-82,-19,69,1,
-7,-68,90,27,9,38,9,45,-94,-91,41,71,-53,-96,70,-93,62,-80,-18,80,1,
-2,-67,97,30,15,38,9,46,-90,-90,40,75,-51,-92,71,-92,63,-78,-16,80,1,
-3,-67,95,31,18,43,8,50,-94,-82,39,76,-49,-95,76,-94,65,-81,-14,78,1,
-12,-23,-71,24,-82,96,74,29,68,59,-33,9,-41,-77,97,-43,-93,10,-44,-29,-1,
-17,-23,-77,21,-82,95,76,32,65,58,-38,5,-41,-78,99,-49,-94,8,-49,-31,-1,
2,-69,94,29,16,40,9,47,-90,-90,39,74,-50,-93,74,-96,64,-80,-15,81,1,
-14,-24,-74,22,-81,95,75,34,65,61,-35,6,-44,-75,96,-45,-95,10,-46,-29,-1,
-11,-33,-70,18,-82,95,75,34,66,59,-37,7,-42,-78,99,-50,-91,10,-48,-29,-1,
-2,-73,99,28,14,40,10,48,-94,-87,38,79,-55,-93,73,-96,61,-79,-15,70,1,
3,-69,99,30,16,40,12,49,-92,-86,38,76,-53,-92,74,-94,62,-80,-16,76,1,
-8,-65,92,28,15,41,10,47,-94,-88,39,76,-53,-94,71,-93,57,-84,-15,76,1,
-12,-24,-75,18,-83,97,76,30,69,61,-33,9,-39,-76,101,-49,-94,11,-44,-27,-1,
-9,-16,-73,21,-78,100,79,41,69,64,-35,8,-35,-69,99,-42,-93,12,-46,-23,-1,
