0.162,0.199,0.922,0.229,0.14,0
0.053,0.252,0.794,0.582,0.489,4
0.892,0.916,0.328,0.808,0.566,1
0.339,0.647,0.251,0.528,0.729,2
0.474,0.297,0.817,0.419,0.1,0
0.214,0.164,0.952,0.284,0.269,0
0.248,0.197,0.735,0.547,0.374,4
0.358,0.899,0.267,0.446,0.598,2
0.327,0.777,0.185,0.535,0.283,2
0.122,0.223,0.985,0.284,0.36,4
0.868,0.308,0.378,0.334,0.868,3
0.334,0.64,0.312,0.399,0.435,2
0.797,0.341,0.394,0.348,0.879,3
0.075,0.228,0.998,0.219,0.193,0
0.643,0.938,0.334,0.662,0.624,1
0.377,0.804,0.298,0.512,0.439,2
0.071,0.3,0.752,0.514,0.379,4
0.193,0.245,0.867,0.308,0.249,0
0.04,0.335,0.991,0.526,0.567,4
0.133,0.257,0.826,0.388,0.259,4
0.329,0.835,0.163,0.572,0.384,2
0.667,0.849,0.172,0.604,0.745,1
0.216,0.306,0.868,0.598,0.463,4
0.084,0.417,0.754,0.404,0.469,4
0.682,0.807,0.13,0.711,0.79,1
0.797,0.941,0.164,0.534,0.902,1
0.274,0.25,0.697,0.298,0.07,0
0.094,0.335,0.845,0.371,0.465,4
0.147,0.405,0.863,0.375,0.324,4
0.59,0.749,0.138,0.672,0.592,1
0.331,0.288,0.87,0.468,0.3,4
0.156,0.287,0.764,0.256,0.461,4
0.72,0.508,0.204,0.324,0.901,3
0.692,0.907,0.305,0.664,0.647,1
0.825,0.304,0.455,0.483,0.896,3
0.031,0.417,0.743,0.358,0.484,4
0.391,0.721,0.167,0.289,0.752,2
0.73,0.653,0.229,0.461,0.674,1
0.355,0.68,0.274,0.543,0.558,2
0.441,0.822,0.448,0.595,0.306,2
0.198,0.257,0.822,0.246,0.135,0
0.426,0.995,0.121,0.677,0.756,1
0.185,0.176,0.767,0.2,0.095,0
0.204,0.137,0.661,0.315,0.177,0
0.669,0.848,0.379,0.66,0.699,1
0.511,0.669,0.284,0.44,0.335,2
0.527,0.632,0.083,0.394,0.732,3
0.197,0.126,0.903,0.181,0.206,0
0.778,0.85,0.193,0.476,0.745,1
0.656,0.771,0.351,0.556,0.773,1
0.853,0.398,0.161,0.449,0.826,3
0.899,0.262,0.314,0.336,0.74,3
0.06,0.484,0.902,0.272,0.379,4
0.363,0.512,0.474,0.197,0.659,2
0.262,0.403,0.819,0.517,0.391,4
0.504,0.633,0.283,0.596,0.474,2
0.175,0.205,0.753,0.519,0.403,4
0.261,0.356,0.727,0.479,0.401,4
0.794,0.839,0.382,0.655,0.712,1
0.072,0.231,0.829,0.396,0.205,4
0.363,0.701,0.305,0.508,0.368,2
0.809,0.554,0.22,0.285,0.832,3
0.329,0.876,0.166,0.461,0.469,2
0.839,0.317,0.178,0.427,0.767,3
0.689,0.409,0.201,0.505,0.915,3
0.798,0.35,0.267,0.228,0.673,3
0.572,0.837,0.314,0.582,0.512,2
0.823,0.45,0.075,0.505,0.852,3
0.034,0.275,0.825,0.291,0.26,0
0.236,0.211,0.915,0.388,0.071,0
0.424,0.595,0.179,0.501,0.556,2
0.17,0.239,0.868,0.411,0.274,4
0.831,0.901,0.216,0.715,0.47,1
0.699,0.474,0.363,0.347,0.604,3
0.4,0.7,0.15,0.401,0.503,2
0.654,0.923,0.262,0.371,0.442,1
0.191,0.372,0.817,0.385,0.263,4
0.154,0.361,0.735,0.29,0.18,0
0.77,0.451,0.313,0.541,0.823,3
0.174,0.335,0.874,0.305,0.09,0
0.039,0.187,0.803,0.331,0.384,4
0.701,0.769,0.283,0.486,0.612,1
0.713,0.564,0.21,0.384,0.875,3
0.363,0.692,0.231,0.46,0.353,2
0.301,0.228,0.803,0.406,0.19,0
0.822,0.458,0.334,0.591,0.924,3
0.152,0.25,0.905,0.347,0.181,0
0.162,0.258,0.788,0.343,0.066,0
0.567,0.64,0.342,0.441,0.855,3
0.106,0.085,0.783,0.141,0.111,0
0.58,0.702,0.119,0.612,0.652,2
0.046,0.315,0.727,0.281,0.227,0
0.117,0.479,0.966,0.276,0.016,0
0.319,0.701,0.325,0.531,0.492,2
0.194,0.657,0.303,0.554,0.494,2
0.278,0.186,0.89,0.376,0.026,0
0.003,0.239,0.912,0.286,0.025,0
0.132,0.326,0.816,0.524,0.249,4
0.171,0.336,0.942,0.162,0.043,0
0.177,0.372,0.838,0.137,0.269,4
0.441,0.563,0.216,0.546,0.501,2
0.707,0.358,0.358,0.293,0.722,3
0.44,0.507,0.311,0.555,0.382,2
0.257,0.31,0.874,0.584,0.499,4
0.734,0.966,0.164,0.744,0.631,1
0.156,0.197,0.556,0.226,0.157,0
0.375,0.675,0.459,0.631,0.383,2
0.124,0.199,0.961,0.604,0.355,4
0.157,0.221,0.73,0.524,0.524,4
0.229,0.394,0.712,0.586,0.357,4
0.255,0.233,0.962,0.324,0.071,0
0.6,0.867,0.272,0.703,0.788,1
0.574,0.806,0.496,0.532,0.69,1
0.199,0.389,0.909,0.404,0.403,4
0.686,0.297,0.163,0.357,0.916,3
0.376,0.53,0.216,0.368,0.58,2
0.213,0.227,0.864,0.46,0.389,4
0.262,0.388,0.663,0.474,0.391,4
0.184,0.303,0.84,0.204,0.212,0
0.898,0.419,0.152,0.438,0.781,3
0.215,0.328,0.778,0.653,0.409,4
0.662,0.365,0.298,0.432,0.879,3
0.487,0.745,0.368,0.556,0.362,2
0.62,0.407,0.207,0.359,0.812,3
0.339,0.584,0.164,0.439,0.573,2
0.818,0.583,0.225,0.057,0.909,3
0.641,0.47,0.227,0.409,0.683,3
0.4,0.75,0.336,0.551,0.507,2
0.119,0.346,0.838,0.466,0.594,4
0.234,0.244,0.727,0.474,0.573,4
0.151,0.22,0.782,0.605,0.275,4
0.538,0.69,0.225,0.403,0.181,2
0.337,0.305,0.919,0.457,0.452,4
0.234,0.114,0.933,0.396,0.08,0
0.397,0.564,0.392,0.28,0.512,2
0.653,0.952,0.255,0.583,0.667,1
0.118,0.463,0.859,0.491,0.444,4
0.119,0.138,0.858,0.417,0.265,4
0.54,0.966,0.251,0.698,0.659,1
0.309,0.672,0.163,0.312,0.427,2
0.562,0.875,0.304,0.589,0.963,1
0.235,0.217,0.87,0.312,0.273,0
0.419,0.596,0.153,0.446,0.545,2
0.388,0.447,0.763,0.226,0.108,0
0.467,0.704,0.567,0.448,0.48,2
0.453,0.633,0.166,0.565,0.538,2
0.156,0.038,0.857,0.354,0.213,0
0.647,0.763,0.257,0.599,0.786,1
0.201,0.25,0.755,0.264,0.244,0
0.412,0.794,0.376,0.471,0.532,2
0.461,0.634,0.439,0.599,0.483,2
0.637,0.922,0.291,0.567,0.526,1
0.464,0.725,0.11,0.396,0.392,2
0.389,0.811,0.211,0.411,0.407,2
0.758,0.774,0.273,0.696,0.779,1
0.699,0.79,0.256,0.433,0.9,1
0.267,0.36,0.859,0.585,0.495,4
0.848,0.977,0.273,0.602,0.587,1
0.681,0.913,0.319,0.68,0.801,1
0.714,0.94,0.232,0.593,0.755,1
0.668,0.477,0.258,0.469,0.755,3
0.112,0.155,0.841,0.39,0.288,4
0.164,0.389,0.89,0.529,0.573,4
0.781,0.293,0.342,0.533,0.807,3
0.412,0.687,0.163,0.516,0.589,2
0.111,0.343,0.814,0.381,0.427,4
0.034,0.299,0.754,0.219,0.186,0
0.873,0.488,0.338,0.295,0.911,3
0.638,0.954,0.246,0.643,0.497,1
0.655,0.514,0.28,0.412,0.906,3
0.644,0.863,0.433,0.693,0.809,1
0.735,0.313,0.135,0.326,0.873,3
0.25,0.703,0.246,0.474,0.416,2
0.139,0.11,0.902,0.363,0.435,4
0.753,0.925,0.323,0.722,0.616,1
0.678,0.797,0.302,0.478,0.679,1
0.105,0.33,0.935,0.473,0.461,4
0.061,0.409,0.809,0.655,0.482,4
0.836,0.405,0.413,0.404,0.958,3
0.136,0.826,0.361,0.504,0.429,2
0.709,0.691,0.279,0.775,0.504,1
0.573,0.848,0.294,0.602,0.888,1
0.738,0.364,0.432,0.346,0.74,3
0.278,0.654,0.208,0.381,0.183,2
0.154,0.254,0.822,0.311,0.022,0
0.693,0.878,0.068,0.751,0.748,1
0.635,0.632,0.23,0.476,0.61,1
0.866,0.893,0.422,0.473,0.697,1
0.143,0.238,0.916,0.502,0.45,4
0.091,0.251,0.884,0.243,0.249,0
0.296,0.152,0.881,0.378,0.347,4
0.272,0.235,0.703,0.241,0.102,0
0.264,0.291,0.785,0.197,0.03,0
0.128,0.184,0.8,0.378,0.17,0
0.659,0.523,0.242,0.599,0.865,3
0.447,0.751,0.564,0.522,0.433,2
0.19,0.365,0.852,0.514,0.331,4
0.048,0.31,0.808,0.456,0.494,4
0.658,0.551,0.23,0.485,0.864,3
0.686,0.581,0.159,0.537,0.806,3
