0.571,0.967,0.22,0.555,0.532,1
0.115,0.07,0.914,0.263,0.436,0
0.711,0.758,0.462,0.627,0.937,1
0.345,0.687,0.297,0.388,0.554,2
0.126,0.443,0.903,0.388,0.452,4
0.161,0.236,0.693,0.355,0.333,4
0.669,0.297,0.313,0.415,0.863,3
0.472,0.827,0.248,0.591,0.532,1
0.735,0.491,0.226,0.316,0.878,3
0.45,0.841,0.081,0.609,0.281,2
0.179,0.227,0.734,0.31,0.036,0
0.308,0.71,0.126,0.601,0.396,2
0.9,0.507,0.289,0.126,0.732,3
0.271,0.83,0.309,0.494,0.299,2
0.298,0.893,0.156,0.335,0.569,2
0.707,0.45,0.003,0.369,0.835,3
0.255,0.344,0.739,0.546,0.508,4
0.123,0.103,0.887,0.534,0.334,4
0.759,0.937,0.21,0.706,0.65,1
0.599,0.461,0.342,0.552,0.926,3
0.756,0.326,0.183,0.284,0.888,3
0.068,0.161,0.831,0.497,0.282,4
0.255,0.415,0.712,0.341,0.324,4
0.243,0.366,0.853,0.501,0.387,4
0.414,0.762,0.283,0.395,0.361,2
0.748,0.566,0.248,0.253,0.88,3
0.529,0.888,0.384,0.616,0.709,1
0.291,0.787,0.28,0.691,0.599,2
0.567,0.608,0.286,0.399,0.883,3
0.153,0.289,0.822,0.514,0.443,4
0.252,0.803,0.405,0.295,0.493,2
0.253,0.304,0.85,0.296,0.155,0
0.424,0.603,0.304,0.449,0.616,2
0.668,0.913,0.332,0.667,0.936,1
0.239,0.342,0.911,0.517,0.404,4
0.398,0.458,0.84,0.388,0.502,4
0.661,0.874,0.134,0.751,0.774,1
0.74,0.851,0.287,0.572,0.893,1
0.106,0.326,0.896,0.691,0.62,4
0.656,0.369,0.09,0.337,0.817,3
0.428,0.742,0.334,0.419,0.47,2
0.157,0.299,0.874,0.4,0.025,0
0.26,0.282,0.888,0.242,0.377,0
0.724,0.493,0.292,0.382,0.863,3
0.333,0.517,0.265,0.45,0.614,2
0.752,0.912,0.234,0.597,0.662,1
0.772,0.217,0.478,0.255,0.831,3
0.617,0.867,0.116,0.657,0.859,1
0.733,0.879,0.302,0.679,0.619,1
0.603,0.807,0.121,0.584,0.53,1
0.706,0.792,0.241,0.599,0.685,1
0.795,0.328,0.256,0.268,0.893,3
0.805,0.836,0.397,0.568,0.819,1
0.811,0.556,0.295,0.571,0.871,3
0.83,0.945,0.426,0.663,0.608,1
0.458,0.773,0.243,0.379,0.433,2
0.304,0.601,0.177,0.431,0.521,2
0.195,0.393,0.912,0.652,0.417,4
0.297,0.698,0.136,0.52,0.306,2
0.783,0.895,0.148,0.596,0.552,1
0.088,0.38,0.821,0.266,0.076,0
0.769,0.507,0.429,0.216,0.762,3
0.709,0.449,0.437,0.411,0.89,3
0.548,0.63,0.195,0.228,0.787,3
0.081,0.292,0.904,0.431,0.427,4
0.128,0.266,0.761,0.325,0.521,4
0.545,0.494,0.247,0.435,0.52,2
0.191,0.049,0.712,0.34,0.2,0
0.1,0.352,0.856,0.294,0.275,4
0.92,0.405,0.152,0.311,0.919,3
0.293,0.677,0.34,0.418,0.278,2
0.007,0.399,0.868,0.374,0.679,4
0.569,0.808,0.308,0.742,0.709,1
0.341,0.776,0.249,0.578,0.461,2
0.367,0.909,0.37,0.601,0.539,2
0.599,0.968,0.436,0.758,0.767,1
0.745,0.738,0.462,0.626,0.501,1
0.234,0.566,0.31,0.364,0.487,2
0.62,0.582,0.369,0.372,0.747,3
0.317,0.741,0.348,0.4,0.499,2
0.698,0.851,0.403,0.577,0.864,1
0.144,0.303,0.729,0.356,0.475,4
0.284,0.402,0.91,0.456,0.403,4
0.169,0.304,0.944,0.446,0.048,0
0.608,0.829,0.326,0.811,0.57,1
0.005,0.268,0.866,0.514,0.454,4
0.855,0.885,0.12,0.611,0.619,1
0.768,0.361,0.045,0.372,0.908,3
0.057,0.372,0.784,0.378,0.277,4
0.054,0.265,0.916,0.272,0.219,0
0.253,0.181,0.843,0.382,0.108,0
0.351,0.258,0.88,0.445,0.495,4
0.352,0.836,0.252,0.413,0.489,2
0.158,0.297,0.867,0.399,0.453,4
0.798,0.465,0.283,0.206,0.726,3
0.266,0.882,0.205,0.494,0.356,2
0.66,0.542,0.317,0.521,0.919,3
0.665,0.922,0.342,0.553,0.508,1
0.618,0.333,0.247,0.455,0.578,3
0.162,0.281,0.883,0.25,0.253,0
0.612,0.541,0.28,0.373,0.932,3
0.468,0.595,0.336,0.53,0.594,2
0.112,0.553,0.798,0.265,0.4,4
0.126,0.417,0.838,0.347,0.002,0
0.707,0.773,0.272,0.584,0.732,1
0.292,0.693,0.509,0.383,0.428,2
0.885,0.483,0.186,0.449,0.815,3
0.456,0.812,0.128,0.572,0.617,2
0.705,0.929,0.223,0.696,0.896,1
0.028,0.26,0.792,0.403,0.38,4
0.134,0.414,0.878,0.688,0.468,4
0.888,0.442,0.32,0.259,0.714,3
0.742,0.996,0.165,0.55,0.728,1
0.01,0.423,0.837,0.338,0.159,0
0.285,0.729,0.14,0.378,0.513,2
0.081,0.534,0.201,0.654,0.316,2
0.324,0.632,0.16,0.481,0.416,2
0.667,0.905,0.368,0.567,0.808,1
0.219,0.136,0.887,0.463,0.152,0
0.826,0.49,0.242,0.33,0.934,3
0.273,0.371,0.953,0.385,0.502,4
0.745,0.402,0.193,0.434,0.834,3
0.644,0.422,0.186,0.201,0.794,3
0.296,0.179,0.962,0.568,0.489,4
0.647,0.356,0.191,0.421,0.824,3
0.766,0.898,0.152,0.685,0.687,1
0.699,0.855,0.341,0.593,0.648,1
0.121,0.167,0.895,0.26,0.176,0
0.386,0.702,0.325,0.35,0.414,2
0.808,0.422,0.288,0.383,0.677,3
0.402,0.251,0.747,0.209,0.26,0
0.705,0.46,0.262,0.478,0.722,3
0.135,0.723,0.286,0.42,0.524,2
0.28,0.155,0.86,0.649,0.428,4
0.464,0.827,0.328,0.601,0.414,2
0.331,0.69,0.302,0.601,0.459,2
0.742,0.861,0.139,0.635,0.732,1
0.23,0.212,0.838,0.373,0.271,4
0.168,0.297,0.954,0.567,0.416,4
0.753,0.614,0.278,0.497,0.883,3
0.69,0.661,0.336,0.512,0.666,1
0.292,0.222,0.714,0.374,0.225,0
0.191,0.168,0.89,0.311,0.066,0
0.262,0.751,0.244,0.643,0.46,2
0.266,0.982,0.444,0.579,0.562,2
0.19,0.322,0.923,0.439,0.129,0
0.344,0.642,0.198,0.485,0.544,2
0.231,0.627,0.218,0.509,0.513,2
0.211,0.417,0.897,0.259,0.316,0
0.265,0.588,0.135,0.267,0.446,2
0.22,0.637,0.404,0.31,0.437,2
0.608,0.823,0.254,0.542,0.898,1
0.076,0.369,0.792,0.288,0.253,0
0.098,0.176,0.882,0.437,0.327,4
0.755,0.921,0.09,0.527,0.693,1
0.776,0.306,0.311,0.482,0.881,3
0.21,0.235,0.819,0.373,0.459,4
0.191,0.212,0.863,0.336,0.342,4
0.358,0.845,0.297,0.7,0.615,2
0.024,0.397,0.856,0.223,0.339,4
0.77,0.899,0.39,0.685,0.61,1
0.194,0.17,0.8,0.378,0.04,0
0.119,0.336,0.73,0.334,0.388,4
0.214,0.118,0.918,0.44,0.33,0
0.427,0.88,0.279,0.67,0.395,2
0.503,0.698,0.381,0.318,0.41,2
0.04,0.077,0.72,0.053,0.026,0
0.312,0.6,0.391,0.426,0.64,2
0.593,0.484,0.186,0.3,0.78,3
0.219,0.211,0.98,0.376,0.133,0
0.726,0.482,0.168,0.342,0.839,3
0.166,0.339,0.639,0.502,0.566,4
0.155,0.652,0.246,0.337,0.616,2
0.133,0.303,0.921,0.474,0.014,0
0.197,0.235,0.606,0.576,0.402,4
0.756,0.27,0.293,0.389,0.896,3
0.167,0.206,0.818,0.356,0.362,4
0.433,0.735,0.286,0.441,0.238,2
0.098,0.239,0.63,0.24,0.34,4
0.184,0.072,0.809,0.48,0.468,4
0.018,0.297,0.786,0.319,0.558,4
0.026,0.106,0.816,0.33,0.263,0
0.592,0.859,0.224,0.84,0.604,1
0.332,0.882,0.216,0.472,0.43,2
0.754,0.422,0.402,0.664,0.851,3
0.711,0.904,0.21,0.652,0.674,1
0.344,0.226,0.831,0.228,0.323,0
0.347,0.782,0.176,0.461,0.48,2
0.214,0.35,0.869,0.576,0.237,4
0.233,0.21,0.788,0.278,0.254,0
0.133,0.443,0.863,0.522,0.497,4
0.345,0.722,0.265,0.465,0.476,2
0.407,0.792,0.245,0.331,0.558,2
0.412,0.565,0.289,0.436,0.549,2
0.328,0.092,0.757,0.177,0.048,0
0.061,0.325,0.772,0.678,0.398,4
0.47,0.705,0.44,0.44,0.538,2
0.11,0.21,0.85,0.293,0.042,0
0.394,0.561,0.441,0.493,0.57,2
0.659,0.437,0.116,0.531,0.824,3
0.025,0.323,0.869,0.405,0.532,4
0.745,0.5,0.223,0.381,0.763,3
0.643,0.816,0.529,0.584,0.645,1
0.457,0.292,0.752,0.397,0.252,0
0.746,0.41,0.334,0.367,0.731,3
0.012,0.419,0.897,0.489,0.253,4
0.251,0.248,0.832,0.295,0.006,0
0.197,0.182,0.778,0.412,0.211,0
0.13,0.346,0.947,0.452,0.335,4
0.818,0.778,0.199,0.47,0.536,1
0.068,0.206,0.952,0.259,0.193,0
0.806,0.466,0.129,0.415,0.977,3
0.701,0.421,0.288,0.449,0.897,3
0.619,0.786,0.191,0.646,0.605,1
0.776,0.329,0.098,0.468,0.877,3
0.643,0.47,0.336,0.275,0.766,3
0.255,0.262,0.884,0.229,0.198,0
0.653,0.868,0.199,0.645,0.711,1
0.647,0.6,0.16,0.289,0.739,3
0.625,0.912,0.363,0.53,0.65,1
0.093,0.211,0.83,0.404,0.494,4
0.789,0.481,0.237,0.435,0.775,3
0.837,0.485,0.408,0.446,0.938,3
0.081,0.363,0.868,0.219,0.358,0
0.77,0.45,0.223,0.322,0.883,3
0.129,0.381,0.871,0.356,0.336,4
0.166,0.136,0.752,0.116,0.07,0
0.216,0.667,0.153,0.339,0.457,2
0.214,0.42,0.81,0.326,0.019,0
0.426,0.787,0.255,0.496,0.448,2
0.022,0.307,0.922,0.461,0.505,4
0.153,0.468,0.813,0.443,0.394,4
0.711,0.842,0.205,0.605,0.596,1
0.11,0.259,0.826,0.382,0.322,4
0.252,0.27,0.817,0.355,0.244,0
0.257,0.647,0.37,0.477,0.367,2
0.546,0.601,0.335,0.515,0.527,2
0.889,0.923,0.225,0.481,0.706,1
0.878,0.474,0.444,0.461,0.973,3
0.868,0.321,0.124,0.432,0.959,3
0.765,0.762,0.357,0.574,0.806,1
0.756,0.449,0.127,0.422,0.75,3
0.8,0.311,0.233,0.316,0.801,3
0.142,0.397,0.825,0.414,0.297,4
0.071,0.296,0.898,0.41,0.269,4
0.089,0.342,0.846,0.322,0.16,0
0.578,0.902,0.397,0.597,0.635,1
0.206,0.357,0.812,0.201,0.122,0
0.209,0.215,0.873,0.351,0.049,0
0.056,0.26,0.859,0.484,0.662,4
0.982,0.836,0.377,0.678,0.654,1
0.483,0.547,0.199,0.539,0.436,2
0.8,0.453,0.282,0.197,0.849,3
0.53,0.949,0.312,0.737,0.708,1
0.558,0.7,0.247,0.557,0.631,2
0.606,0.803,0.259,0.861,0.828,1
0.755,0.512,0.147,0.261,0.821,3
0.445,0.805,0.252,0.571,0.743,1
0.357,0.654,0.376,0.42,0.522,2
0.878,0.617,0.426,0.363,0.897,3
0.788,0.479,0.257,0.371,0.753,3
0.705,0.781,0.213,0.654,0.672,1
0.335,0.599,0.207,0.496,0.414,2
0.712,0.877,0.222,0.633,0.563,1
0.208,0.668,0.371,0.407,0.432,2
0.639,0.418,0.116,0.423,0.695,3
0.7,0.944,0.488,0.603,0.65,1
0.087,0.473,0.688,0.66,0.418,4
0.416,0.771,0.353,0.463,0.582,2
0.586,0.982,0.27,0.642,0.515,1
0.134,0.391,0.931,0.369,0.09,0
0.191,0.285,0.752,0.12,0.049,0
0.157,0.45,0.991,0.454,0.524,4
0.631,0.759,0.217,0.663,0.708,1
0.315,0.636,0.109,0.364,0.537,2
0.044,0.206,0.867,0.517,0.169,0
0.094,0.324,0.626,0.397,0.359,4
0.21,0.293,0.814,0.319,0.054,0
0.259,0.865,0.309,0.331,0.447,2
0.495,0.735,0.208,0.544,0.532,2
0.586,0.804,0.273,0.582,0.611,1
0.13,0.183,0.697,0.328,0.075,0
0.323,0.261,0.863,0.459,0.365,4
0.249,0.465,0.87,0.41,0.389,4
0.639,0.714,0.169,0.701,0.673,1
0.426,0.946,0.373,0.396,0.442,2
0.791,0.454,0.259,0.399,0.827,3
0.364,0.768,0.187,0.294,0.633,2
0.62,0.935,0.39,0.357,0.649,1
0.096,0.475,0.909,0.638,0.64,4
0.309,0.766,0.286,0.352,0.315,2
0.305,0.637,0.181,0.502,0.531,2
0.847,0.428,0.333,0.444,0.877,3
0.056,0.211,0.889,0.543,0.016,0
0.76,0.86,0.178,0.67,0.483,1
0.563,0.989,0.262,0.761,0.521,1
0.846,0.344,0.379,0.247,0.727,3
0.164,0.237,0.945,0.338,0.165,0
0.686,0.445,0.158,0.379,0.799,3
0.333,0.319,0.822,0.394,0.394,4
0.731,0.494,0.336,0.364,0.79,3
0.088,0.452,0.807,0.476,0.393,4
0.574,0.832,0.185,0.615,0.718,1
0.13,0.249,0.842,0.476,0.19,4
0.212,0.458,0.956,0.502,0.377,4
0.18,0.772,0.189,0.483,0.374,2
0.66,0.947,0.314,0.626,0.685,1
0.822,0.646,0.387,0.379,0.924,3
0.645,0.991,0.205,0.561,0.693,1
0.235,0.628,0.195,0.502,0.637,2
0.133,0.065,0.856,0.588,0.45,4
0.442,0.756,0.215,0.58,0.441,2
0.034,0.395,0.822,0.448,0.404,4
0.854,0.496,0.429,0.503,0.824,3
0.795,0.584,0.325,0.36,0.847,3
0.86,0.925,0.276,0.551,0.659,1
0.656,0.508,0.191,0.2,0.931,3
0.901,0.3,0.185,0.467,0.893,3
0.148,0.521,0.957,0.631,0.382,4
0.302,0.759,0.307,0.42,0.499,2
0.108,0.422,0.851,0.38,0.315,4
0.564,0.646,0.359,0.583,0.562,2
0.202,0.863,0.051,0.411,0.469,2
0.199,0.082,0.929,0.474,0.24,0
0.328,0.717,0.433,0.498,0.441,2
0.417,0.708,0.394,0.437,0.408,2
0.298,0.378,0.915,0.458,0.594,4
0.251,0.464,0.793,0.227,0.59,4
0.903,0.601,0.229,0.415,0.886,3
0.303,0.74,0.466,0.689,0.288,2
0.034,0.41,0.827,0.484,0.439,4
0.673,0.354,0.203,0.408,0.792,3
0.063,0.176,0.921,0.485,0.518,4
0.346,0.17,0.847,0.448,0.183,0
0.631,0.751,0.184,0.404,0.638,1
0.676,0.425,0.342,0.333,0.714,3
0.201,0.251,0.69,0.037,0.074,0
0.355,0.628,0.291,0.491,0.361,2
0.175,0.552,0.889,0.615,0.565,4
0.225,0.241,0.662,0.223,0.17,0
0.195,0.037,0.698,0.208,0.079,0
0.51,0.774,0.307,0.333,0.532,2
0.084,0.197,0.835,0.18,0.024,0
0.234,0.271,0.913,0.468,0.078,0
0.69,0.782,0.116,0.692,0.587,1
0.176,0.191,0.706,0.36,0.45,4
0.8,0.653,0.217,0.54,0.814,3
0.237,0.121,0.831,0.485,0.054,0
0.226,0.245,0.831,0.182,0.216,0
0.062,0.402,0.973,0.538,0.304,4
0.381,0.665,0.362,0.453,0.441,2
0.064,0.323,0.694,0.363,0.201,4
0.564,0.931,0.339,0.701,0.398,1
0.249,0.363,0.901,0.322,0.191,0
0.222,0.148,0.873,0.284,0.043,0
0.844,0.757,0.398,0.51,0.653,1
0.6,0.763,0.199,0.541,0.487,1
0.206,0.581,0.229,0.438,0.551,2
0.062,0.35,0.692,0.42,0.587,4
0.124,0.398,0.929,0.399,0.287,4
0.884,0.34,0.409,0.388,0.748,3
0.148,0.335,0.698,0.39,0.187,0
0.317,0.115,0.772,0.18,0.125,0
0.283,0.251,0.908,0.418,0.152,0
0.175,0.365,0.845,0.363,0.19,0
0.73,0.843,0.395,0.66,0.552,1
0.577,0.956,0.055,0.651,0.831,1
0.38,0.505,0.202,0.385,0.548,2
0.111,0.333,0.865,0.379,0.14,0
0.335,0.803,0.305,0.453,0.323,2
0.231,0.047,0.94,0.292,0.068,0
0.177,0.234,0.879,0.473,0.304,4
0.784,0.843,0.379,0.687,0.832,1
0.309,0.628,0.249,0.47,0.552,2
0.181,0.34,0.947,0.241,0.251,0
0.398,0.882,0.243,0.486,0.296,2
0.143,0.43,0.895,0.612,0.334,4
0.24,0.315,0.709,0.316,0.18,0
0.543,0.944,0.069,0.528,0.654,1
0.798,0.526,0.225,0.296,0.918,3
0.797,0.513,0.175,0.286,0.85,3
0.211,0.227,0.87,0.483,0.17,0
0.919,0.646,0.387,0.564,0.55,1
0.114,0.168,0.939,0.421,0.255,0
0.053,0.17,0.908,0.438,0.131,0
0.071,0.204,0.857,0.556,0.468,4
0.391,0.682,0.067,0.643,0.641,1
0.699,0.733,0.33,0.821,0.694,1
0.092,0.214,0.775,0.456,0.317,4
0.869,0.471,0.305,0.488,0.858,3
0.912,0.5,0.255,0.211,0.805,3
0.731,0.524,0.311,0.473,0.879,3
0.445,0.727,0.332,0.355,0.477,2
0.37,0.649,0.185,0.571,0.42,2
0.364,0.307,0.89,0.279,0.11,0
0.077,0.282,0.828,0.349,0.055,0
0.689,0.923,0.391,0.626,0.779,1
0.353,0.622,0.353,0.414,0.286,2
0.807,0.573,0.229,0.434,0.87,3
0.5,0.689,0.345,0.346,0.461,2
0.149,0.429,0.678,0.404,0.524,4
0.905,0.412,0.155,0.297,0.881,3
0.414,0.631,0.203,0.535,0.454,2
0.798,0.816,0.159,0.643,0.688,1
0.54,0.735,0.301,0.493,0.319,2
0.558,0.788,0.242,0.738,0.567,1
0.592,0.847,0.224,0.858,0.666,1
0.059,0.363,0.965,0.384,0.005,0
0.859,0.837,0.228,0.601,0.737,1
0.288,0.316,0.873,0.39,0.419,4
0.085,0.324,0.911,0.53,0.427,4
0.045,0.002,0.873,0.308,0.102,0
0.437,0.758,0.497,0.464,0.312,2
0.336,0.798,0.204,0.32,0.415,2
0.74,0.868,0.227,0.604,0.618,1
0.688,0.456,0.379,0.462,0.826,3
0.721,0.931,0.226,0.595,0.709,1
0.872,0.777,0.187,0.664,0.8,1
0.248,0.105,0.892,0.244,0.182,0
0.251,0.427,0.856,0.374,0.337,4
0.716,0.51,0.317,0.349,0.904,3
0.794,0.434,0.206,0.422,0.831,3
0.701,0.205,0.267,0.508,0.738,3
0.742,0.917,0.1,0.61,0.679,1
0.294,0.594,0.198,0.317,0.529,2
0.747,0.38,0.264,0.33,0.766,3
0.701,0.862,0.166,0.5,0.585,1
0.282,0.294,0.902,0.352,0.202,0
0.118,0.387,0.852,0.275,0.408,4
0.787,0.951,0.398,0.872,0.692,1
0.724,0.484,0.257,0.338,0.857,3
0.506,0.69,0.03,0.393,0.821,3
0.789,0.815,0.189,0.721,0.688,1
0.251,0.354,0.787,0.208,0.094,0
0.108,0.245,0.703,0.4,0.005,0
0.127,0.426,0.731,0.39,0.195,0
0.312,0.87,0.148,0.649,0.719,2
0.734,0.439,0.339,0.386,0.924,3
0.343,0.66,0.233,0.499,0.295,2
0.662,0.442,0.165,0.238,0.948,3
0.749,0.911,0.126,0.576,0.699,1
0.848,0.367,0.382,0.581,0.763,3
0.4,0.754,0.19,0.524,0.613,2
0.741,0.651,0.216,0.349,0.794,3
0.73,0.962,0.162,0.433,0.563,1
0.846,0.34,0.335,0.233,0.696,3
0.74,0.2,0.216,0.255,0.765,3
0.33,0.202,0.94,0.234,0.183,0
0.688,0.376,0.138,0.403,0.808,3
0.522,0.811,0.344,0.654,0.763,1
0.708,0.785,0.363,0.734,0.643,1
0.182,0.663,0.136,0.465,0.411,2
0.642,0.778,0.427,0.72,0.86,1
0.639,0.541,0.311,0.343,0.838,3
0.926,0.77,0.229,0.536,0.776,1
0.141,0.087,0.872,0.125,0.212,0
0.228,0.167,0.734,0.268,0.077,0
0.304,0.784,0.328,0.597,0.499,2
0.719,0.367,0.195,0.008,0.966,3
0.293,0.277,0.801,0.468,0.356,4
0.303,0.713,0.252,0.366,0.301,2
0.166,0.374,0.92,0.661,0.332,4
0.707,0.86,0.255,0.619,0.593,1
0.165,0.434,0.923,0.373,0.26,4
0.821,0.485,0.273,0.526,0.937,3
0.769,0.906,0.207,0.708,0.623,1
0.091,0.309,0.754,0.298,0.338,0
0.071,0.255,0.694,0.35,0.43,4
0.234,0.214,0.986,0.318,0.281,4
0.736,0.38,0.248,0.299,0.792,3
0.658,0.55,0.277,0.436,0.791,3
0.8,0.37,0.179,0.419,0.828,3
0.696,0.786,0.269,0.715,0.609,1
0.921,0.337,0.326,0.588,0.754,3
0.71,0.301,0.288,0.345,0.738,3
0.368,0.675,0.276,0.453,0.604,2
0.273,0.408,0.884,0.528,0.39,4
0.84,0.433,0.22,0.371,0.978,3
0.225,0.046,0.899,0.436,0.184,0
0.195,0.732,0.287,0.385,0.301,2
0.119,0.398,0.905,0.102,0.068,0
0.431,0.649,0.158,0.485,0.462,2
0.599,0.916,0.342,0.66,0.419,1
0.575,0.832,0.303,0.509,0.507,2
0.307,0.403,0.892,0.525,0.439,4
0.551,0.887,0.405,0.641,0.663,1
0.8,0.433,0.325,0.377,0.783,3
0.256,0.241,0.879,0.42,0.085,0
0.652,0.916,0.373,0.676,0.722,1
0.257,0.293,0.798,0.372,0.057,0
0.022,0.251,0.871,0.45,0.388,4
0.728,0.44,0.215,0.345,0.731,3
0.284,0.427,0.963,0.485,0.573,4
0.444,0.683,0.134,0.524,0.444,2
0.193,0.21,0.789,0.313,0.179,0
0.428,0.658,0.324,0.394,0.443,2
0.189,0.273,0.797,0.226,0.096,0
0.931,0.281,0.262,0.241,0.75,3
0.881,0.547,0.136,0.308,0.725,3
0.715,0.808,0.096,0.634,0.849,1
