0.477,0.601,0.414,0.494,0.526,2
0.327,0.648,0.354,0.586,0.494,2
0.278,0.267,0.932,0.413,0.149,0
0.602,0.892,0.363,0.517,0.7,1
0.036,0.258,0.837,0.256,0.498,4
0.776,0.862,0.141,0.723,0.745,1
0.263,0.495,0.697,0.528,0.35,4
0.007,0.272,0.879,0.205,0.272,0
0.69,0.861,0.158,0.694,0.725,1
0.12,0.215,0.733,0.408,0.225,0
0.212,0.25,0.857,0.396,0.117,0
0.226,0.498,0.816,0.364,0.362,4
0.253,0.635,0.334,0.611,0.44,2
0.212,0.474,0.83,0.654,0.483,4
0.206,0.243,0.832,0.229,0.093,0
0.723,0.54,0.24,0.375,0.774,3
0.302,0.667,0.357,0.449,0.457,2
0.095,0.162,0.857,0.188,0.146,0
0.716,0.186,0.168,0.253,0.685,3
0.619,0.817,0.245,0.535,0.647,1
0.171,0.299,0.92,0.245,0.225,0
0.179,0.182,0.731,0.227,0.226,0
0.706,0.936,0.086,0.546,0.668,1
0.098,0.325,0.855,0.334,0.105,0
0.818,0.96,0.398,0.832,0.559,1
0.19,0.201,0.914,0.437,0.464,4
0.41,0.835,0.189,0.384,0.561,2
0.823,0.316,0.062,0.385,0.873,3
0.391,0.767,0.237,0.607,0.569,2
0.614,0.938,0.297,0.802,0.598,1
0.388,0.584,0.272,0.316,0.453,2
0.079,0.353,0.799,0.354,0.033,0
0.761,0.418,0.256,0.401,0.944,3
0.304,0.379,0.937,0.215,0.08,0
0.295,0.891,0.275,0.566,0.404,2
0.63,0.644,0.226,0.288,0.662,3
0.741,0.902,0.221,0.605,0.681,1
0.411,0.776,0.386,0.319,0.518,2
0.132,0.055,0.949,0.192,0.15,0
0.255,0.413,0.842,0.25,0.036,0
0.649,0.845,0.343,0.455,0.547,1
0.807,0.388,0.201,0.311,0.888,3
0.763,0.817,0.22,0.714,0.609,1
0.597,0.919,0.183,0.618,0.671,1
0.752,0.356,0.199,0.401,0.834,3
0.882,0.434,0.202,0.246,0.768,3
0.445,0.64,0.14,0.361,0.475,2
0.777,0.456,0.335,0.436,0.802,3
0.588,0.442,0.182,0.491,0.818,3
0.22,0.393,0.867,0.614,0.382,4
0.103,0.563,0.816,0.632,0.338,4
0.243,0.217,0.84,0.273,0.061,0
0.837,0.625,0.214,0.224,0.686,3
0.128,0.694,0.374,0.594,0.402,2
0.651,0.807,0.189,0.543,0.843,1
0.216,0.703,0.236,0.54,0.525,2
0.347,0.73,0.263,0.375,0.307,2
0.707,0.43,0.165,0.244,0.94,3
0.63,0.872,0.059,0.535,0.905,1
0.696,0.864,0.353,0.596,0.65,1
0.184,0.374,0.812,0.439,0.471,4
0.582,0.887,0.306,0.66,0.741,1
0.309,0.729,0.325,0.337,0.475,2
0.195,0.323,0.835,0.323,0.073,0
0.396,0.723,0.279,0.394,0.519,2
0.054,0.224,0.826,0.279,0.09,0
0.056,0.458,0.828,0.331,0.099,0
0.099,0.399,0.906,0.595,0.469,4
0.764,0.841,0.215,0.531,0.848,1
0.253,0.728,0.236,0.533,0.307,2
0.664,0.661,0.163,0.653,0.551,1
0.237,0.765,0.359,0.384,0.519,2
0.58,0.957,0.242,0.736,0.504,1
0.304,0.659,0.23,0.553,0.38,2
0.678,0.414,0.39,0.511,0.954,3
0.097,0.423,0.764,0.522,0.445,4
0.687,0.729,0.264,0.595,0.461,1
0.401,0.593,0.269,0.436,0.605,2
0.302,0.201,0.821,0.328,0.152,0
0.121,0.141,0.964,0.354,0.581,4
0.044,0.06,0.614,0.337,0.209,0
0.604,0.469,0.247,0.44,0.856,3
0.728,0.769,0.3,0.826,0.578,1
0.906,0.523,0.356,0.412,0.719,3
0.666,0.579,0.343,0.243,0.891,3
0.754,0.299,0.317,0.449,0.98,3
0.717,0.875,0.065,0.633,0.524,1
0.702,0.497,0.142,0.395,0.914,3
0.094,0.251,0.824,0.332,0.13,0
0.028,0.374,0.812,0.426,0.331,4
0.084,0.273,0.7,0.355,0.449,4
0.141,0.395,0.96,0.35,0.367,4
0.841,0.976,0.104,0.621,0.775,1
0.793,0.895,0.236,0.49,0.76,1
0.357,0.65,0.211,0.524,0.449,2
0.935,0.497,0.185,0.487,0.823,3
0.104,0.192,0.948,0.227,0.115,0
0.801,0.474,0.214,0.494,0.836,3
0.624,0.79,0.335,0.667,0.801,1
0.197,0.351,0.883,0.283,0.424,4
0.61,0.762,0.255,0.535,0.632,1
0.976,0.844,0.363,0.693,0.586,1
0.05,0.311,0.908,0.349,0.422,4
0.249,0.511,0.257,0.63,0.425,2
0.38,0.768,0.286,0.542,0.492,2
0.167,0.301,0.834,0.548,0.47,4
0.01,0.264,0.639,0.38,0.377,4
0.76,0.852,0.272,0.604,0.597,1
0.808,0.409,0.251,0.262,0.738,3
0.683,0.783,0.347,0.572,0.565,1
0.168,0.285,0.714,0.328,0.186,0
0.271,0.208,0.905,0.285,0.14,0
0.372,0.72,0.209,0.294,0.584,2
0.871,0.321,0.299,0.4,0.889,3
0.204,0.253,0.88,0.259,0.218,0
0.741,0.434,0.413,0.226,0.926,3
0.034,0.298,0.973,0.531,0.426,4
0.173,0.256,0.907,0.431,0.448,4
0.295,0.299,0.819,0.46,0.395,4
0.146,0.202,0.853,0.541,0.143,0
0.804,0.483,0.153,0.358,0.82,3
0.765,0.509,0.32,0.47,0.586,3
0.691,0.887,0.284,0.573,0.645,1
0.174,0.187,0.968,0.463,0.355,4
0.427,0.811,0.381,0.447,0.514,2
0.654,0.911,0.205,0.743,0.733,1
0.754,0.374,0.136,0.235,0.715,3
0.179,0.825,0.07,0.509,0.298,2
0.648,0.474,0.087,0.339,0.869,3
0.172,0.395,0.785,0.592,0.504,4
0.643,0.884,0.191,0.525,0.58,1
0.181,0.36,0.899,0.462,0.364,4
0.12,0.094,0.817,0.277,0.279,0
0.781,0.597,0.337,0.456,0.917,3
0.55,0.839,0.251,0.576,0.693,1
0.987,0.55,0.313,0.269,0.581,3
0.702,0.352,0.243,0.46,0.835,3
0.252,0.167,0.893,0.317,0.067,0
0.197,0.509,0.918,0.333,0.405,4
0.605,0.815,0.064,0.614,0.705,1
0.781,0.988,0.278,0.6,0.548,1
0.249,0.636,0.273,0.497,0.422,2
0.32,0.722,0.338,0.446,0.793,2
0.081,0.403,0.85,0.319,0.018,0
0.133,0.36,0.899,0.468,0.164,0
0.249,0.747,0.385,0.5,0.566,2
0.328,0.676,0.33,0.386,0.574,2
0.556,0.749,0.189,0.339,0.507,2
0.077,0.283,0.837,0.244,0.08,0
0.665,0.804,0.288,0.684,0.736,1
0.72,0.477,0.163,0.268,0.825,3
0.121,0.298,0.824,0.263,0.287,0
0.55,0.762,0.247,0.692,0.647,1
0.239,0.181,0.77,0.392,0.256,0
0.753,0.795,0.271,0.708,0.7,1
0.715,0.72,0.059,0.55,0.54,1
0.915,0.326,0.201,0.348,0.773,3
0.601,0.533,0.244,0.191,0.707,3
0.035,0.329,0.808,0.311,0.368,4
0.756,0.516,0.184,0.488,0.937,3
0.152,0.093,0.838,0.247,0.315,0
0.802,0.624,0.303,0.377,0.856,3
0.412,0.679,0.152,0.475,0.506,2
0.657,0.714,0.369,0.65,0.724,1
0.82,0.534,0.346,0.304,0.923,3
0.341,0.818,0.28,0.312,0.525,2
0.224,0.382,0.745,0.262,0.231,0
0.721,0.669,0.288,0.35,0.909,3
0.105,0.336,0.818,0.581,0.383,4
0.263,0.205,0.881,0.457,0.116,0
0.639,0.46,0.286,0.3,0.662,3
0.669,0.824,0.193,0.564,0.687,1
0.2,0.233,0.72,0.703,0.414,4
0.703,0.868,0.323,0.532,0.734,1
0.104,0.189,0.723,0.417,0.491,4
0.058,0.314,0.754,0.51,0.334,4
0.519,0.878,0.354,0.793,0.744,1
0.168,0.297,0.913,0.357,0.439,4
0.172,0.216,0.867,0.422,0.416,4
0.702,0.87,0.295,0.517,0.723,1
0.609,0.674,0.206,0.596,0.559,1
0.171,0.335,0.822,0.326,0.455,4
0.204,0.243,0.659,0.338,0.4,4
0.472,0.75,0.25,0.661,0.4,2
0.274,0.733,0.168,0.513,0.462,2
0.194,0.288,0.817,0.339,0.107,0
0.152,0.22,0.995,0.431,0.321,4
0.779,0.399,0.256,0.297,0.767,3
0.064,0.249,0.909,0.451,0.607,4
0.326,0.338,0.836,0.203,0.161,0
0.236,0.235,0.768,0.371,0.201,0
0.507,0.71,0.432,0.39,0.495,2
0.084,0.208,0.978,0.262,0.314,4
0.782,0.89,0.074,0.724,0.641,1
0.115,0.264,0.917,0.232,0.097,0
0.698,0.848,0.343,0.637,0.465,1
0.941,0.429,0.263,0.342,0.923,3
0.717,0.957,0.173,0.344,0.576,1
0.753,0.51,0.307,0.355,0.802,3
0.055,0.247,0.848,0.351,0.388,4
0.346,0.694,0.39,0.378,0.347,2
0.695,0.544,0.29,0.202,0.771,3
0.371,0.777,0.153,0.485,0.57,2
0.563,0.937,0.373,0.52,0.696,1
0.188,0.371,0.889,0.393,0.362,4
0.361,0.66,0.289,0.433,0.502,2
0.007,0.373,0.84,0.607,0.515,4
0.869,0.501,0.364,0.335,0.938,3
0.407,0.516,0.377,0.473,0.577,2
0.228,0.287,0.932,0.271,0.132,0
0.497,0.616,0.302,0.533,0.58,1
0.635,0.891,0.185,0.65,0.567,1
0.802,0.57,0.276,0.317,0.826,3
0.373,0.802,0.246,0.396,0.563,2
0.627,0.838,0.288,0.688,0.523,1
0.709,0.482,0.294,0.438,0.843,3
0.215,0.232,0.872,0.584,0.326,4
0.519,0.617,0.293,0.578,0.679,1
0.902,0.793,0.285,0.566,0.633,1
0.642,0.209,0.374,0.386,0.838,3
0.658,0.427,0.244,0.466,0.885,3
0.189,0.258,0.869,0.348,0.46,4
0.701,0.51,0.167,0.288,0.95,3
0.277,0.189,0.809,0.359,0.289,0
0.732,0.418,0.279,0.385,0.745,3
0.768,0.868,0.228,0.357,0.724,1
0.966,0.656,0.098,0.442,0.872,3
0.122,0.305,0.759,0.118,0.146,0
0.657,0.723,0.26,0.522,0.668,1
0.0,0.342,0.818,0.451,0.442,4
0.335,0.229,0.716,0.167,0.074,0
0.54,0.993,0.23,0.645,0.632,1
0.232,0.644,0.341,0.282,0.59,2
0.72,0.714,0.158,0.591,0.726,1
0.216,0.225,0.705,0.348,0.151,0
0.136,0.148,0.835,0.124,0.242,0
0.557,0.766,0.156,0.674,0.655,1
0.562,0.906,0.35,0.543,0.84,1
0.758,0.423,0.289,0.453,0.905,3
0.095,0.312,0.891,0.312,0.328,0
0.617,0.717,0.253,0.569,0.685,1
0.431,0.641,0.272,0.564,0.489,2
0.346,0.765,0.174,0.445,0.436,2
0.252,0.187,0.739,0.384,0.071,0
0.504,0.826,0.331,0.582,0.538,2
0.235,0.267,0.946,0.298,0.058,0
0.195,0.335,0.802,0.454,0.476,4
0.247,0.065,0.988,0.403,0.348,4
0.146,0.164,0.805,0.123,0.055,0
0.217,0.292,0.713,0.395,0.525,4
0.775,0.797,0.287,0.553,0.741,1
0.613,0.691,0.408,0.193,0.898,3
0.841,0.412,0.166,0.348,0.905,3
0.163,0.303,0.759,0.441,0.389,4
0.622,0.914,0.243,0.745,0.732,1
0.038,0.313,0.808,0.459,0.377,4
0.089,0.345,0.809,0.381,0.507,4
0.306,0.425,0.766,0.514,0.348,4
0.082,0.346,0.928,0.557,0.419,4
0.217,0.233,0.777,0.41,0.188,0
0.622,0.421,0.206,0.337,0.821,3
0.192,0.193,0.684,0.507,0.504,4
0.172,0.305,0.748,0.304,0.18,0
0.714,0.933,0.119,0.726,0.622,1
0.659,0.266,0.213,0.375,0.869,3
0.135,0.761,0.29,0.521,0.548,2
0.814,0.714,0.34,0.688,0.78,1
0.755,0.384,0.106,0.397,0.578,3
0.572,0.821,0.366,0.559,0.697,1
0.72,0.289,0.275,0.373,0.776,3
0.374,0.775,0.251,0.576,0.595,2
0.655,0.971,0.363,0.781,0.538,1
0.114,0.342,0.945,0.418,0.397,4
0.178,0.69,0.237,0.312,0.36,2
0.201,0.222,0.91,0.54,0.324,4
0.017,0.344,0.98,0.319,0.37,4
0.652,0.598,0.301,0.331,0.734,3
0.285,0.364,0.97,0.298,0.078,0
0.638,0.79,0.255,0.623,0.774,1
0.193,0.107,0.976,0.363,0.374,4
0.416,0.508,0.904,0.337,0.138,0
0.206,0.288,0.849,0.232,0.162,0
0.258,0.887,0.217,0.384,0.43,2
0.818,0.505,0.263,0.365,0.798,3
0.181,0.308,0.831,0.465,0.519,4
0.181,0.731,0.206,0.42,0.58,2
0.642,0.799,0.27,0.636,0.647,1
0.318,0.206,0.931,0.076,0.239,0
0.356,0.734,0.241,0.463,0.313,2
0.729,0.769,0.196,0.421,0.565,1
0.148,0.169,0.927,0.407,0.438,4
0.102,0.326,0.588,0.477,0.405,4
0.372,0.662,0.252,0.396,0.719,2
0.778,0.284,0.224,0.222,0.927,3
0.134,0.313,0.748,0.536,0.647,4
0.109,0.079,0.849,0.132,0.15,0
0.775,0.874,0.363,0.609,0.65,1
0.613,0.69,0.188,0.284,0.954,3
0.227,0.193,0.784,0.436,0.345,4
0.413,0.645,0.332,0.437,0.591,2
0.55,0.521,0.308,0.455,0.646,2
0.157,0.255,0.891,0.366,0.2,0
0.265,0.212,0.867,0.379,0.273,0
0.65,0.386,0.151,0.509,0.884,3
0.1,0.538,0.876,0.355,0.421,4
0.244,0.237,0.86,0.139,0.02,0
0.57,0.407,0.409,0.573,0.808,3
0.39,0.779,0.359,0.466,0.533,2
0.47,0.76,0.173,0.509,0.442,2
0.835,0.502,0.059,0.317,0.799,3
0.289,0.411,0.735,0.468,0.503,4
0.125,0.305,0.978,0.554,0.277,4
0.078,0.393,0.75,0.174,0.126,0
0.729,0.438,0.206,0.233,0.796,3
0.312,0.861,0.265,0.449,0.491,2
0.522,0.817,0.322,0.727,0.466,1
0.213,0.305,0.826,0.461,0.058,0
0.16,0.227,0.817,0.391,0.004,0
0.238,0.363,0.823,0.474,0.569,4
0.697,0.443,0.232,0.472,0.818,3
0.216,0.212,0.794,0.209,0.14,0
0.164,0.396,0.688,0.397,0.18,0
0.398,0.701,0.32,0.428,0.608,2
0.414,0.808,0.324,0.54,0.463,2
0.566,0.738,0.299,0.635,0.901,1
0.15,0.213,0.777,0.346,0.267,0
0.516,0.693,0.264,0.527,0.692,1
0.241,0.408,1.0,0.339,0.121,0
0.265,0.384,0.958,0.364,0.078,0
0.277,0.589,0.265,0.463,0.452,2
0.883,0.452,0.401,0.405,0.935,3
0.812,0.335,0.325,0.336,0.681,3
0.065,0.062,0.876,0.576,0.492,4
0.706,0.517,0.285,0.367,0.667,3
0.655,0.771,0.403,0.908,0.472,1
0.101,0.209,0.959,0.509,0.471,4
0.511,0.466,0.233,0.49,0.897,3
0.834,0.886,0.426,0.719,0.601,1
0.365,0.692,0.214,0.408,0.453,2
0.248,0.036,0.917,0.224,0.201,0
0.75,0.897,0.259,0.724,0.551,1
0.731,0.386,0.338,0.457,0.838,3
0.258,0.782,0.307,0.417,0.538,2
0.64,0.797,0.209,0.468,0.535,1
0.144,0.588,0.19,0.535,0.471,2
0.21,0.33,0.695,0.462,0.39,4
0.419,0.695,0.354,0.555,0.42,2
0.166,0.399,0.92,0.276,0.069,0
0.777,0.784,0.169,0.806,0.791,1
0.555,0.875,0.331,0.662,0.703,1
0.367,0.539,0.331,0.52,0.313,2
0.592,0.915,0.372,0.549,0.532,1
0.363,0.599,0.271,0.602,0.556,2
0.245,0.212,0.894,0.36,0.093,0
0.844,0.935,0.139,0.669,0.758,1
0.207,0.306,0.917,0.309,0.532,4
0.187,0.334,0.911,0.473,0.341,4
0.743,0.937,0.296,0.822,0.736,1
0.75,0.733,0.103,0.749,0.528,1
0.168,0.257,0.841,0.138,0.154,0
0.407,0.697,0.172,0.444,0.731,2
0.182,0.395,0.757,0.448,0.33,4
0.84,0.398,0.203,0.208,0.957,3
0.239,0.675,0.372,0.572,0.531,2
0.645,0.73,0.131,0.726,0.813,1
0.567,0.995,0.103,0.725,0.636,1
0.641,0.908,0.373,0.826,0.458,1
0.064,0.379,0.741,0.532,0.277,4
0.385,0.701,0.411,0.467,0.494,2
0.903,0.412,0.179,0.427,0.866,3
0.53,0.936,0.277,0.565,0.673,1
0.741,0.256,0.196,0.289,0.77,3
0.707,0.888,0.244,0.762,0.757,1
0.112,0.376,0.859,0.376,0.477,4
0.856,0.417,0.344,0.347,0.684,3
0.121,0.278,0.948,0.462,0.465,4
0.436,0.75,0.194,0.388,0.38,2
0.1,0.397,0.776,0.513,0.421,4
0.855,0.828,0.248,0.486,0.707,1
0.543,0.652,0.328,0.479,0.416,2
0.782,0.973,0.343,0.695,0.587,1
0.244,0.082,0.827,0.389,0.197,0
0.117,0.281,0.757,0.372,0.382,4
0.777,0.741,0.355,0.781,0.536,1
0.343,0.853,0.033,0.376,0.487,2
0.092,0.478,0.833,0.43,0.351,4
0.235,0.301,0.719,0.442,0.211,0
0.218,0.241,0.619,0.39,0.365,4
0.694,0.491,0.274,0.429,0.863,3
0.727,0.77,0.12,0.567,0.621,1
0.177,0.658,0.247,0.435,0.54,2
0.695,0.784,0.105,0.602,0.772,1
0.733,0.485,0.274,0.181,0.73,3
0.564,0.357,0.322,0.316,0.897,3
0.191,0.214,0.866,0.245,0.191,0
0.139,0.274,0.878,0.391,0.289,0
0.749,0.849,0.208,0.662,0.686,1
0.723,0.469,0.382,0.369,0.873,3
0.773,0.443,0.339,0.464,0.751,3
0.768,0.891,0.264,0.662,0.746,1
0.334,0.69,0.246,0.552,0.574,2
0.162,0.194,0.876,0.339,0.001,0
0.722,0.725,0.195,0.576,0.687,1
0.751,0.826,0.257,0.621,0.698,1
0.597,0.926,0.439,0.406,0.946,1
0.641,0.55,0.255,0.425,0.797,3
0.215,0.763,0.399,0.372,0.415,2
0.281,0.234,0.935,0.494,0.531,4
0.185,0.821,0.191,0.37,0.452,2
0.677,0.749,0.408,0.595,0.922,1
0.587,0.894,0.432,0.656,0.743,1
0.594,0.823,0.184,0.718,0.732,1
0.105,0.302,0.896,0.438,0.379,4
0.084,0.231,0.958,0.241,0.104,0
0.418,0.657,0.222,0.569,0.647,2
0.203,0.249,0.996,0.566,0.585,4
0.265,0.201,0.787,0.477,0.475,4
0.542,0.82,0.25,0.472,0.369,2
0.661,0.388,0.316,0.335,0.828,3
0.095,0.18,0.937,0.418,0.244,4
0.707,0.859,0.435,0.626,0.598,1
0.492,0.703,0.003,0.797,0.589,1
0.387,0.615,0.375,0.278,0.497,2
0.62,0.665,0.308,0.81,0.767,1
0.605,0.706,0.303,0.435,0.895,3
0.155,0.237,0.961,0.385,0.151,0
0.333,0.563,0.081,0.613,0.569,2
0.695,0.411,0.398,0.418,0.794,3
0.075,0.282,0.736,0.45,0.062,0
0.488,0.141,0.924,0.03,0.038,0
0.459,0.67,0.255,0.437,0.46,2
0.396,0.837,0.315,0.661,0.759,1
0.144,0.185,0.914,0.266,0.329,0
0.811,0.543,0.278,0.498,0.975,3
0.597,0.898,0.228,0.592,0.586,1
0.326,0.711,0.237,0.306,0.33,2
0.175,0.295,0.764,0.398,0.21,4
0.864,0.595,0.31,0.199,0.75,3
0.3,0.642,0.427,0.355,0.472,2
0.271,0.327,0.998,0.292,0.24,0
0.175,0.344,0.736,0.356,0.447,4
0.739,0.298,0.264,0.356,0.921,3
0.075,0.36,0.905,0.428,0.258,4
0.81,0.623,0.165,0.212,0.905,3
0.134,0.4,0.893,0.376,0.468,4
0.302,0.544,0.331,0.555,0.477,2
0.398,0.78,0.4,0.438,0.536,2
0.168,0.286,0.665,0.592,0.417,4
0.756,0.531,0.436,0.401,0.819,3
0.208,0.153,0.798,0.256,0.083,0
0.136,0.323,0.902,0.271,0.204,0
0.706,0.475,0.312,0.333,0.84,3
0.378,0.676,0.347,0.64,0.468,2
0.571,0.824,0.29,0.652,0.675,1
0.141,0.39,0.917,0.533,0.394,4
0.396,0.605,0.568,0.504,0.563,2
0.292,0.773,0.166,0.332,0.293,2
0.796,0.934,0.271,0.662,0.772,1
0.734,0.613,0.093,0.725,0.712,1
0.67,0.25,0.158,0.182,0.846,3
0.249,0.335,0.891,0.553,0.333,4
0.246,0.794,0.313,0.435,0.531,2
0.121,0.355,0.972,0.547,0.563,4
0.871,0.776,0.166,0.763,0.632,1
0.759,0.472,0.316,0.401,0.83,3
0.513,0.858,0.144,0.644,0.566,1
0.608,0.499,0.272,0.302,0.907,3
0.232,0.029,0.77,0.077,0.149,0
0.559,0.87,0.286,0.605,0.631,1
0.224,0.097,0.807,0.241,0.088,0
0.01,0.18,0.701,0.229,0.065,0
0.175,0.17,0.928,0.345,0.214,0
0.151,0.339,0.806,0.254,0.363,4
0.283,0.414,0.778,0.342,0.258,4
0.18,0.304,0.885,0.404,0.366,4
0.102,0.246,0.993,0.543,0.427,4
0.255,0.559,0.237,0.461,0.545,2
0.236,0.292,0.829,0.226,0.094,0
0.702,0.985,0.434,0.692,0.822,1
0.523,0.752,0.31,0.558,0.491,2
0.171,0.27,0.877,0.449,0.449,4
0.76,0.292,0.166,0.356,0.962,3
0.825,0.337,0.357,0.347,0.827,3
0.307,0.706,0.246,0.445,0.537,2
0.733,0.219,0.121,0.167,0.933,3
0.801,0.467,0.274,0.284,0.929,3
0.086,0.086,0.838,0.138,0.131,0
0.452,0.658,0.199,0.457,0.463,2
0.661,0.905,0.296,0.778,0.691,1
0.028,0.297,0.669,0.443,0.356,4
0.701,0.494,0.387,0.371,0.925,3
0.358,0.17,0.716,0.327,0.122,0
0.534,0.957,0.482,0.542,0.764,1
0.689,0.339,0.26,0.446,0.838,3
0.658,0.482,0.269,0.306,0.97,3
0.288,0.796,0.236,0.368,0.477,2
0.691,0.906,0.196,0.484,0.795,1
0.679,0.993,0.225,0.715,0.595,1
0.191,0.32,0.789,0.314,0.249,4
0.12,0.238,0.956,0.364,0.054,0
