0.342,0.84,0.149,0.627,0.434,2
0.246,0.686,0.227,0.479,0.259,2
0.113,0.205,0.96,0.432,0.133,0
0.763,0.916,0.169,0.53,0.591,1
0.191,0.298,0.709,0.354,0.028,0
0.3,0.727,0.308,0.541,0.409,2
0.716,0.819,0.218,0.646,0.466,1
0.173,0.253,0.718,0.457,0.394,4
0.186,0.203,0.921,0.575,0.544,4
0.889,0.354,0.275,0.284,0.795,3
0.567,0.809,0.243,0.666,0.851,1
0.295,0.746,0.267,0.285,0.487,2
0.922,0.472,0.132,0.46,0.92,3
0.196,0.191,0.916,0.394,0.303,4
0.051,0.245,0.874,0.102,0.12,0
0.758,0.508,0.329,0.177,0.922,3
0.089,0.328,0.748,0.604,0.363,4
0.209,0.373,0.937,0.314,0.063,0
0.465,0.501,0.274,0.58,0.374,2
0.071,0.199,0.942,0.319,0.185,0
0.361,0.722,0.031,0.509,0.547,2
0.55,0.696,0.281,0.662,0.737,1
0.699,0.549,0.267,0.38,0.817,3
0.297,0.144,0.842,0.306,0.074,0
0.692,0.924,0.358,0.631,0.575,1
0.391,0.737,0.286,0.525,0.477,2
0.218,0.267,0.824,0.357,0.445,4
0.202,0.197,0.851,0.608,0.281,4
0.726,0.796,0.12,0.595,0.792,1
0.775,0.518,0.287,0.339,0.734,3
0.459,0.799,0.492,0.406,0.405,2
0.797,0.798,0.087,0.558,0.727,1
0.141,0.213,0.959,0.265,0.16,0
0.178,0.277,0.983,0.533,0.427,4
0.14,0.451,0.83,0.317,0.036,0
0.265,0.216,0.947,0.251,0.057,0
0.708,0.823,0.214,0.685,0.697,1
0.318,0.701,0.242,0.516,0.28,2
0.271,0.811,0.072,0.506,0.279,2
0.163,0.326,0.779,0.574,0.416,4
0.431,0.645,0.333,0.381,0.535,2
0.129,0.293,0.82,0.34,0.503,4
0.976,0.554,0.46,0.267,0.957,3
0.053,0.424,0.986,0.603,0.53,4
0.31,0.632,0.29,0.355,0.55,2
0.367,0.76,0.211,0.496,0.353,2
0.8,0.528,0.18,0.753,0.811,3
0.656,0.243,0.231,0.366,0.9,3
0.563,0.575,0.303,0.573,0.906,3
0.259,0.378,0.994,0.345,0.303,4
0.802,0.342,0.284,0.354,0.661,3
0.445,0.702,0.352,0.438,0.442,2
0.198,0.218,0.868,0.63,0.534,4
0.212,0.503,0.446,0.525,0.319,2
0.589,0.759,0.222,0.672,0.635,1
0.666,0.805,0.061,0.7,0.624,1
0.162,0.21,0.928,0.499,0.553,4
0.16,0.307,0.875,0.327,0.294,4
0.288,0.603,0.052,0.55,0.655,2
0.209,0.397,0.888,0.488,0.429,4
0.767,0.41,0.098,0.168,0.898,3
0.167,0.178,0.922,0.397,0.312,4
0.344,0.786,0.183,0.363,0.419,2
0.119,0.371,0.892,0.274,0.178,0
0.786,0.426,0.173,0.267,0.968,3
0.499,0.822,0.142,0.749,0.939,1
0.717,0.25,0.403,0.443,0.908,3
0.074,0.2,0.927,0.534,0.421,4
0.35,0.867,0.407,0.373,0.531,2
0.575,0.497,0.272,0.24,0.806,3
0.15,0.352,0.847,0.391,0.068,0
0.771,0.813,0.153,0.826,0.696,1
0.148,0.342,0.909,0.491,0.303,4
0.124,0.183,0.755,0.537,0.089,0
0.278,0.399,0.745,0.459,0.62,4
0.711,0.818,0.282,0.611,0.637,1
0.079,0.217,0.845,0.173,0.013,0
0.043,0.282,0.747,0.449,0.599,4
0.885,0.44,0.302,0.285,0.723,3
0.264,0.347,0.929,0.472,0.191,0
0.481,0.911,0.201,0.564,0.432,1
0.277,0.479,0.757,0.536,0.393,4
0.181,0.463,0.817,0.441,0.308,4
0.164,0.517,0.783,0.593,0.367,4
0.202,0.382,0.751,0.485,0.322,4
0.101,0.184,0.95,0.397,0.082,0
0.226,0.348,0.853,0.415,0.377,4
0.511,0.74,0.342,0.539,0.49,2
0.292,0.337,0.861,0.571,0.573,4
0.649,0.824,0.128,0.64,0.918,1
0.833,0.461,0.307,0.315,0.996,3
0.676,0.921,0.084,0.634,0.797,1
0.734,0.357,0.195,0.404,0.878,3
0.021,0.397,0.813,0.45,0.412,4
0.665,0.964,0.148,0.475,0.643,1
0.319,0.418,0.799,0.416,0.116,0
0.31,0.301,0.813,0.526,0.505,4
0.341,0.764,0.176,0.549,0.489,2
0.879,0.545,0.187,0.35,0.613,3
0.825,0.798,0.211,0.524,0.664,1
0.688,0.365,0.085,0.349,0.834,3
0.21,0.383,0.77,0.392,0.338,4
0.349,0.664,0.242,0.507,0.472,2
0.982,0.586,0.265,0.751,0.649,1
0.116,0.637,0.468,0.53,0.492,2
0.114,0.232,0.965,0.19,0.187,0
0.604,0.832,0.265,0.461,0.48,1
0.752,0.419,0.18,0.21,0.782,3
0.218,0.428,0.87,0.532,0.551,4
0.262,0.29,0.807,0.339,0.195,0
0.121,0.324,0.758,0.288,0.241,4
0.906,0.922,0.162,0.612,0.753,1
0.118,0.306,0.872,0.319,0.234,0
0.181,0.32,0.982,0.347,0.178,0
0.81,0.492,0.082,0.427,0.901,3
0.626,0.902,0.422,0.593,0.716,1
0.178,0.628,0.242,0.312,0.188,2
0.213,0.314,0.69,0.282,0.186,0
0.652,0.778,0.314,0.666,0.648,1
0.709,0.491,0.363,0.319,0.747,3
0.204,0.398,0.833,0.446,0.326,0
0.181,0.235,0.981,0.356,0.29,0
0.724,0.419,0.24,0.309,0.798,3
0.064,0.187,0.73,0.355,0.403,4
0.187,0.398,0.986,0.431,0.419,4
0.07,0.305,0.873,0.27,0.253,0
0.152,0.259,0.795,0.338,0.07,0
0.179,0.232,0.73,0.196,0.11,0
0.743,0.558,0.178,0.292,0.866,3
0.142,0.699,0.294,0.656,0.329,2
0.595,0.523,0.243,0.553,0.858,3
0.441,0.965,0.4,0.739,0.733,1
0.496,0.719,0.231,0.436,0.439,2
0.142,0.273,0.847,0.714,0.421,4
0.686,0.361,0.284,0.234,0.945,3
0.858,0.488,0.162,0.398,0.803,3
0.042,0.297,0.667,0.363,0.381,4
0.122,0.397,0.903,0.264,0.036,0
0.174,0.107,0.871,0.165,0.188,0
0.453,0.842,0.255,0.524,0.566,2
0.781,0.316,0.266,0.294,0.731,3
0.681,0.925,0.263,0.582,0.755,1
0.511,0.595,0.204,0.626,0.39,2
0.635,0.375,0.466,0.254,0.778,3
0.15,0.336,0.872,0.22,0.23,0
0.6,0.552,0.116,0.345,0.595,3
0.23,0.15,0.731,0.279,0.014,0
0.3,0.33,0.649,0.364,0.142,0
0.174,0.275,0.828,0.42,0.365,4
0.553,0.785,0.216,0.62,0.409,2
0.199,0.04,0.81,0.405,0.07,0
0.838,0.351,0.04,0.375,0.885,3
0.156,0.429,0.907,0.5,0.372,4
0.641,0.608,0.351,0.453,0.306,2
0.659,0.91,0.378,0.508,0.763,1
0.197,0.346,0.774,0.528,0.148,0
0.808,0.243,0.149,0.305,0.895,3
0.099,0.507,0.952,0.463,0.286,4
0.195,0.234,0.876,0.354,0.07,0
0.197,0.354,0.777,0.533,0.4,4
0.148,0.824,0.2,0.474,0.424,2
0.654,0.964,0.267,0.593,0.48,1
0.697,0.21,0.299,0.301,0.982,3
0.24,0.377,0.932,0.391,0.297,4
0.21,0.251,0.753,0.416,0.444,4
0.03,0.251,0.908,0.236,0.234,0
0.742,0.523,0.227,0.427,0.769,3
0.714,0.386,0.155,0.507,0.836,3
0.207,0.211,0.898,0.489,0.158,0
0.659,0.819,0.205,0.668,0.803,1
0.262,0.1,0.923,0.434,0.124,0
0.554,0.761,0.215,0.805,0.641,1
0.23,0.232,0.908,0.344,0.016,0
0.697,0.789,0.252,0.551,0.7,1
0.684,0.404,0.301,0.424,0.85,3
0.39,0.571,0.185,0.371,0.415,2
0.555,0.91,0.275,0.709,0.664,1
0.743,0.767,0.273,0.699,0.669,1
0.631,0.328,0.052,0.467,0.802,3
0.118,0.387,0.906,0.386,0.398,4
0.195,0.168,0.8,0.468,0.261,0
0.173,0.393,0.824,0.306,0.124,0
0.95,0.555,0.288,0.339,0.91,3
0.655,0.753,0.071,0.674,0.705,1
0.866,0.489,0.228,0.332,0.987,3
0.385,0.757,0.147,0.456,0.448,2
0.768,0.494,0.29,0.396,0.828,3
0.693,0.761,0.202,0.726,0.843,1
0.132,0.352,0.843,0.455,0.489,4
0.44,0.528,0.35,0.361,0.35,2
0.355,0.856,0.331,0.227,0.444,2
0.437,0.576,0.437,0.401,0.434,2
0.234,0.226,0.803,0.429,0.31,0
0.786,0.594,0.144,0.261,0.878,3
0.56,0.78,0.179,0.654,0.722,1
0.227,0.46,0.807,0.621,0.327,4
0.34,0.695,0.252,0.554,0.482,2
0.25,0.426,0.984,0.483,0.546,4
0.561,0.589,0.176,0.408,0.848,3
0.678,0.83,0.332,0.593,0.558,1
0.212,0.344,0.991,0.628,0.416,4
0.838,0.286,0.223,0.354,0.958,3
0.311,0.653,0.252,0.579,0.392,2
0.272,0.381,0.926,0.343,0.298,4
0.105,0.128,0.974,0.583,0.225,4
0.853,0.378,0.349,0.311,0.684,3
0.087,0.449,0.778,0.462,0.443,4
0.118,0.179,0.904,0.113,0.19,0
0.293,0.623,0.132,0.559,0.606,2
0.27,0.38,0.74,0.483,0.047,0
0.264,0.404,0.822,0.624,0.447,4
0.239,0.319,0.773,0.411,0.506,4
0.089,0.273,0.86,0.408,0.102,0
0.007,0.188,0.825,0.457,0.176,0
0.118,0.282,0.797,0.525,0.499,4
0.141,0.21,0.804,0.151,0.083,0
0.215,0.384,0.792,0.424,0.139,0
0.693,0.465,0.242,0.389,0.919,3
0.271,0.881,0.298,0.44,0.497,2
0.357,0.361,0.857,0.152,0.099,0
0.301,0.359,0.797,0.408,0.671,4
0.588,0.906,0.258,0.714,0.685,1
0.314,0.499,0.339,0.651,0.522,2
0.307,0.682,0.313,0.505,0.585,2
0.724,0.862,0.191,0.585,0.64,1
0.15,0.307,0.851,0.362,0.279,0
0.292,0.901,0.175,0.435,0.397,2
0.822,0.286,0.106,0.306,0.711,3
0.609,0.882,0.362,0.622,0.655,1
0.809,0.501,0.334,0.416,0.893,3
0.169,0.257,0.661,0.568,0.465,4
0.819,0.274,0.281,0.478,0.843,3
0.025,0.11,0.735,0.426,0.154,0
0.319,0.638,0.336,0.365,0.677,2
0.199,0.419,0.974,0.416,0.452,4
0.124,0.258,0.816,0.304,0.486,4
0.637,0.393,0.358,0.188,0.859,3
0.35,0.649,0.279,0.359,0.505,2
0.12,0.164,0.868,0.291,0.119,0
0.692,0.815,0.166,0.815,0.753,1
0.175,0.476,0.887,0.448,0.33,4
0.848,0.47,0.173,0.49,0.882,3
0.101,0.166,0.804,0.33,0.132,0
0.344,0.67,0.386,0.471,0.506,2
0.107,0.386,0.999,0.343,0.389,4
0.65,0.766,0.221,0.648,0.76,1
0.33,0.075,0.974,0.327,0.075,0
0.383,0.894,0.399,0.507,0.649,1
0.041,0.322,0.902,0.34,0.237,0
0.6,0.747,0.271,0.645,0.789,1
0.782,0.892,0.23,0.709,0.784,1
0.514,0.842,0.363,0.63,0.761,1
0.758,0.436,0.297,0.355,0.893,3
0.155,0.197,0.853,0.35,0.261,0
0.395,0.603,0.098,0.4,0.412,2
0.793,0.38,0.347,0.431,0.934,3
0.625,0.884,0.2,0.798,0.616,1
0.131,0.458,0.847,0.367,0.559,4
0.634,0.385,0.219,0.296,0.833,3
0.078,0.39,0.982,0.389,0.461,4
0.016,0.301,0.894,0.423,0.323,4
0.638,0.493,0.239,0.294,0.879,3
0.267,0.287,0.869,0.637,0.447,4
0.701,0.844,0.229,0.672,0.884,1
0.66,0.921,0.198,0.636,0.611,1
0.14,0.383,0.905,0.448,0.377,4
0.656,0.82,0.399,0.686,0.548,1
0.639,0.847,0.49,0.68,0.667,1
0.353,0.759,0.399,0.477,0.505,2
0.41,0.671,0.183,0.435,0.355,2
0.642,0.743,0.283,0.766,0.546,1
0.125,0.24,0.832,0.352,0.553,4
0.353,0.267,0.783,0.365,0.063,0
0.847,0.873,0.252,0.589,0.676,1
0.774,0.797,0.383,0.474,0.87,1
0.749,0.56,0.383,0.433,0.94,3
0.429,0.617,0.125,0.355,0.579,2
0.826,0.4,0.363,0.342,0.956,3
0.463,0.869,0.317,0.507,0.577,2
0.802,0.949,0.319,0.862,0.823,1
0.325,0.266,0.728,0.449,0.403,4
0.072,0.349,0.937,0.325,0.284,0
0.734,0.45,0.151,0.193,0.836,3
0.69,0.862,0.223,0.742,0.671,1
0.509,0.625,0.256,0.411,0.561,2
0.228,0.242,0.679,0.657,0.443,4
0.329,0.128,0.95,0.303,0.066,0
0.127,0.21,0.71,0.173,0.269,0
0.35,0.659,0.383,0.5,0.524,2
0.426,0.39,0.936,0.251,0.048,0
0.016,0.412,0.966,0.343,0.571,4
0.683,0.858,0.328,0.513,0.761,1
0.189,0.281,0.847,0.509,0.52,4
0.136,0.231,0.988,0.449,0.357,4
0.247,0.744,0.213,0.431,0.455,2
0.718,0.977,0.081,0.637,0.679,1
0.668,0.544,0.016,0.658,0.692,1
0.762,0.366,0.315,0.507,0.698,3
0.75,0.694,0.114,0.553,0.725,1
0.768,0.548,0.342,0.389,0.915,3
0.614,0.826,0.3,0.665,0.794,1
0.038,0.444,0.846,0.487,0.422,4
0.566,0.395,0.332,0.359,0.705,3
0.772,0.492,0.179,0.449,0.894,3
0.387,0.753,0.279,0.357,0.626,2
0.732,0.823,0.252,0.425,0.794,1
0.762,0.935,0.2,0.748,0.598,1
0.287,0.248,0.906,0.341,0.148,0
0.751,0.797,0.373,0.533,0.801,1
0.656,0.432,0.215,0.371,0.958,3
0.796,0.821,0.312,0.498,0.704,1
0.043,0.357,0.783,0.263,0.138,0
0.68,0.881,0.26,0.75,0.726,1
0.009,0.216,0.815,0.515,0.328,4
0.706,0.498,0.193,0.277,0.912,3
0.878,0.864,0.06,0.741,0.503,1
0.626,0.964,0.242,0.588,0.572,1
0.277,0.263,0.927,0.452,0.466,4
0.327,0.175,0.712,0.231,0.258,0
0.174,0.646,0.298,0.353,0.418,2
0.794,0.49,0.268,0.405,0.809,3
0.321,0.717,0.394,0.337,0.396,2
0.473,0.711,0.236,0.41,0.453,2
0.762,0.925,0.452,0.81,0.838,1
0.396,0.774,0.123,0.529,0.606,2
0.804,0.197,0.329,0.214,0.785,3
0.084,0.04,0.845,0.185,0.145,0
0.177,0.409,0.877,0.452,0.079,0
0.188,0.289,0.86,0.474,0.298,4
0.166,0.313,0.957,0.316,0.266,0
0.685,0.575,0.132,0.501,0.745,3
0.114,0.268,0.728,0.234,0.178,0
0.062,0.279,0.932,0.372,0.169,0
0.162,0.238,0.91,0.391,0.186,4
0.473,0.375,0.338,0.434,0.296,2
0.638,0.947,0.211,0.537,0.64,1
0.581,0.888,0.264,0.731,0.536,1
0.807,0.51,0.292,0.496,0.827,3
0.792,0.478,0.178,0.219,0.718,3
0.344,0.628,0.296,0.361,0.47,2
0.145,0.061,0.813,0.19,0.211,0
0.525,0.864,0.35,0.548,0.73,1
0.191,0.233,0.926,0.518,0.216,0
0.136,0.148,0.784,0.233,0.173,0
0.371,0.804,0.355,0.466,0.493,2
0.191,0.316,0.79,0.054,0.151,0
0.105,0.272,0.782,0.38,0.198,0
0.183,0.457,0.62,0.276,0.392,4
0.086,0.242,0.94,0.333,0.334,4
0.133,0.335,0.802,0.443,0.44,4
0.774,0.893,0.082,0.533,0.69,1
0.339,0.834,0.136,0.544,0.25,2
0.771,0.733,0.395,0.574,0.607,1
0.748,0.955,0.207,0.644,0.71,1
0.295,0.896,0.216,0.249,0.395,2
0.321,0.73,0.222,0.481,0.583,2
0.946,0.379,0.194,0.341,0.848,3
0.325,0.775,0.322,0.418,0.279,2
0.762,0.499,0.386,0.393,0.84,3
0.8,0.361,0.154,0.096,0.79,3
0.553,0.8,0.194,0.661,0.759,1
0.869,0.487,0.15,0.249,0.966,3
0.832,0.464,0.324,0.271,0.89,3
0.279,0.302,0.84,0.407,0.495,4
0.577,0.616,0.324,0.269,0.606,2
0.849,0.607,0.449,0.422,0.847,3
0.669,0.992,0.16,0.606,0.718,1
0.73,0.525,0.345,0.389,0.846,3
0.422,0.302,0.228,0.532,0.567,2
0.129,0.466,0.687,0.378,0.022,0
0.87,0.407,0.264,0.315,0.902,3
0.269,0.312,0.97,0.391,0.098,0
0.217,0.161,0.97,0.503,0.282,4
0.173,0.278,0.735,0.458,0.322,4
0.621,1.0,0.017,0.719,0.53,1
0.627,0.796,0.202,0.581,0.709,1
0.753,0.795,0.178,0.595,0.602,1
0.645,0.425,0.276,0.283,0.78,3
0.666,0.515,0.271,0.403,0.949,3
0.331,0.779,0.281,0.33,0.477,2
0.503,0.738,0.591,0.342,0.297,2
0.189,0.384,0.764,0.337,0.057,0
0.79,0.389,0.243,0.43,0.859,3
0.691,0.451,0.409,0.387,0.758,3
0.79,0.39,0.227,0.428,0.869,3
0.656,0.944,0.347,0.721,0.602,1
0.27,0.262,0.882,0.292,0.221,0
0.634,0.984,0.218,0.698,0.614,1
0.454,0.626,0.35,0.504,0.588,2
0.312,0.204,0.72,0.297,0.074,0
0.142,0.408,0.774,0.368,0.191,0
0.448,0.621,0.319,0.491,0.485,2
0.877,0.47,0.225,0.177,0.832,3
0.732,0.479,0.27,0.269,0.799,3
0.207,0.43,0.819,0.537,0.523,4
0.129,0.271,0.789,0.364,0.074,0
0.794,0.895,0.229,0.777,0.633,1
0.092,0.206,0.593,0.284,0.288,0
0.316,0.646,0.35,0.479,0.518,2
0.19,0.265,0.647,0.385,0.443,4
0.704,0.817,0.289,0.612,0.729,1
0.223,0.217,0.614,0.291,0.446,4
0.676,0.328,0.384,0.346,0.913,3
0.108,0.242,0.983,0.337,0.026,0
0.786,0.537,0.094,0.664,0.75,1
0.358,0.216,0.788,0.343,0.115,0
0.072,0.23,0.769,0.404,0.534,4
0.681,0.849,0.288,0.689,0.659,1
0.576,0.818,0.148,0.588,0.653,1
0.212,0.33,0.91,0.378,0.145,0
0.094,0.339,0.883,0.331,0.014,0
0.644,0.867,0.175,0.616,0.674,1
0.113,0.208,0.864,0.579,0.263,4
0.167,0.299,0.899,0.473,0.383,4
0.331,0.687,0.461,0.547,0.412,2
0.334,0.303,0.761,0.436,0.052,0
0.308,0.825,0.34,0.502,0.499,2
0.674,0.509,0.346,0.323,0.876,3
0.151,0.416,0.755,0.482,0.224,0
0.457,0.718,0.416,0.426,0.385,2
0.747,0.873,0.257,0.51,0.825,1
0.038,0.269,0.831,0.336,0.156,0
0.078,0.293,0.886,0.198,0.108,0
0.803,0.769,0.332,0.745,0.894,1
0.655,0.923,0.202,0.596,0.652,1
0.533,0.801,0.207,0.357,0.52,2
0.104,0.298,0.772,0.523,0.37,4
0.573,0.461,0.27,0.308,0.949,3
0.28,0.746,0.397,0.509,0.415,2
0.158,0.396,0.818,0.482,0.508,4
0.727,0.7,0.198,0.547,0.538,1
0.199,0.329,0.905,0.5,0.529,4
0.204,0.675,0.185,0.409,0.664,2
0.825,0.463,0.329,0.234,0.742,3
0.74,0.81,0.394,0.726,0.487,1
0.672,0.804,0.17,0.569,0.77,1
0.743,0.533,0.251,0.415,0.826,3
0.003,0.184,0.754,0.39,0.193,0
0.213,0.281,0.842,0.403,0.389,4
0.053,0.244,0.541,0.304,0.355,4
0.184,0.559,0.819,0.323,0.39,4
0.062,0.31,0.96,0.249,0.125,0
0.073,0.106,0.879,0.55,0.432,4
0.181,0.453,0.838,0.335,0.432,4
0.051,0.185,0.707,0.496,0.544,4
0.092,0.193,0.879,0.404,0.281,4
0.102,0.322,0.905,0.373,0.279,4
0.223,0.124,0.781,0.439,0.258,0
0.376,0.565,0.225,0.588,0.54,2
0.433,0.767,0.215,0.493,0.503,2
0.909,0.548,0.29,0.351,0.997,3
0.632,0.828,0.263,0.666,0.713,1
0.513,0.775,0.154,0.384,0.371,2
0.255,0.698,0.321,0.335,0.555,2
0.005,0.129,0.948,0.223,0.299,4
0.804,0.412,0.195,0.265,0.641,3
0.582,0.484,0.194,0.313,0.803,3
0.302,0.638,0.161,0.349,0.447,2
0.542,0.88,0.144,0.329,0.481,2
0.363,0.692,0.32,0.538,0.627,2
0.411,0.884,0.272,0.333,0.422,2
0.81,0.582,0.434,0.361,0.786,3
0.713,0.39,0.026,0.469,0.842,3
0.005,0.39,0.73,0.356,0.457,4
0.815,0.445,0.273,0.373,0.774,3
0.07,0.247,0.852,0.225,0.435,0
0.348,0.549,0.311,0.326,0.44,2
0.451,0.71,0.173,0.47,0.525,2
0.199,0.171,0.869,0.221,0.127,0
0.441,0.739,0.361,0.439,0.75,2
0.162,0.2,0.988,0.271,0.475,4
0.021,0.333,0.904,0.546,0.372,4
0.277,0.034,0.752,0.196,0.14,0
0.284,0.689,0.29,0.326,0.385,2
0.314,0.172,0.843,0.141,0.008,0
0.486,0.757,0.329,0.451,0.345,2
0.649,0.724,0.24,0.593,0.917,1
0.196,0.304,0.854,0.559,0.361,4
0.708,0.822,0.3,0.602,0.593,1
0.09,0.233,0.78,0.55,0.495,4
0.123,0.341,0.802,0.357,0.166,0
0.532,0.746,0.084,0.479,0.539,1
0.222,0.053,0.827,0.311,0.171,0
0.885,0.693,0.235,0.464,0.875,3
0.673,0.713,0.367,0.625,0.648,1
0.242,0.292,0.915,0.233,0.12,0
0.278,0.555,0.37,0.543,0.46,2
0.163,0.204,0.91,0.345,0.19,0
0.142,0.297,0.976,0.398,0.397,4
0.616,0.774,0.334,0.617,0.732,1
0.125,0.274,0.847,0.356,0.093,0
0.392,0.763,0.446,0.386,0.515,2
0.908,0.504,0.077,0.523,0.94,3
0.194,0.343,0.734,0.239,0.651,4
0.64,0.907,0.189,0.635,0.81,1
0.72,0.583,0.2,0.407,0.887,3
0.483,0.714,0.399,0.536,0.418,2
0.462,0.74,0.391,0.388,0.26,2
0.326,0.574,0.247,0.506,0.573,2
0.767,0.51,0.319,0.515,0.89,3
