0.002,0.437,0.854,0.455,0.529,4
0.682,0.716,0.417,0.616,0.693,1
0.648,0.975,0.393,0.443,0.541,1
0.656,0.925,0.222,0.68,0.672,1
0.309,0.658,0.271,0.448,0.439,2
0.26,0.076,0.766,0.43,0.214,0
0.04,0.276,0.906,0.489,0.478,4
0.072,0.177,0.801,0.099,0.166,0
0.271,0.203,0.721,0.222,0.198,0
0.318,0.343,0.975,0.239,0.062,0
0.922,0.485,0.122,0.417,0.868,3
0.175,0.234,0.856,0.444,0.505,4
0.163,0.28,0.777,0.321,0.071,0
0.026,0.471,0.971,0.496,0.428,4
0.076,0.159,0.892,0.437,0.568,4
0.665,0.425,0.186,0.551,0.793,3
0.163,0.247,0.907,0.49,0.17,0
0.274,0.335,0.96,0.468,0.002,0
0.012,0.234,0.835,0.265,0.525,4
0.13,0.721,0.292,0.592,0.44,2
0.271,0.793,0.262,0.329,0.613,2
0.265,0.675,0.323,0.528,0.517,2
0.277,0.316,0.927,0.536,0.447,4
0.119,0.293,0.93,0.345,0.07,0
0.741,0.455,0.15,0.316,0.933,3
0.451,0.819,0.254,0.575,0.495,2
0.203,0.698,0.253,0.4,0.725,2
0.203,0.189,0.952,0.25,0.054,0
0.14,0.122,0.918,0.108,0.209,0
0.837,0.984,0.377,0.645,0.582,1
0.037,0.198,0.543,0.413,0.197,4
0.101,0.343,0.977,0.235,0.076,0
0.372,0.438,0.7,0.461,0.473,4
0.534,0.749,0.194,0.518,0.793,1
0.127,0.53,0.794,0.216,0.447,4
0.231,0.314,0.989,0.345,0.398,4
0.763,0.341,0.262,0.169,0.946,3
0.869,0.514,0.393,0.639,0.924,3
0.173,0.377,0.747,0.485,0.224,4
0.678,0.842,0.421,0.598,0.532,1
0.618,0.95,0.339,0.663,0.584,1
0.149,0.252,0.802,0.369,0.115,0
0.975,0.276,0.353,0.095,0.773,3
0.899,0.506,0.245,0.27,0.73,3
0.475,0.547,0.248,0.34,0.511,2
0.261,0.238,0.942,0.311,0.125,0
0.199,0.291,0.881,0.289,0.075,0
0.952,0.692,0.397,0.392,0.781,3
0.704,0.874,0.234,0.825,0.619,1
0.809,0.677,0.194,0.599,0.567,1
0.61,0.732,0.307,0.678,0.699,1
0.781,0.24,0.099,0.178,0.742,3
0.055,0.528,0.738,0.55,0.228,4
0.655,0.832,0.23,0.791,0.745,1
0.609,0.945,0.27,0.611,0.797,1
0.084,0.039,0.984,0.19,0.09,0
0.076,0.144,0.896,0.289,0.179,0
0.112,0.301,0.678,0.316,0.066,0
0.154,0.317,0.927,0.438,0.342,4
0.606,0.862,0.142,0.733,0.7,1
0.076,0.333,0.852,0.346,0.223,0
0.841,0.298,0.076,0.307,0.888,3
0.839,0.832,0.361,0.491,0.704,1
0.091,0.328,0.737,0.31,0.065,0
0.097,0.162,0.686,0.353,0.13,0
0.653,0.887,0.331,0.635,0.693,1
0.229,0.232,0.77,0.291,0.198,0
0.682,0.365,0.178,0.482,0.909,3
0.507,0.809,0.279,0.462,0.258,2
0.125,0.343,0.961,0.431,0.371,4
0.189,0.356,0.708,0.671,0.382,4
0.177,0.364,0.964,0.483,0.525,4
0.159,0.219,0.743,0.378,0.148,0
0.286,0.227,0.79,0.418,0.049,0
0.593,0.863,0.022,0.585,0.569,1
0.791,0.556,0.247,0.456,0.713,3
0.838,0.4,0.182,0.414,0.68,3
0.243,0.774,0.11,0.465,0.591,2
0.233,0.804,0.405,0.448,0.405,2
0.244,0.727,0.295,0.565,0.458,2
0.134,0.349,0.958,0.505,0.605,4
0.059,0.203,0.877,0.462,0.42,4
0.739,0.349,0.402,0.325,0.694,3
0.158,0.183,0.899,0.296,0.043,0
0.636,0.507,0.148,0.43,0.81,3
0.117,0.205,0.654,0.286,0.316,0
0.703,0.838,0.171,0.601,0.625,1
0.256,0.253,0.818,0.415,0.051,0
0.327,0.718,0.408,0.418,0.452,2
0.731,0.89,0.293,0.475,0.687,1
0.718,0.764,0.332,0.65,0.614,1
0.809,0.475,0.188,0.244,0.797,3
0.177,0.331,0.709,0.822,0.47,4
0.488,0.781,0.112,0.376,0.566,2
0.267,0.679,0.089,0.43,0.421,2
0.172,0.163,0.752,0.391,0.104,0
0.849,0.781,0.154,0.596,0.703,1
0.307,0.27,0.802,0.516,0.535,4
0.147,0.313,0.832,0.325,0.374,4
0.77,0.487,0.39,0.315,0.741,3
0.243,0.732,0.3,0.334,0.597,2
0.222,0.163,0.919,0.541,0.479,4
0.592,0.339,0.214,0.356,0.868,3
0.769,0.384,0.452,0.32,0.746,3
0.259,0.322,0.93,0.498,0.527,4
0.673,0.91,0.233,0.655,0.707,1
0.825,0.905,0.204,0.702,0.682,1
0.073,0.437,0.905,0.306,0.153,0
0.678,0.43,0.098,0.352,0.818,3
0.628,0.562,0.369,0.236,0.862,3
0.073,0.245,0.888,0.434,0.524,4
0.323,0.721,0.292,0.461,0.744,2
0.749,0.44,0.265,0.277,0.797,3
0.197,0.216,0.976,0.428,0.046,0
0.336,0.849,0.286,0.455,0.372,2
0.689,0.949,0.257,0.513,0.773,1
0.631,0.487,0.235,0.484,0.794,3
0.682,0.75,0.314,0.726,0.625,1
0.686,0.854,0.441,0.673,0.736,1
0.8,0.324,0.201,0.262,0.816,3
0.564,0.925,0.091,0.786,0.543,1
0.25,0.206,0.827,0.292,0.023,0
0.661,0.847,0.323,0.547,0.723,1
0.445,0.883,0.268,0.593,0.534,2
0.021,0.329,0.885,0.302,0.457,4
0.131,0.363,0.875,0.518,0.601,4
0.099,0.298,0.945,0.419,0.545,4
0.718,0.418,0.323,0.059,0.69,3
0.154,0.258,0.837,0.26,0.187,0
0.676,0.551,0.153,0.322,0.767,3
0.874,0.462,0.151,0.359,0.951,3
0.641,0.845,0.288,0.725,0.751,1
0.905,0.289,0.233,0.378,0.766,3
0.779,0.449,0.212,0.538,0.893,3
0.433,0.872,0.344,0.533,0.399,2
0.597,0.849,0.237,0.618,0.574,1
0.242,0.285,0.884,0.181,0.074,0
0.631,0.48,0.302,0.22,0.961,3
0.179,0.463,0.757,0.59,0.553,4
0.36,0.837,0.166,0.599,0.595,2
0.313,0.705,0.328,0.594,0.459,2
0.121,0.219,0.797,0.115,0.116,0
0.162,0.211,0.896,0.406,0.337,0
0.224,0.271,0.683,0.302,0.164,0
0.669,0.539,0.326,0.156,0.702,3
0.829,0.333,0.278,0.307,0.715,3
0.167,0.032,0.956,0.422,0.079,0
0.206,0.351,0.819,0.326,0.373,4
0.062,0.26,0.915,0.33,0.338,4
0.305,0.266,0.988,0.195,0.172,0
0.556,0.656,0.061,0.636,0.883,1
0.169,0.252,0.886,0.562,0.263,4
0.767,0.472,0.227,0.458,0.739,3
0.744,0.521,0.115,0.498,0.761,3
0.153,0.275,0.913,0.362,0.313,0
0.238,0.279,0.888,0.267,0.081,0
0.168,0.172,0.901,0.255,0.184,0
0.044,0.371,0.737,0.355,0.14,0
0.115,0.063,0.965,0.209,0.252,0
0.262,0.252,0.756,0.338,0.167,0
0.194,0.3,0.83,0.261,0.203,0
0.297,0.639,0.447,0.683,0.638,2
0.718,0.386,0.372,0.437,0.764,3
0.608,0.874,0.259,0.648,0.682,1
0.729,0.823,0.415,0.508,0.549,1
0.292,0.146,0.965,0.605,0.462,4
0.289,0.238,0.864,0.23,0.17,0
0.469,0.934,0.278,0.75,0.638,1
0.424,0.734,0.259,0.513,0.559,2
0.376,0.759,0.488,0.476,0.459,2
0.755,0.722,0.211,0.615,0.718,1
0.499,0.619,0.308,0.306,0.529,2
0.104,0.315,0.819,0.486,0.385,4
0.709,0.752,0.209,0.675,0.689,1
0.807,0.519,0.263,0.425,0.852,3
0.195,0.292,0.81,0.348,0.106,0
0.338,0.72,0.247,0.417,0.464,2
0.235,0.197,0.868,0.417,0.034,0
0.687,0.368,0.142,0.383,0.853,3
0.503,0.859,0.252,0.639,0.749,1
0.819,0.849,0.239,0.703,0.593,1
0.179,0.364,0.813,0.532,0.479,4
0.861,0.327,0.376,0.32,0.796,3
0.729,0.444,0.165,0.339,0.948,3
0.508,0.66,0.375,0.752,0.648,1
0.114,0.029,0.939,0.381,0.152,0
0.786,0.488,0.297,0.477,0.771,3
0.29,0.728,0.19,0.219,0.474,2
0.706,0.821,0.283,0.652,0.859,1
0.499,0.967,0.386,0.733,0.716,1
0.086,0.345,0.875,0.441,0.209,0
0.196,0.268,0.623,0.422,0.361,4
0.652,0.943,0.377,0.682,0.585,1
0.148,0.013,0.846,0.25,0.074,0
0.135,0.377,0.831,0.42,0.406,4
0.965,0.88,0.328,0.682,0.749,1
0.117,0.287,0.801,0.166,0.207,0
0.654,0.446,0.191,0.186,0.987,3
0.29,0.277,0.748,0.544,0.341,4
0.52,0.426,0.295,0.456,0.835,3
0.07,0.313,0.863,0.177,0.112,0
0.42,0.741,0.277,0.397,0.49,2
0.618,0.53,0.391,0.333,0.899,3
0.08,0.22,0.874,0.428,0.408,4
0.7,0.675,0.219,0.76,0.695,1
0.395,0.611,0.308,0.368,0.399,2
0.055,0.141,0.972,0.136,0.207,0
0.509,0.835,0.299,0.679,0.557,1
0.415,0.57,0.266,0.68,0.727,2
0.524,0.758,0.469,0.431,0.532,2
0.262,0.289,0.711,0.69,0.403,4
0.682,0.767,0.132,0.409,0.69,1
0.255,0.717,0.169,0.436,0.449,2
0.139,0.242,0.656,0.384,0.435,4
0.504,0.816,0.383,0.342,0.497,2
0.015,0.33,0.875,0.399,0.448,4
0.08,0.286,0.849,0.524,0.387,4
0.377,0.604,0.173,0.437,0.386,2
0.462,0.945,0.362,0.464,0.416,2
0.248,0.228,0.824,0.251,0.048,0
0.752,0.385,0.486,0.236,0.837,3
0.385,0.714,0.302,0.549,0.378,2
0.331,0.747,0.22,0.289,0.583,2
0.617,0.484,0.326,0.271,0.751,3
0.41,0.74,0.646,0.525,0.531,2
0.728,0.46,0.22,0.378,0.838,3
0.03,0.374,0.948,0.291,0.438,4
0.578,0.795,0.053,0.673,0.628,1
0.093,0.313,0.8,0.224,0.106,0
0.754,0.647,0.158,0.316,0.898,3
0.361,0.675,0.303,0.512,0.495,2
0.239,0.24,0.883,0.39,0.177,0
0.163,0.168,0.892,0.476,0.225,0
0.563,0.91,0.177,0.71,0.703,1
0.745,0.973,0.253,0.694,0.458,1
0.58,0.367,0.166,0.294,0.694,3
0.304,0.731,0.322,0.212,0.505,2
0.204,0.262,0.865,0.211,0.097,0
0.142,0.754,0.213,0.425,0.404,2
0.522,0.647,0.406,0.635,0.46,2
0.141,0.278,0.785,0.515,0.69,4
0.407,0.56,0.371,0.567,0.445,2
0.669,0.976,0.22,0.679,0.697,1
0.156,0.825,0.254,0.258,0.516,2
0.451,0.715,0.214,0.433,0.356,2
0.862,0.483,0.163,0.447,0.935,3
0.945,0.248,0.387,0.248,0.808,3
0.228,0.342,0.729,0.492,0.299,4
0.245,0.155,0.877,0.153,0.271,0
0.207,0.267,0.951,0.717,0.287,4
0.468,0.588,0.34,0.399,0.664,2
0.238,0.292,0.894,0.32,0.166,0
0.725,0.488,0.292,0.337,0.717,3
0.623,0.901,0.3,0.777,0.7,1
0.39,0.765,0.139,0.226,0.55,2
0.046,0.351,0.824,0.655,0.345,4
0.158,0.371,0.583,0.372,0.484,4
0.847,0.525,0.249,0.572,0.949,3
0.573,0.955,0.231,0.461,0.437,1
0.129,0.297,0.799,0.472,0.339,4
0.726,0.392,0.191,0.279,0.655,3
0.662,0.877,0.359,0.536,0.777,1
0.094,0.376,0.879,0.467,0.131,0
0.279,0.686,0.339,0.493,0.655,2
0.374,0.679,0.308,0.447,0.506,2
0.143,0.248,0.946,0.416,0.255,0
0.531,0.8,0.424,0.574,0.743,1
0.409,0.348,0.949,0.522,0.278,4
0.374,0.013,0.916,0.268,0.118,0
0.538,0.945,0.21,0.525,0.828,1
0.442,0.792,0.298,0.283,0.548,2
0.876,0.384,0.178,0.228,0.792,3
0.272,0.281,0.894,0.46,0.423,4
0.068,0.228,0.824,0.387,0.36,4
0.116,0.264,0.813,0.266,0.211,0
0.128,0.28,0.936,0.34,0.015,0
0.741,0.366,0.198,0.439,0.977,3
0.484,0.913,0.142,0.729,0.71,1
0.243,0.37,0.78,0.145,0.215,0
0.771,0.804,0.234,0.642,0.683,1
0.347,0.357,0.784,0.446,0.442,4
0.122,0.279,0.901,0.487,0.436,4
0.198,0.326,0.835,0.53,0.458,4
0.381,0.358,0.739,0.274,0.218,0
0.391,0.717,0.359,0.328,0.409,2
0.766,0.556,0.098,0.334,0.903,3
0.39,0.797,0.364,0.61,0.413,2
0.816,0.348,0.235,0.477,0.903,3
0.763,0.245,0.1,0.318,0.888,3
0.346,0.641,0.359,0.509,0.452,2
0.076,0.15,0.902,0.373,0.161,0
0.766,0.959,0.206,0.799,0.814,1
0.057,0.259,0.923,0.27,0.175,0
0.96,0.413,0.18,0.344,0.83,3
0.675,0.37,0.276,0.359,0.868,3
0.337,0.249,0.891,0.25,0.231,0
0.318,0.687,0.332,0.541,0.518,2
0.735,0.581,0.24,0.299,0.758,3
0.236,0.401,0.771,0.435,0.197,0
0.202,0.295,0.862,0.433,0.331,4
0.357,0.656,0.287,0.287,0.523,2
0.668,0.504,0.112,0.402,0.852,3
0.11,0.131,0.737,0.214,0.094,0
0.221,0.319,0.168,0.525,0.54,2
0.245,0.83,0.282,0.523,0.32,2
0.352,0.907,0.313,0.438,0.603,2
0.372,0.707,0.245,0.524,0.375,2
0.691,0.436,0.231,0.261,0.803,3
0.205,0.083,0.845,0.354,0.426,4
0.696,0.895,0.063,0.647,0.783,1
0.383,0.722,0.185,0.528,0.695,2
0.618,0.31,0.304,0.334,0.784,3
0.281,0.746,0.205,0.472,0.683,2
0.247,0.349,0.704,0.508,0.64,4
0.617,0.692,0.467,0.487,0.768,1
0.245,0.269,0.664,0.409,0.095,0
0.688,0.81,0.167,0.503,0.723,1
0.623,0.429,0.427,0.38,0.979,3
0.255,0.261,0.935,0.364,0.207,0
0.504,0.692,0.18,0.538,0.505,2
0.28,0.518,0.85,0.294,0.128,0
0.253,0.105,0.859,0.224,0.231,0
0.167,0.456,0.987,0.375,0.343,4
0.393,0.924,0.215,0.323,0.478,2
0.149,0.212,0.933,0.537,0.624,4
0.042,0.2,0.866,0.422,0.528,4
0.119,0.249,0.941,0.164,0.051,0
0.808,0.362,0.096,0.508,0.86,3
0.85,0.861,0.273,0.691,0.822,1
0.686,0.453,0.267,0.401,0.74,3
0.177,0.349,0.806,0.138,0.382,0
0.926,0.436,0.102,0.168,0.952,3
0.247,0.285,0.851,0.446,0.441,4
0.753,0.809,0.27,0.605,0.719,1
0.903,0.257,0.179,0.514,0.745,3
0.096,0.367,0.751,0.447,0.462,4
0.313,0.262,0.847,0.328,0.242,0
0.665,0.733,0.335,0.486,0.704,1
0.369,0.796,0.355,0.477,0.356,2
0.742,0.363,0.179,0.557,0.804,3
0.35,0.319,0.984,0.385,0.224,0
0.274,0.164,0.757,0.289,0.109,0
0.17,0.179,0.777,0.346,0.47,4
0.614,0.895,0.24,0.546,0.486,1
0.795,0.9,0.332,0.743,0.598,1
0.064,0.36,0.791,0.313,0.09,0
0.397,0.796,0.248,0.36,0.435,2
0.352,0.282,0.925,0.35,0.444,4
0.251,0.189,0.617,0.257,0.291,0
0.598,0.768,0.367,0.636,0.609,1
0.199,0.33,0.966,0.528,0.571,4
0.75,0.357,0.113,0.452,0.791,3
0.732,0.559,0.123,0.246,0.813,3
0.294,0.65,0.528,0.456,0.329,2
0.46,0.652,0.299,0.483,0.632,2
0.21,0.358,0.743,0.535,0.466,4
0.185,0.297,0.739,0.375,0.419,4
0.506,0.866,0.387,0.457,0.576,2
0.269,0.224,0.886,0.446,0.453,4
0.37,0.843,0.198,0.586,0.489,2
0.143,0.203,0.849,0.22,0.211,0
0.386,0.881,0.269,0.412,0.375,2
0.203,0.269,0.892,0.279,0.042,0
0.715,0.855,0.263,0.55,0.77,1
0.075,0.264,0.593,0.348,0.171,0
0.756,0.828,0.23,0.726,0.645,1
0.837,0.342,0.249,0.4,0.889,3
0.854,0.31,0.364,0.491,0.892,3
0.415,0.734,0.306,0.546,0.659,2
0.658,0.997,0.412,0.532,0.682,1
0.37,0.828,0.362,0.295,0.37,2
0.346,0.672,0.277,0.537,0.468,2
0.175,0.633,0.19,0.545,0.488,2
0.342,0.624,0.219,0.653,0.419,2
0.194,0.29,0.785,0.368,0.015,0
0.654,0.897,0.257,0.658,0.749,1
0.172,0.26,0.787,0.13,0.16,0
0.574,0.438,0.491,0.298,0.908,3
0.629,0.995,0.341,0.482,0.556,1
0.895,0.428,0.153,0.286,0.773,3
0.774,0.93,0.18,0.669,0.758,1
0.172,0.455,0.882,0.399,0.404,4
0.316,0.371,0.835,0.051,0.019,0
0.358,0.691,0.253,0.262,0.281,2
0.473,0.657,0.374,0.787,0.528,2
0.225,0.73,0.287,0.371,0.398,2
0.46,0.566,0.301,0.374,0.468,2
0.063,0.456,0.88,0.619,0.421,4
0.73,0.706,0.14,0.501,0.656,1
0.053,0.454,0.803,0.316,0.272,4
0.057,0.201,0.971,0.427,0.63,4
0.138,0.381,0.923,0.256,0.512,4
0.681,0.886,0.129,0.692,0.794,1
0.586,0.949,0.19,0.615,0.847,1
0.125,0.233,0.982,0.505,0.389,4
0.372,0.769,0.341,0.342,0.572,2
0.174,0.357,0.96,0.242,0.073,0
0.087,0.421,0.909,0.51,0.47,4
0.618,0.832,0.177,0.613,0.581,1
0.928,0.795,0.251,0.539,0.765,1
0.174,0.109,0.898,0.333,0.175,0
0.362,0.402,0.824,0.323,0.072,0
0.758,0.353,0.38,0.492,0.927,3
0.323,0.678,0.199,0.42,0.427,2
0.609,0.844,0.332,0.728,0.563,1
0.809,0.452,0.2,0.457,0.751,3
0.297,0.204,0.824,0.172,0.023,0
0.721,0.84,0.581,0.595,0.644,1
0.1,0.496,0.848,0.336,0.482,4
0.867,0.484,0.336,0.457,0.899,3
0.731,0.632,0.148,0.44,0.848,3
0.814,0.483,0.297,0.263,0.831,3
0.763,0.435,0.363,0.392,0.964,3
0.649,0.413,0.275,0.206,0.922,3
0.162,0.76,0.367,0.282,0.471,2
0.726,0.805,0.238,0.745,0.737,1
0.886,0.469,0.281,0.423,0.797,3
0.457,0.886,0.23,0.75,0.471,1
0.897,0.571,0.246,0.261,0.998,3
0.236,0.549,0.05,0.601,0.545,2
0.167,0.229,0.612,0.436,0.193,4
0.6,0.49,0.122,0.373,0.64,3
0.115,0.066,0.654,0.34,0.063,0
0.172,0.379,0.941,0.506,0.408,4
0.761,0.525,0.37,0.313,0.783,3
0.51,0.716,0.244,0.359,0.359,2
0.125,0.416,0.831,0.304,0.045,0
0.211,0.163,0.922,0.18,0.129,0
0.085,0.258,0.793,0.148,0.22,0
0.198,0.619,0.28,0.465,0.547,2
0.788,0.771,0.255,0.65,0.719,1
0.197,0.07,0.913,0.355,0.071,0
0.233,0.455,0.633,0.343,0.185,0
0.328,0.265,0.747,0.506,0.342,4
0.696,0.596,0.144,0.287,0.748,3
0.306,0.287,0.972,0.142,0.074,0
0.303,0.244,0.784,0.234,0.115,0
0.487,0.817,0.232,0.68,0.717,1
0.078,0.234,0.785,0.487,0.252,4
0.671,0.615,0.324,0.399,0.889,3
0.238,0.249,0.841,0.526,0.413,4
0.524,0.847,0.358,0.505,0.791,1
0.098,0.323,0.876,0.164,0.404,0
0.692,0.871,0.119,0.635,0.461,1
0.588,0.907,0.241,0.688,0.605,1
0.535,0.897,0.279,0.813,0.539,1
0.609,0.939,0.241,0.553,0.734,1
0.673,0.554,0.116,0.491,0.936,3
0.761,0.957,0.234,0.609,0.626,1
0.185,0.231,0.781,0.501,0.353,4
0.783,0.435,0.282,0.241,0.892,3
0.876,0.301,0.073,0.38,0.764,3
0.303,0.854,0.17,0.501,0.355,2
0.328,0.702,0.051,0.498,0.516,2
0.762,0.346,0.109,0.398,0.751,3
0.305,0.839,0.098,0.614,0.591,2
0.577,0.723,0.337,0.53,0.864,1
0.282,0.711,0.355,0.498,0.413,2
0.165,0.286,0.97,0.417,0.439,4
0.671,0.467,0.165,0.353,0.687,3
0.302,0.781,0.217,0.65,0.606,2
0.31,0.369,0.743,0.396,0.443,4
0.89,0.843,0.37,0.753,0.777,1
0.021,0.236,0.836,0.351,0.462,4
0.295,0.34,0.917,0.701,0.34,4
0.126,0.465,0.919,0.521,0.369,4
0.501,0.746,0.107,0.445,0.348,2
0.733,0.387,0.237,0.322,0.734,3
0.18,0.398,0.801,0.625,0.347,4
0.717,0.881,0.426,0.496,0.533,1
0.836,0.389,0.444,0.453,0.9,3
0.347,0.353,0.918,0.194,0.058,0
0.63,0.822,0.325,0.55,0.632,1
0.076,0.275,0.86,0.284,0.474,4
0.076,0.157,0.888,0.345,0.033,0
0.274,0.666,0.252,0.413,0.524,2
0.091,0.341,0.896,0.238,0.245,4
0.957,0.542,0.155,0.354,0.854,3
0.185,0.417,0.946,0.315,0.476,4
0.735,0.636,0.249,0.499,0.74,3
0.762,0.741,0.348,0.79,0.685,1
0.551,0.7,0.201,0.556,0.381,2
0.718,0.872,0.196,0.766,0.683,1
0.376,0.552,0.296,0.52,0.413,2
0.591,0.802,0.24,0.772,0.629,1
0.116,0.248,0.78,0.273,0.023,0
0.197,0.613,0.167,0.466,0.519,2
0.285,0.769,0.27,0.534,0.454,2
0.789,0.344,0.535,0.346,0.822,3
0.414,0.636,0.4,0.422,0.362,2
0.16,0.293,0.827,0.336,0.566,4
0.187,0.433,0.915,0.412,0.498,4
0.546,0.933,0.227,0.432,0.451,2
0.541,0.405,0.245,0.581,0.816,3
0.628,0.898,0.251,0.439,0.635,1
0.014,0.356,0.745,0.354,0.033,0
0.485,0.673,0.409,0.531,0.544,2
0.112,0.166,0.959,0.318,0.171,0
0.502,0.828,0.18,0.84,0.676,1
0.701,0.847,0.205,0.66,0.768,1
