0.036,0.258,0.755,0.309,0.202,0
0.499,0.77,0.274,0.78,0.66,1
0.295,0.28,0.885,0.567,0.197,4
0.679,0.96,0.327,0.457,0.604,1
0.414,0.636,0.429,0.475,0.425,2
0.772,0.438,0.312,0.102,0.888,3
0.736,0.859,0.137,0.619,0.72,1
0.182,0.275,0.845,0.528,0.442,4
0.792,0.859,0.382,0.753,0.718,1
0.276,0.215,0.692,0.177,0.096,0
0.8,0.534,0.354,0.419,0.878,3
0.827,0.448,0.35,0.43,0.946,3
0.745,0.875,0.194,0.576,0.751,1
0.545,0.839,0.213,0.754,0.639,1
0.156,0.393,0.801,0.34,0.522,4
0.446,0.759,0.398,0.386,0.598,2
0.889,0.4,0.423,0.425,0.823,3
0.253,0.89,0.38,0.578,0.487,2
0.362,0.682,0.31,0.446,0.547,2
0.211,0.234,0.905,0.491,0.529,4
0.741,0.811,0.233,0.484,0.732,1
0.078,0.33,0.812,0.735,0.407,4
0.604,0.948,0.231,0.633,0.589,1
0.586,0.872,0.155,0.683,0.58,1
0.178,0.387,0.711,0.153,0.118,0
0.356,0.305,0.99,0.316,0.039,0
0.765,0.438,0.37,0.408,0.982,3
0.14,0.378,0.875,0.291,0.065,0
0.225,0.131,0.738,0.363,0.13,0
0.223,0.36,0.707,0.51,0.515,4
0.68,0.721,0.309,0.648,0.694,1
0.892,0.479,0.251,0.387,0.873,3
0.16,0.779,0.435,0.387,0.442,2
0.857,0.482,0.168,0.439,0.845,3
0.307,0.347,0.847,0.284,0.039,0
0.122,0.792,0.339,0.489,0.386,2
0.605,0.649,0.291,0.382,0.509,2
0.21,0.415,0.859,0.237,0.392,4
0.695,0.499,0.25,0.385,0.791,3
0.462,0.845,0.16,0.775,0.568,1
0.133,0.709,0.182,0.48,0.481,2
0.083,0.133,0.944,0.25,0.088,0
0.738,0.819,0.149,0.744,0.546,1
0.805,0.466,0.033,0.122,0.822,3
0.161,0.197,0.882,0.466,0.471,4
0.256,0.319,0.961,0.534,0.518,4
0.182,0.073,0.733,0.327,0.062,0
0.934,0.399,0.134,0.371,0.781,3
0.685,0.439,0.261,0.31,0.837,3
0.171,0.266,0.901,0.264,0.283,0
0.788,0.885,0.231,0.522,0.719,1
0.252,0.779,0.093,0.433,0.503,2
0.816,0.928,0.34,0.74,0.548,1
0.257,0.126,0.913,0.226,0.153,0
0.084,0.249,0.844,0.263,0.167,0
0.554,0.515,0.097,0.43,0.793,3
0.426,0.806,0.38,0.626,0.759,1
0.296,0.843,0.407,0.548,0.586,2
0.747,0.463,0.083,0.579,0.923,3
0.183,0.367,0.83,0.502,0.513,4
0.102,0.375,0.903,0.389,0.041,0
0.866,0.637,0.33,0.47,0.852,3
0.165,0.381,0.715,0.124,0.156,0
0.401,0.934,0.345,0.502,0.436,2
0.556,0.945,0.297,0.613,0.735,1
0.637,0.907,0.21,0.661,0.734,1
0.179,0.17,1.0,0.411,0.259,0
0.285,0.322,0.826,0.089,0.13,0
0.248,0.592,0.392,0.455,0.438,2
0.641,0.912,0.126,0.48,0.576,1
0.668,0.865,0.327,0.668,0.753,1
0.635,0.642,0.25,0.341,0.827,3
0.414,0.754,0.271,0.477,0.306,2
0.318,0.45,0.374,0.254,0.323,2
0.222,0.368,0.892,0.294,0.547,4
0.428,0.625,0.264,0.526,0.425,2
0.013,0.466,0.826,0.465,0.409,4
0.181,0.432,0.971,0.419,0.334,4
0.813,0.917,0.316,0.843,0.493,1
0.195,0.419,0.809,0.563,0.293,4
0.779,0.81,0.324,0.64,0.76,1
0.422,0.642,0.318,0.451,0.473,2
0.085,0.383,0.909,0.384,0.335,4
0.038,0.585,0.076,0.484,0.549,2
0.589,0.864,0.271,0.717,0.67,1
0.801,0.729,0.173,0.473,0.596,1
0.188,0.408,0.868,0.526,0.393,4
0.531,0.951,0.221,0.573,0.699,1
0.159,0.318,0.752,0.426,0.531,4
0.711,0.9,0.033,0.616,0.896,1
0.717,0.344,0.201,0.246,0.84,3
0.8,0.43,0.232,0.237,0.962,3
0.081,0.249,0.759,0.219,0.143,0
0.161,0.403,0.898,0.299,0.352,0
0.058,0.192,0.788,0.147,0.083,0
0.692,0.42,0.306,0.241,0.784,3
0.076,0.339,0.75,0.227,0.167,0
0.051,0.331,0.931,0.453,0.228,0
0.856,0.774,0.147,0.728,0.717,1
0.116,0.297,0.864,0.449,0.583,4
0.842,0.471,0.219,0.492,0.854,3
0.459,0.906,0.273,0.423,0.461,2
0.359,0.228,0.854,0.404,0.113,0
0.286,0.125,0.919,0.31,0.132,0
0.182,0.173,0.9,0.472,0.341,4
0.242,0.334,0.916,0.491,0.442,4
0.147,0.273,0.889,0.432,0.369,4
0.77,0.529,0.27,0.317,0.74,3
0.485,0.779,0.288,0.527,0.596,2
0.845,0.367,0.243,0.373,0.871,3
0.006,0.225,0.797,0.447,0.35,0
0.438,0.773,0.322,0.327,0.484,2
0.621,0.619,0.011,0.351,0.99,3
0.484,0.923,0.393,0.488,0.453,2
0.653,0.855,0.059,0.586,0.872,1
0.032,0.215,0.751,0.427,0.268,4
0.71,0.519,0.45,0.427,0.738,3
0.093,0.066,0.932,0.596,0.274,4
0.828,0.377,0.279,0.349,0.898,3
0.115,0.532,0.75,0.422,0.491,4
0.215,0.436,0.951,0.46,0.466,4
0.077,0.294,0.968,0.29,0.304,0
0.397,0.779,0.229,0.433,0.296,2
0.251,0.163,0.871,0.068,0.203,0
0.01,0.516,0.944,0.542,0.43,4
0.468,0.802,0.226,0.71,0.713,1
0.376,0.789,0.165,0.396,0.373,2
0.327,0.395,0.939,0.331,0.017,0
0.402,0.491,0.307,0.393,0.474,2
0.723,0.864,0.205,0.617,0.788,1
0.637,0.896,0.205,0.583,0.567,1
0.071,0.452,0.924,0.562,0.394,4
0.17,0.136,0.844,0.418,0.227,0
0.265,0.269,0.938,0.374,0.402,4
0.123,0.224,0.733,0.435,0.399,4
0.098,0.236,0.801,0.322,0.532,4
0.824,0.48,0.302,0.367,0.802,3
0.167,0.257,0.619,0.513,0.338,4
0.146,0.027,0.995,0.281,0.068,0
0.074,0.28,0.624,0.302,0.025,0
0.637,0.911,0.29,0.605,0.637,1
0.199,0.161,0.867,0.293,0.371,4
0.864,0.99,0.382,0.58,0.687,1
0.263,0.44,0.906,0.464,0.403,4
0.549,0.788,0.086,0.408,0.6,2
0.771,0.727,0.154,0.531,0.711,1
0.282,0.761,0.241,0.628,0.369,2
0.163,0.28,0.944,0.528,0.36,4
0.238,0.362,0.942,0.391,0.006,0
0.776,0.443,0.401,0.219,0.946,3
0.921,0.5,0.312,0.483,0.953,3
0.438,0.723,0.398,0.501,0.662,2
0.115,0.33,0.698,0.523,0.443,4
0.295,0.661,0.278,0.69,0.591,2
0.398,0.67,0.272,0.485,0.476,2
0.757,0.48,0.269,0.375,0.951,3
0.094,0.193,0.791,0.15,0.063,0
0.225,0.288,0.829,0.289,0.095,0
0.33,0.735,0.286,0.492,0.439,2
0.428,0.594,0.333,0.385,0.528,2
0.63,0.739,0.219,0.579,0.657,2
0.231,0.149,0.758,0.238,0.033,0
0.411,0.736,0.412,0.469,0.543,2
0.22,0.657,0.154,0.321,0.457,2
0.635,0.374,0.302,0.253,0.995,3
0.279,0.541,0.218,0.477,0.289,2
0.769,0.712,0.182,0.661,0.53,1
0.107,0.314,0.766,0.369,0.358,4
0.245,0.578,0.295,0.361,0.412,2
0.036,0.282,0.624,0.376,0.004,0
0.148,0.241,0.912,0.238,0.106,0
0.664,0.68,0.379,0.519,0.887,3
0.64,0.959,0.447,0.766,0.755,1
0.232,0.759,0.258,0.319,0.383,2
0.24,0.313,0.858,0.471,0.523,4
0.293,0.268,0.864,0.167,0.148,0
0.22,0.435,0.683,0.264,0.143,0
0.249,0.155,0.929,0.274,0.156,0
0.16,0.252,0.899,0.227,0.269,0
0.684,0.493,0.215,0.337,0.627,3
0.155,0.674,0.278,0.431,0.321,2
0.767,0.509,0.151,0.292,0.906,3
0.136,0.232,0.934,0.272,0.145,0
0.148,0.311,0.758,0.256,0.267,0
0.051,0.304,0.794,0.485,0.545,4
0.609,0.947,0.042,0.651,0.724,1
0.246,0.177,0.748,0.418,0.08,0
0.773,0.536,0.237,0.355,0.856,3
0.615,0.502,0.139,0.406,0.856,3
0.209,0.344,0.888,0.56,0.021,0
0.312,0.861,0.262,0.438,0.655,2
0.738,0.476,0.272,0.335,0.813,3
0.129,0.422,0.916,0.345,0.268,0
0.251,0.646,0.242,0.566,0.41,2
0.167,0.245,0.749,0.406,0.242,0
0.124,0.423,0.832,0.395,0.193,0
0.642,0.865,0.259,0.66,0.752,1
0.251,0.278,0.877,0.437,0.591,4
0.776,0.34,0.216,0.271,0.844,3
0.192,0.322,0.697,0.374,0.097,0
0.311,0.541,0.996,0.392,0.445,4
0.406,0.603,0.355,0.466,0.504,2
0.684,0.841,0.172,0.661,0.696,1
0.853,0.33,0.193,0.499,0.698,3
0.317,0.403,0.876,0.253,0.058,0
0.403,0.626,0.097,0.541,0.554,2
0.788,0.822,0.327,0.762,0.7,1
0.512,0.527,0.822,0.67,0.288,4
0.342,0.696,0.269,0.529,0.398,2
0.206,0.439,0.837,0.537,0.451,4
0.853,0.539,0.264,0.167,0.636,3
0.011,0.333,0.704,0.4,0.321,4
0.689,0.385,0.469,0.257,0.842,3
0.596,0.489,0.365,0.388,0.852,3
0.711,0.43,0.248,0.217,0.85,3
0.38,0.663,0.425,0.541,0.522,2
0.168,0.247,0.843,0.238,0.056,0
0.748,0.5,0.324,0.374,0.721,3
0.64,0.563,0.209,0.369,0.855,3
0.273,0.298,0.746,0.47,0.598,4
0.002,0.215,0.835,0.57,0.315,4
0.72,0.981,0.413,0.747,0.721,1
0.641,0.462,0.148,0.531,0.816,3
0.028,0.268,0.798,0.448,0.557,4
0.874,0.517,0.132,0.459,0.829,3
0.821,0.848,0.131,0.491,0.748,1
0.194,0.16,0.883,0.453,0.098,0
0.698,0.85,0.246,0.424,0.791,1
0.284,0.536,0.368,0.437,0.53,2
0.424,0.579,0.371,0.254,0.461,2
0.332,0.4,0.972,0.643,0.584,4
0.659,0.947,0.268,0.697,0.85,1
0.31,0.801,0.444,0.345,0.377,2
0.399,0.726,0.391,0.399,0.292,2
0.699,0.88,0.181,0.787,0.664,1
0.072,0.297,0.871,0.528,0.284,0
0.646,0.487,0.288,0.353,0.855,3
0.82,0.464,0.126,0.398,0.821,3
0.315,0.581,0.289,0.355,0.56,2
0.806,0.769,0.318,0.505,0.521,1
0.329,0.567,0.292,0.482,0.501,2
0.091,0.311,0.791,0.299,0.152,0
0.244,0.661,0.307,0.395,0.336,2
0.365,0.69,0.293,0.618,0.455,2
0.059,0.468,0.817,0.402,0.501,4
0.605,0.916,0.301,0.596,0.577,1
0.255,0.328,0.945,0.121,0.207,0
0.56,0.791,0.224,0.549,0.554,2
0.68,0.382,0.182,0.42,0.867,3
0.767,0.478,0.216,0.363,0.932,3
0.101,0.372,0.895,0.474,0.525,4
0.522,0.857,0.24,0.491,0.302,2
0.768,0.439,0.139,0.423,0.788,3
0.818,0.281,0.256,0.327,0.82,3
0.073,0.323,0.772,0.543,0.55,4
0.418,0.634,0.247,0.303,0.756,2
0.646,0.844,0.295,0.821,0.686,1
0.619,0.593,0.045,0.752,0.763,1
0.141,0.176,0.82,0.202,0.193,0
0.196,0.323,0.918,0.484,0.347,4
0.349,0.501,0.345,0.413,0.581,2
0.318,0.177,0.994,0.219,0.187,0
0.166,0.223,0.939,0.307,0.039,0
0.741,0.738,0.232,0.609,0.844,1
0.667,0.775,0.309,0.542,0.671,1
0.301,0.757,0.294,0.67,0.557,2
0.361,0.723,0.443,0.32,0.608,2
0.433,0.617,0.206,0.536,0.583,2
0.124,0.284,0.89,0.186,0.132,0
0.212,0.577,0.227,0.293,0.462,2
0.068,0.428,0.822,0.3,0.264,4
0.475,0.712,0.192,0.484,0.39,2
0.104,0.153,0.783,0.347,0.246,0
0.455,0.655,0.105,0.512,0.551,2
0.174,0.083,0.81,0.196,0.213,0
0.133,0.408,0.793,0.198,0.11,0
0.302,0.755,0.152,0.546,0.439,2
0.657,0.737,0.192,0.931,0.619,1
0.419,0.955,0.309,0.538,0.685,1
0.747,0.377,0.302,0.548,0.861,3
0.128,0.308,0.85,0.472,0.353,4
0.612,0.963,0.44,0.713,0.805,1
0.605,0.965,0.194,0.575,0.451,1
0.509,0.994,0.151,0.502,0.534,1
0.162,0.327,0.637,0.567,0.376,4
0.403,0.682,0.343,0.679,0.367,2
0.295,0.662,0.345,0.512,0.39,2
0.704,0.859,0.285,0.647,0.743,1
0.395,0.674,0.156,0.542,0.417,2
0.357,0.141,0.66,0.438,0.194,0
0.745,0.496,0.406,0.34,0.847,3
0.281,0.809,0.108,0.526,0.547,2
0.635,0.852,0.38,0.498,0.687,1
0.157,0.203,0.969,0.486,0.309,4
0.62,0.814,0.367,0.469,0.784,1
0.712,0.576,0.379,0.321,0.788,3
0.714,0.98,0.224,0.569,0.527,1
0.835,0.393,0.162,0.385,0.645,3
0.097,0.305,0.792,0.285,0.136,0
0.794,0.489,0.31,0.397,0.834,3
0.271,0.624,0.288,0.446,0.377,2
0.883,0.203,0.251,0.297,0.976,3
0.352,0.5,0.872,0.571,0.343,4
0.801,0.485,0.206,0.435,0.653,3
0.363,0.67,0.314,0.381,0.439,2
0.638,0.667,0.16,0.667,0.795,1
0.621,0.909,0.282,0.529,0.56,1
0.172,0.213,0.715,0.311,0.143,0
0.298,0.747,0.394,0.278,0.489,2
0.178,0.523,0.979,0.401,0.531,4
0.135,0.224,0.927,0.49,0.461,4
0.754,0.803,0.335,0.604,0.601,1
0.105,0.219,0.829,0.283,0.04,0
0.214,0.173,0.823,0.467,0.353,4
0.707,0.948,0.434,0.63,0.659,1
0.397,0.648,0.279,0.472,0.39,2
0.793,0.793,0.228,0.547,0.619,1
0.17,0.262,0.825,0.437,0.375,4
0.647,0.864,0.275,0.526,0.598,1
0.603,0.912,0.384,0.509,0.591,1
0.097,0.134,0.713,0.527,0.387,4
0.718,0.416,0.246,0.497,0.935,3
0.496,0.668,0.112,0.453,0.66,2
0.023,0.302,0.88,0.374,0.223,0
0.062,0.289,0.861,0.38,0.292,4
0.145,0.11,0.937,0.039,0.076,0
0.175,0.411,0.77,0.423,0.18,0
0.081,0.284,0.836,0.35,0.17,0
0.844,0.433,0.097,0.261,0.951,3
0.113,0.521,0.836,0.367,0.261,4
0.208,0.296,0.765,0.238,0.237,0
0.829,0.238,0.238,0.441,0.936,3
0.073,0.447,0.912,0.616,0.236,4
0.112,0.267,0.739,0.493,0.258,4
0.136,0.393,0.832,0.433,0.163,0
0.612,0.932,0.333,0.527,0.817,1
0.197,0.218,0.814,0.397,0.443,4
0.245,0.075,0.806,0.357,0.167,0
0.415,0.716,0.25,0.371,0.544,2
0.161,0.35,0.798,0.296,0.081,0
0.193,0.296,0.728,0.191,0.151,0
0.218,0.169,0.834,0.064,0.04,0
0.208,0.289,0.779,0.487,0.147,0
0.707,0.457,0.338,0.134,0.851,3
0.051,0.377,0.494,0.564,0.464,4
0.617,0.798,0.256,0.581,0.738,1
0.25,0.364,0.951,0.242,0.141,0
0.325,0.184,0.792,0.354,0.069,0
0.204,0.185,0.711,0.407,0.294,0
0.261,0.21,0.77,0.522,0.436,4
0.212,0.14,0.703,0.444,0.07,0
0.613,0.968,0.282,0.76,0.52,1
0.099,0.207,0.845,0.498,0.102,0
0.279,0.465,0.098,0.381,0.376,2
0.239,0.27,0.953,0.325,0.246,0
0.143,0.128,0.896,0.171,0.183,0
0.242,0.831,0.24,0.621,0.425,2
0.179,0.652,0.275,0.585,0.777,2
0.551,0.918,0.365,0.679,0.495,1
0.303,0.312,0.796,0.338,0.077,0
0.376,0.257,0.895,0.427,0.111,0
0.425,0.27,0.851,0.403,0.075,0
0.43,0.702,0.218,0.426,0.461,2
0.035,0.368,0.541,0.463,0.531,4
0.19,0.467,0.663,0.376,0.322,0
0.073,0.239,0.682,0.26,0.09,0
0.213,0.401,0.909,0.373,0.103,0
0.097,0.426,0.884,0.355,0.526,4
0.191,0.175,0.73,0.701,0.386,4
0.731,0.809,0.171,0.43,0.727,1
0.307,0.79,0.349,0.614,0.489,2
0.282,0.763,0.266,0.389,0.586,2
0.587,0.812,0.309,0.668,0.983,1
0.684,0.313,0.153,0.469,0.82,3
0.187,0.398,0.847,0.429,0.435,4
0.038,0.338,0.841,0.133,0.399,4
0.111,0.231,0.757,0.437,0.396,4
0.589,0.643,0.184,0.704,0.838,1
0.794,0.808,0.235,0.544,0.647,1
0.385,0.663,0.144,0.532,0.246,2
0.532,0.507,0.203,0.317,0.811,3
0.325,0.213,0.926,0.358,0.104,0
0.17,0.664,0.325,0.591,0.458,2
0.346,0.86,0.276,0.518,0.449,2
0.038,0.218,0.959,0.388,0.134,0
0.113,0.275,0.845,0.336,0.086,0
0.719,0.71,0.18,0.697,0.733,1
0.078,0.321,0.896,0.697,0.566,4
0.244,0.784,0.226,0.444,0.527,2
0.397,0.699,0.327,0.499,0.407,2
0.671,0.728,0.328,0.696,0.731,1
0.785,0.975,0.356,0.789,0.545,1
0.391,0.679,0.255,0.369,0.533,2
0.236,0.208,0.858,0.135,0.242,0
0.675,0.595,0.237,0.303,0.971,3
0.152,0.298,0.823,0.424,0.017,0
0.055,0.278,0.856,0.398,0.611,4
0.694,0.818,0.174,0.575,0.571,1
0.224,0.377,0.763,0.337,0.293,0
0.839,0.525,0.163,0.415,0.79,3
0.538,0.842,0.32,0.59,0.662,1
0.683,0.968,0.305,0.487,0.551,1
0.336,0.635,0.312,0.43,0.244,2
0.784,0.539,0.212,0.5,0.713,3
0.219,0.369,0.916,0.602,0.51,4
0.789,0.483,0.201,0.433,0.749,3
0.069,0.396,0.9,0.357,0.228,4
0.817,0.285,0.384,0.452,0.912,3
0.965,0.392,0.224,0.428,0.772,3
0.158,0.337,0.739,0.299,0.07,0
0.714,0.876,0.274,0.785,0.531,1
0.17,0.87,0.3,0.583,0.435,2
0.153,0.461,0.924,0.463,0.341,4
0.297,0.585,0.23,0.398,0.433,2
0.363,0.649,0.214,0.458,0.445,2
0.613,0.783,0.291,0.563,0.832,1
0.654,0.939,0.266,0.586,0.707,1
0.003,0.23,0.725,0.351,0.508,4
0.263,0.273,0.815,0.168,0.248,0
0.583,0.457,0.271,0.318,0.644,3
0.603,0.885,0.196,0.563,0.72,1
0.679,0.879,0.216,0.498,0.537,1
0.67,0.714,0.416,0.685,0.931,1
0.155,0.335,0.859,0.217,0.199,0
0.16,0.235,0.567,0.427,0.182,0
0.211,0.246,0.882,0.643,0.4,4
0.083,0.496,0.736,0.4,0.46,4
0.186,0.301,0.735,0.162,0.192,0
0.274,0.431,1.0,0.391,0.448,4
0.349,0.835,0.279,0.39,0.397,2
0.282,0.911,0.486,0.484,0.437,2
0.254,0.243,0.748,0.365,0.031,0
0.762,0.86,0.344,0.585,0.784,1
0.403,0.726,0.359,0.418,0.54,2
0.939,0.459,0.131,0.558,0.667,3
0.172,0.372,0.845,0.438,0.701,4
0.775,0.531,0.23,0.32,0.87,3
0.878,0.888,0.172,0.484,0.699,1
0.084,0.377,0.913,0.239,0.407,4
0.794,0.383,0.097,0.36,0.758,3
0.688,0.8,0.346,0.602,0.528,1
0.198,0.336,0.686,0.255,0.181,0
0.16,0.136,0.937,0.352,0.427,4
0.762,0.354,0.33,0.232,0.651,3
0.091,0.309,0.752,0.609,0.325,4
0.145,0.237,0.844,0.266,0.373,4
0.077,0.265,0.706,0.24,0.1,0
0.333,0.417,0.729,0.387,0.53,4
0.281,0.771,0.266,0.538,0.483,2
0.793,0.477,0.298,0.383,0.939,3
0.016,0.296,0.732,0.532,0.387,4
0.438,0.542,0.318,0.444,0.334,2
0.179,0.403,0.87,0.588,0.453,4
0.597,0.597,0.272,0.377,0.978,3
0.656,0.958,0.271,0.577,0.821,1
0.73,0.479,0.218,0.198,0.889,3
0.711,0.334,0.203,0.402,0.885,3
0.709,0.903,0.391,0.821,0.545,1
0.695,0.991,0.207,0.452,0.72,1
0.345,0.81,0.24,0.656,0.43,2
0.26,0.247,0.788,0.283,0.207,0
0.931,0.572,0.127,0.411,0.853,3
0.322,0.851,0.262,0.466,0.514,2
0.46,0.896,0.295,0.671,0.335,2
0.422,0.7,0.233,0.559,0.328,2
0.239,0.57,0.174,0.596,0.528,2
0.217,0.653,0.277,0.47,0.469,2
0.262,0.661,0.277,0.348,0.297,2
0.093,0.402,0.812,0.484,0.285,4
0.339,0.251,0.615,0.316,0.075,0
0.751,0.918,0.218,0.788,0.695,1
0.014,0.395,0.877,0.445,0.441,4
0.701,0.949,0.409,0.612,0.558,1
0.728,0.909,0.371,0.499,0.565,1
0.072,0.217,0.767,0.387,0.25,0
0.008,0.521,0.886,0.39,0.383,4
0.15,0.273,0.667,0.494,0.422,4
0.675,0.496,0.226,0.384,0.735,3
0.941,0.414,0.276,0.499,0.767,3
0.605,0.907,0.165,0.748,0.729,1
0.204,0.224,0.822,0.304,0.128,0
0.061,0.358,0.812,0.44,0.457,4
0.045,0.357,0.942,0.342,0.501,4
0.259,0.741,0.104,0.575,0.543,2
0.225,0.245,0.764,0.529,0.324,4
0.354,0.692,0.251,0.458,0.487,2
0.371,0.629,0.201,0.362,0.609,2
0.131,0.151,0.781,0.38,0.118,0
0.657,0.529,0.363,0.2,0.724,3
0.754,0.318,0.12,0.408,0.801,3
0.65,0.586,0.149,0.396,0.895,3
0.295,0.772,0.168,0.571,0.582,2
0.827,0.445,0.003,0.262,0.856,3
0.292,0.44,0.941,0.553,0.365,4
0.11,0.231,0.946,0.392,0.14,0
0.063,0.364,0.853,0.627,0.313,4
0.274,0.179,0.797,0.505,0.262,0
0.154,0.503,0.844,0.402,0.445,4
0.644,0.898,0.398,0.72,0.636,1
0.606,0.891,0.375,0.598,0.715,1
