0.334,0.545,0.309,0.521,0.416,2
0.272,0.096,0.837,0.526,0.532,4
0.221,0.484,0.939,0.362,0.451,4
0.49,0.649,0.163,0.579,0.468,2
0.634,0.653,0.363,0.33,0.78,3
0.347,0.899,0.103,0.574,0.539,2
0.19,0.153,0.878,0.362,0.12,0
0.193,0.392,0.787,0.534,0.529,4
0.617,0.987,0.29,0.743,0.447,1
0.263,0.157,0.864,0.304,0.156,0
0.312,0.351,0.832,0.562,0.282,4
0.257,0.31,0.823,0.369,0.163,0
0.273,0.339,0.624,0.304,0.127,0
0.225,0.229,0.676,0.305,0.077,0
0.871,0.843,0.29,0.589,0.684,1
0.721,0.837,0.126,0.632,0.626,1
0.138,0.26,0.938,0.338,0.522,4
0.631,0.881,0.114,0.54,0.681,1
0.756,0.496,0.13,0.284,0.909,3
0.128,0.249,0.931,0.233,0.3,0
0.345,0.677,0.363,0.587,0.409,2
0.65,0.536,0.261,0.353,0.753,3
0.052,0.265,0.919,0.355,0.311,4
0.82,0.82,0.142,0.877,0.707,1
0.255,0.673,0.394,0.544,0.408,2
0.455,0.636,0.376,0.596,0.489,2
0.225,0.776,0.25,0.36,0.597,2
0.525,0.852,0.399,0.544,0.665,1
0.725,0.423,0.073,0.318,0.836,3
0.764,0.706,0.211,0.731,0.705,1
0.527,0.438,0.31,0.259,0.888,3
0.681,0.793,0.321,0.75,0.652,1
0.801,0.816,0.121,0.834,0.623,1
0.684,0.513,0.401,0.266,0.911,3
0.776,0.892,0.325,0.651,0.689,1
0.679,0.846,0.286,0.822,0.589,1
0.092,0.447,0.751,0.319,0.134,0
0.569,0.825,0.228,0.726,0.653,2
0.565,0.43,0.421,0.464,0.854,3
0.236,0.5,0.298,0.497,0.411,2
0.045,0.308,0.976,0.557,0.253,4
0.154,0.372,0.85,0.636,0.459,4
0.791,0.393,0.225,0.362,0.7,3
0.77,0.741,0.207,0.55,0.646,1
0.256,0.322,0.845,0.496,0.123,0
0.4,0.575,0.188,0.3,0.542,2
0.33,0.3,0.894,0.29,0.58,4
0.639,0.543,0.302,0.46,0.789,3
0.532,0.766,0.199,0.473,0.26,2
0.257,0.766,0.383,0.425,0.62,2
0.164,0.135,0.762,0.24,0.132,0
0.227,0.259,0.822,0.496,0.186,0
0.191,0.631,0.12,0.497,0.428,2
0.715,0.856,0.377,0.708,0.722,1
0.145,0.222,0.945,0.513,0.102,0
0.286,0.653,0.323,0.367,0.32,2
0.766,0.682,0.183,0.121,0.777,3
0.253,0.193,0.746,0.413,0.138,0
0.957,0.398,0.254,0.164,0.871,3
0.395,0.381,0.638,0.321,0.293,0
0.844,0.651,0.231,0.289,0.721,3
0.799,0.635,0.253,0.699,0.602,1
0.192,0.229,0.845,0.367,0.056,0
0.231,0.244,0.883,0.413,0.46,4
0.96,0.944,0.273,0.548,0.468,1
0.356,0.828,0.227,0.391,0.577,2
0.666,0.75,0.344,0.748,0.548,1
0.496,0.744,0.33,0.43,0.461,2
0.464,0.765,0.022,0.484,0.56,2
0.13,0.132,0.838,0.261,0.274,0
0.57,0.847,0.263,0.695,0.685,1
0.19,0.292,0.759,0.043,0.076,0
0.83,0.826,0.079,0.62,0.55,1
0.437,0.793,0.314,0.528,0.614,1
0.517,0.842,0.396,0.644,0.703,1
0.745,0.325,0.148,0.439,0.756,3
0.768,0.509,0.148,0.552,0.769,3
0.233,0.349,0.925,0.611,0.471,4
0.706,0.473,0.267,0.363,0.792,3
0.769,0.83,0.175,0.664,0.817,1
0.155,0.401,0.671,0.421,0.452,4
0.193,0.254,0.682,0.528,0.419,4
0.165,0.39,0.936,0.342,0.013,0
0.795,0.475,0.435,0.212,0.67,3
0.614,0.449,0.401,0.355,0.948,3
0.332,0.555,0.355,0.536,0.452,2
0.219,0.272,0.746,0.163,0.019,0
0.762,0.932,0.219,0.642,0.664,1
0.018,0.241,0.765,0.451,0.22,4
0.13,0.292,0.774,0.577,0.423,4
0.565,0.408,0.254,0.321,0.679,3
0.58,0.857,0.291,0.569,0.586,1
0.32,0.66,0.48,0.262,0.422,2
0.634,0.477,0.182,0.489,0.871,3
0.596,0.731,0.304,0.337,0.325,2
0.128,0.165,0.689,0.497,0.51,4
0.184,0.239,0.913,0.442,0.454,4
0.153,0.287,0.716,0.521,0.392,4
0.356,0.65,0.147,0.537,0.44,2
0.203,0.378,0.863,0.453,0.241,0
0.766,0.685,0.404,0.351,0.61,3
0.683,0.863,0.165,0.571,0.565,1
0.73,0.4,0.474,0.249,0.795,3
0.729,0.53,0.316,0.436,0.809,3
0.618,0.888,0.259,0.739,0.591,1
0.739,0.35,0.25,0.374,0.794,3
0.721,0.381,0.138,0.32,0.764,3
0.053,0.217,0.804,0.469,0.421,4
0.706,0.561,0.271,0.331,0.763,3
0.591,0.816,0.281,0.597,0.785,1
0.121,0.339,0.786,0.431,0.343,4
0.763,0.343,0.473,0.355,0.819,3
0.821,0.454,0.081,0.549,0.946,3
0.173,0.257,0.933,0.2,0.099,0
0.067,0.463,0.873,0.48,0.386,4
0.825,0.36,0.412,0.331,0.815,3
0.094,0.351,0.788,0.366,0.467,4
0.803,0.485,0.153,0.45,0.803,3
0.754,0.41,0.059,0.485,0.665,3
0.62,0.816,0.347,0.641,0.842,1
0.179,0.704,0.35,0.427,0.633,2
0.254,0.326,0.787,0.607,0.32,4
0.153,0.406,0.851,0.298,0.154,0
0.446,0.862,0.21,0.393,0.448,2
0.141,0.251,0.879,0.499,0.466,4
0.464,0.706,0.398,0.501,0.591,2
0.711,0.831,0.367,0.662,0.653,1
0.867,0.547,0.318,0.528,0.667,3
0.782,0.426,0.275,0.48,0.874,3
0.727,0.393,0.226,0.358,0.805,3
0.608,0.886,0.157,0.597,0.674,1
0.845,0.485,0.283,0.246,0.791,3
0.716,0.853,0.344,0.794,0.588,1
0.15,0.267,0.707,0.382,0.084,0
0.69,0.844,0.368,0.632,0.869,1
0.15,0.251,0.856,0.299,0.53,4
0.226,0.492,0.893,0.411,0.08,0
0.069,0.373,0.909,0.542,0.53,4
0.744,0.662,0.067,0.417,0.878,3
0.729,0.871,0.236,0.625,0.726,1
0.892,0.51,0.369,0.408,0.879,3
0.189,0.353,0.826,0.38,0.459,4
0.162,0.257,0.775,0.393,0.251,4
0.265,0.169,0.95,0.26,0.075,0
0.615,0.95,0.314,0.727,0.588,1
0.7,0.916,0.228,0.75,0.773,1
0.567,0.883,0.248,0.807,0.561,1
0.274,0.226,0.942,0.299,0.259,0
0.402,0.776,0.313,0.451,0.587,2
0.13,0.418,0.779,0.494,0.39,4
0.182,0.193,0.769,0.458,0.001,0
0.778,0.399,0.228,0.428,0.774,3
0.818,0.511,0.257,0.377,0.907,3
0.686,0.496,0.352,0.323,0.724,3
0.148,0.298,0.923,0.196,0.084,0
0.759,0.414,0.257,0.343,0.741,3
0.737,0.535,0.262,0.462,0.969,3
0.107,0.35,0.868,0.261,0.241,4
0.333,0.32,0.93,0.405,0.52,4
0.77,0.418,0.194,0.224,0.852,3
0.204,0.33,0.801,0.327,0.18,0
0.38,0.775,0.222,0.576,0.391,2
0.21,0.471,0.816,0.299,0.316,4
0.711,0.46,0.177,0.41,0.859,3
0.434,0.665,0.244,0.469,0.304,2
0.159,0.67,0.208,0.477,0.428,2
0.095,0.28,0.772,0.315,0.119,0
0.453,0.872,0.288,0.557,0.705,1
0.766,0.399,0.231,0.415,0.914,3
0.734,0.887,0.366,0.585,0.735,1
0.331,0.322,0.893,0.261,0.241,0
0.375,0.619,0.16,0.388,0.384,2
0.441,0.868,0.289,0.478,0.403,2
0.292,0.829,0.083,0.376,0.481,2
0.304,0.761,0.162,0.475,0.377,2
0.908,0.479,0.247,0.342,0.8,3
0.176,0.263,0.999,0.641,0.476,4
0.636,0.893,0.043,0.727,0.755,1
0.23,0.319,0.766,0.318,0.506,4
0.091,0.319,0.811,0.397,0.037,0
0.167,0.314,0.928,0.156,0.09,0
0.252,0.318,0.821,0.428,0.172,0
0.462,0.769,0.239,0.497,0.508,2
0.098,0.865,0.258,0.58,0.687,2
0.083,0.167,0.826,0.536,0.44,4
0.065,0.206,0.706,0.381,0.442,4
0.594,0.968,0.156,0.52,0.764,1
0.481,0.69,0.25,0.454,0.329,2
0.255,0.342,0.908,0.406,0.072,0
0.358,0.228,0.737,0.516,0.398,4
0.691,0.869,0.13,0.533,0.707,1
0.769,0.715,0.326,0.809,0.767,1
0.226,0.242,0.956,0.386,0.256,4
0.276,0.547,0.32,0.496,0.395,2
0.599,0.662,0.232,0.375,0.939,3
0.771,0.731,0.34,0.65,0.719,1
0.666,0.281,0.295,0.422,0.9,3
0.153,0.213,0.866,0.329,0.041,0
0.284,0.594,0.201,0.39,0.463,2
0.414,0.758,0.203,0.533,0.402,2
0.541,0.858,0.319,0.654,0.743,1
0.095,0.283,0.95,0.751,0.354,4
0.19,0.403,0.776,0.517,0.143,4
0.14,0.45,0.895,0.141,0.12,0
0.21,0.141,0.849,0.49,0.354,4
0.102,0.78,0.381,0.526,0.587,2
0.172,0.26,0.791,0.505,0.045,0
0.119,0.407,0.749,0.569,0.432,4
0.486,0.836,0.104,0.637,0.472,2
0.792,0.581,0.368,0.417,0.798,3
0.935,0.385,0.313,0.4,0.834,3
0.783,0.454,0.206,0.519,0.652,3
0.401,0.853,0.366,0.341,0.324,2
0.6,0.667,0.314,0.39,0.851,3
0.145,0.192,0.871,0.412,0.471,4
0.404,0.33,0.813,0.079,0.233,0
0.122,0.216,0.949,0.45,0.252,0
0.221,0.627,0.114,0.308,0.397,2
0.443,0.807,0.178,0.468,0.414,2
0.7,0.714,0.325,0.701,0.599,1
0.25,0.204,0.75,0.544,0.481,4
0.285,0.246,0.891,0.17,0.275,0
0.163,0.259,0.79,0.319,0.068,0
0.171,0.33,0.692,0.434,0.276,4
0.196,0.351,0.764,0.305,0.019,0
0.449,0.644,0.293,0.415,0.637,2
0.231,0.1,0.865,0.352,0.136,0
0.321,0.665,0.114,0.515,0.508,2
0.27,0.36,0.792,0.086,0.191,0
0.312,0.386,0.936,0.438,0.099,0
0.673,0.565,0.417,0.289,0.748,3
0.331,0.385,0.893,0.413,0.198,4
0.118,0.496,0.845,0.448,0.266,4
0.262,0.608,0.295,0.457,0.535,2
0.597,0.872,0.241,0.642,0.478,1
0.332,0.31,0.789,0.248,0.005,0
0.844,0.566,0.385,0.273,0.783,3
0.126,0.418,0.789,0.474,0.401,4
0.195,0.221,0.847,0.358,0.112,0
0.682,0.876,0.314,0.811,0.893,1
0.526,0.516,0.067,0.424,0.876,3
0.495,0.821,0.091,0.432,0.466,2
0.762,0.413,0.33,0.31,0.939,3
0.297,0.733,0.214,0.309,0.502,2
0.369,0.691,0.328,0.352,0.35,2
0.632,0.921,0.336,0.526,0.616,1
0.621,0.42,0.337,0.392,0.943,3
0.688,0.491,0.23,0.501,0.577,3
0.559,0.764,0.289,0.587,0.552,1
0.585,0.911,0.222,0.68,0.722,1
0.393,0.692,0.361,0.44,0.376,2
0.478,0.904,0.258,0.382,0.74,2
0.494,0.729,0.16,0.516,0.436,2
0.749,0.333,0.142,0.315,0.753,3
0.728,0.5,0.128,0.356,0.761,3
0.614,0.924,0.352,0.667,0.591,1
0.067,0.389,0.793,0.516,0.465,4
0.832,0.268,0.397,0.331,0.778,3
0.13,0.198,0.869,0.612,0.521,4
0.022,0.091,0.627,0.139,0.0,0
0.695,0.297,0.172,0.432,0.962,3
0.425,0.83,0.095,0.444,0.421,2
0.173,0.169,0.917,0.433,0.12,0
0.266,0.403,0.889,0.205,0.262,0
0.857,0.802,0.222,0.668,0.748,1
0.135,0.309,0.797,0.557,0.415,4
0.521,0.296,0.272,0.509,0.998,3
0.142,0.147,0.735,0.256,0.127,0
0.497,0.688,0.298,0.516,0.447,2
0.179,0.406,0.943,0.564,0.344,4
0.391,0.211,0.882,0.518,0.218,0
0.436,0.841,0.249,0.365,0.457,2
0.387,0.717,0.249,0.705,0.634,2
0.385,0.562,0.394,0.622,0.47,2
0.602,0.524,0.09,0.287,0.726,3
0.363,0.243,0.865,0.445,0.182,0
0.209,0.01,0.812,0.372,0.487,4
0.689,0.595,0.23,0.355,0.81,3
0.546,0.833,0.274,0.615,0.536,1
0.755,0.578,0.151,0.477,0.861,3
0.082,0.427,0.743,0.389,0.262,4
0.643,0.458,0.238,0.356,0.808,3
0.276,0.125,0.869,0.23,0.095,0
0.689,0.795,0.235,0.526,0.759,1
0.163,0.26,0.889,0.542,0.483,4
0.847,0.679,0.256,0.602,0.636,1
0.123,0.076,0.911,0.145,0.246,0
0.698,0.271,0.272,0.431,0.91,3
0.306,0.775,0.257,0.576,0.456,2
0.631,0.899,0.247,0.561,0.815,1
0.114,0.319,0.798,0.474,0.417,4
0.701,0.862,0.131,0.62,0.821,1
0.153,0.234,0.752,0.359,0.356,4
0.816,0.494,0.143,0.444,0.742,3
0.719,0.839,0.225,0.519,0.679,1
0.012,0.393,0.854,0.517,0.291,4
0.701,0.817,0.33,0.625,0.67,1
0.421,0.813,0.218,0.861,0.711,1
0.557,0.724,0.314,0.434,0.511,2
0.225,0.162,0.985,0.429,0.45,4
0.154,0.357,0.673,0.417,0.521,4
0.151,0.149,0.845,0.45,0.439,4
0.099,0.399,0.885,0.507,0.288,4
0.141,0.211,0.886,0.265,0.231,0
0.812,0.419,0.182,0.196,0.811,3
0.87,0.423,0.129,0.476,0.674,3
0.054,0.306,0.939,0.452,0.371,4
0.309,0.598,0.331,0.463,0.5,2
0.096,0.346,0.726,0.393,0.352,4
0.461,0.712,0.223,0.278,0.533,2
0.181,0.191,0.836,0.54,0.216,4
0.24,0.202,0.761,0.326,0.279,0
0.733,0.51,0.101,0.287,0.837,3
0.01,0.292,0.773,0.357,0.472,4
0.427,0.564,0.398,0.422,0.485,2
0.158,0.166,0.901,0.207,0.354,4
0.045,0.363,0.863,0.437,0.285,4
0.208,0.148,0.786,0.349,0.288,0
0.653,0.909,0.358,0.644,0.744,1
0.669,0.817,0.231,0.64,0.677,1
0.712,0.361,0.239,0.498,0.692,3
0.525,0.645,0.245,0.5,0.53,2
0.269,0.619,0.259,0.369,0.468,2
0.259,0.58,0.113,0.389,0.268,2
0.264,0.638,0.133,0.216,0.484,2
0.032,0.28,0.752,0.416,0.036,0
0.003,0.505,0.778,0.472,0.495,4
0.294,0.533,0.651,0.4,0.389,4
0.149,0.319,0.902,0.257,0.293,4
0.496,0.739,0.329,0.385,0.508,2
0.722,0.33,0.212,0.299,0.839,3
0.28,0.837,0.468,0.569,0.477,2
0.262,0.225,0.893,0.383,0.04,0
0.429,0.34,0.766,0.482,0.216,0
0.707,0.444,0.198,0.356,0.729,3
0.282,0.66,0.348,0.483,0.393,2
0.084,0.426,0.839,0.45,0.285,4
0.411,0.745,0.171,0.369,0.559,2
0.623,0.975,0.199,0.535,0.706,1
0.158,0.478,0.762,0.449,0.483,4
0.096,0.286,0.868,0.299,0.164,0
0.403,0.711,0.267,0.406,0.445,2
0.207,0.512,0.176,0.396,0.418,2
0.813,0.995,0.176,0.524,0.551,1
0.727,0.948,0.382,0.576,0.78,1
0.731,0.735,0.406,0.464,0.576,1
0.686,0.499,0.221,0.261,0.879,3
0.291,0.71,0.267,0.639,0.594,2
0.28,0.663,0.069,0.502,0.422,2
0.722,0.602,0.217,0.438,0.822,3
0.662,0.934,0.331,0.611,0.712,1
0.379,0.733,0.362,0.617,0.415,2
0.543,0.502,0.267,0.527,0.892,3
0.156,0.281,0.91,0.236,0.153,0
0.826,0.278,0.27,0.408,0.798,3
0.307,0.258,0.844,0.355,0.019,0
0.648,0.774,0.461,0.733,0.724,1
0.272,0.722,0.003,0.379,0.432,2
0.057,0.289,0.962,0.53,0.568,4
0.507,0.548,0.451,0.517,0.411,2
0.288,0.392,0.895,0.574,0.463,4
0.284,0.743,0.363,0.366,0.399,2
0.786,0.92,0.193,0.592,0.539,1
0.382,0.928,0.375,0.413,0.48,2
0.425,0.752,0.232,0.469,0.398,2
0.211,0.368,0.913,0.366,0.448,4
0.823,0.597,0.238,0.266,0.915,3
0.28,0.556,0.338,0.482,0.233,2
0.52,0.912,0.282,0.695,0.816,1
0.306,0.647,0.229,0.434,0.4,2
0.366,0.44,0.848,0.419,0.176,0
0.677,0.294,0.3,0.396,0.833,3
0.816,0.838,0.257,0.643,0.59,1
0.357,0.746,0.302,0.464,0.313,2
0.202,0.411,0.815,0.053,0.092,0
0.691,0.532,0.265,0.445,0.898,3
0.856,0.813,0.428,0.67,0.6,1
0.196,0.149,0.912,0.39,0.208,0
0.225,0.251,0.757,0.356,0.475,4
0.136,0.366,0.92,0.238,0.303,0
0.602,0.814,0.192,0.629,0.823,1
0.13,0.253,0.738,0.463,0.102,0
0.544,0.828,0.211,0.492,0.857,1
0.838,0.321,0.202,0.356,0.668,3
0.21,0.348,0.976,0.557,0.315,4
0.689,0.843,0.456,0.673,0.506,1
0.076,0.545,0.823,0.492,0.02,0
0.216,0.437,0.851,0.553,0.332,4
0.315,0.498,0.055,0.542,0.304,2
0.996,0.461,0.2,0.271,0.814,3
0.293,0.676,0.531,0.451,0.45,2
0.785,0.599,0.29,0.426,0.852,3
0.07,0.219,0.868,0.369,0.411,4
0.159,0.263,0.77,0.468,0.175,0
0.13,0.231,0.903,0.303,0.084,0
0.137,0.297,0.905,0.25,0.136,0
0.839,0.871,0.137,0.588,0.72,1
0.468,0.638,0.206,0.497,0.36,2
0.199,0.317,0.653,0.407,0.242,0
0.15,0.132,0.875,0.031,0.023,0
0.693,0.861,0.224,0.601,0.744,1
0.111,0.329,0.909,0.392,0.246,4
0.703,0.904,0.273,0.714,0.495,1
0.272,0.212,0.951,0.188,0.176,0
0.112,0.336,0.844,0.343,0.102,0
0.361,0.644,0.38,0.429,0.5,2
0.604,0.616,0.079,0.593,0.618,3
0.336,0.662,0.409,0.668,0.474,2
0.617,0.263,0.177,0.351,0.867,3
0.761,0.615,0.26,0.439,0.982,3
0.814,0.424,0.362,0.487,0.79,3
0.571,0.938,0.255,0.669,0.659,1
0.72,0.261,0.357,0.229,0.827,3
0.138,0.35,0.61,0.298,0.21,0
0.67,0.46,0.178,0.44,0.898,3
0.073,0.298,0.77,0.398,0.451,4
0.572,0.998,0.241,0.61,0.418,1
0.261,0.302,0.715,0.486,0.337,4
0.754,0.283,0.263,0.418,0.729,3
0.183,0.406,0.906,0.299,0.215,0
0.2,0.364,0.776,0.305,0.215,0
0.229,0.263,0.892,0.329,0.076,0
0.149,0.369,0.89,0.45,0.382,4
0.649,0.407,0.24,0.319,0.758,3
0.83,0.961,0.232,0.753,0.623,1
0.755,0.854,0.181,0.69,0.611,1
0.684,0.262,0.196,0.157,0.892,3
0.297,0.627,0.346,0.526,0.4,2
0.795,0.435,0.422,0.39,0.598,3
0.153,0.261,0.787,0.208,0.134,0
0.088,0.288,0.858,0.362,0.161,0
0.757,0.897,0.204,0.666,0.623,1
0.666,0.469,0.193,0.246,0.899,3
0.786,0.515,0.288,0.375,0.711,3
0.36,0.117,0.901,0.425,0.004,0
0.61,0.789,0.206,0.421,0.567,1
0.572,0.301,0.254,0.2,0.817,3
0.686,0.512,0.483,0.388,0.841,3
0.412,0.575,0.227,0.411,0.367,2
0.27,0.152,0.874,0.281,0.324,4
0.762,0.512,0.238,0.294,0.748,3
0.215,0.474,0.988,0.487,0.42,4
0.102,0.449,0.979,0.468,0.404,4
0.4,0.704,0.328,0.512,0.331,2
0.03,0.295,0.854,0.525,0.544,4
0.675,0.586,0.135,0.306,0.966,3
0.606,0.774,0.353,0.395,0.641,1
0.8,0.875,0.157,0.736,0.592,1
0.426,0.674,0.131,0.57,0.736,1
0.279,0.382,0.931,0.585,0.414,4
0.089,0.402,0.84,0.481,0.306,4
0.809,0.446,0.227,0.361,0.939,3
0.157,0.217,0.956,0.189,0.089,0
0.448,0.693,0.324,0.748,0.315,2
0.275,0.861,0.154,0.314,0.534,2
0.188,0.225,0.983,0.46,0.37,4
0.231,0.336,0.768,0.107,0.06,0
0.025,0.45,0.684,0.017,0.062,0
0.158,0.412,0.853,0.243,0.436,4
0.71,0.878,0.173,0.445,0.732,1
0.122,0.281,0.865,0.435,0.282,0
0.175,0.436,0.82,0.347,0.46,4
0.143,0.291,0.735,0.192,0.111,0
0.279,0.867,0.416,0.455,0.443,2
0.282,0.2,0.782,0.112,0.077,0
0.633,0.4,0.346,0.424,0.865,3
0.239,0.395,0.817,0.337,0.459,4
0.703,0.83,0.112,0.777,0.76,1
0.196,0.808,0.155,0.441,0.265,2
0.73,0.286,0.273,0.562,0.676,3
0.268,0.63,0.242,0.338,0.484,2
0.035,0.372,0.859,0.528,0.261,0
0.024,0.171,0.832,0.403,0.36,4
0.748,0.461,0.257,0.394,0.803,3
0.683,0.598,0.378,0.362,0.733,3
0.706,0.728,0.252,0.594,0.678,1
0.433,0.847,0.361,0.447,0.554,2
0.83,0.934,0.297,0.584,0.709,1
0.139,0.292,0.75,0.5,0.57,4
0.266,0.716,0.248,0.336,0.48,2
0.803,0.851,0.167,0.432,0.532,1
0.732,0.888,0.172,0.622,0.582,1
0.714,0.757,0.171,0.599,0.738,1
0.176,0.296,0.845,0.523,0.511,4
0.167,0.284,0.961,0.258,0.098,0
0.784,0.49,0.142,0.443,0.699,3
0.106,0.46,0.752,0.315,0.408,4
0.131,0.147,0.783,0.078,0.169,0
0.311,0.583,0.267,0.474,0.513,2
0.303,0.895,0.323,0.221,0.301,2
0.815,0.544,0.068,0.371,0.737,3
0.145,0.315,0.885,0.476,0.283,4
0.738,0.886,0.295,0.646,0.434,1
0.622,0.593,0.234,0.388,0.885,3
0.173,0.173,0.876,0.248,0.054,0
0.099,0.188,0.717,0.453,0.436,4
0.101,0.338,0.872,0.557,0.335,4
0.299,0.625,0.397,0.441,0.489,2
0.42,0.677,0.278,0.613,0.437,2
0.103,0.209,0.897,0.504,0.494,4
