0.101,0.367,0.769,0.358,0.397,4
0.171,0.374,0.914,0.389,0.577,4
0.259,0.619,0.244,0.319,0.683,2
0.675,0.527,0.166,0.373,0.776,3
0.262,0.633,0.372,0.463,0.46,2
0.316,0.653,0.365,0.495,0.74,2
0.329,0.56,0.116,0.392,0.581,2
0.753,0.62,0.254,0.429,0.782,3
0.301,0.136,0.875,0.404,0.228,0
0.573,0.85,0.178,0.596,0.791,1
0.101,0.322,0.731,0.505,0.473,4
0.838,0.829,0.35,0.626,0.634,1
0.146,0.435,0.941,0.307,0.048,0
0.774,0.477,0.271,0.124,0.835,3
0.408,0.607,0.402,0.534,0.544,2
0.832,0.852,0.275,0.882,0.625,1
0.801,0.464,0.226,0.337,0.804,3
0.132,0.14,0.841,0.342,0.139,0
0.05,0.066,0.884,0.26,0.154,0
0.145,0.207,0.93,0.546,0.678,4
0.195,0.289,0.937,0.585,0.422,4
0.235,0.607,0.304,0.496,0.652,2
0.689,0.875,0.167,0.655,0.699,1
0.033,0.34,0.969,0.402,0.401,4
0.07,0.201,0.849,0.261,0.169,0
0.9,0.485,0.252,0.449,0.763,3
0.197,0.471,0.98,0.399,0.285,4
0.04,0.312,0.696,0.39,0.503,4
0.136,0.139,0.9,0.436,0.038,0
0.132,0.407,0.694,0.601,0.39,4
0.272,0.014,0.736,0.32,0.082,0
0.096,0.146,0.857,0.245,0.07,0
0.694,0.4,0.182,0.485,0.811,3
0.17,0.31,0.944,0.535,0.418,4
0.73,0.429,0.355,0.382,0.906,3
0.266,0.803,0.192,0.476,0.55,2
0.114,0.233,0.966,0.453,0.391,4
0.798,0.767,0.282,0.638,0.602,1
0.115,0.26,0.945,0.314,0.251,0
0.441,0.476,0.232,0.591,0.473,2
0.06,0.187,0.901,0.553,0.399,4
0.178,0.367,0.774,0.437,0.204,0
0.3,0.766,0.219,0.622,0.545,2
0.077,0.344,0.689,0.594,0.544,4
0.57,0.713,0.236,0.68,0.662,1
0.355,0.63,0.276,0.323,0.467,2
0.266,0.342,0.807,0.307,0.171,0
0.035,0.391,0.691,0.243,0.279,4
0.18,0.227,0.942,0.501,0.31,4
0.237,0.394,0.717,0.385,0.136,0
0.521,0.735,0.312,0.604,0.684,1
0.302,0.668,0.308,0.532,0.255,2
0.112,0.2,0.521,0.25,0.17,0
0.762,0.495,0.291,0.402,0.696,3
0.369,0.698,0.408,0.458,0.478,2
0.566,0.702,0.255,0.454,0.575,2
0.833,0.98,0.241,0.716,0.788,1
0.146,0.478,0.84,0.573,0.383,4
0.479,0.695,0.142,0.357,0.465,2
0.158,0.375,0.839,0.324,0.37,4
0.038,0.419,0.702,0.473,0.544,4
0.689,0.85,0.241,0.616,0.715,1
0.839,0.51,0.29,0.454,0.879,3
0.154,0.41,0.776,0.393,0.512,4
0.397,0.75,0.125,0.467,0.49,2
0.251,0.78,0.116,0.481,0.603,2
0.79,0.769,0.378,0.713,0.646,1
0.653,0.387,0.246,0.243,0.981,3
0.75,0.441,0.218,0.298,0.657,3
0.243,0.306,0.702,0.36,0.077,0
0.296,0.599,0.251,0.407,0.415,2
0.734,0.441,0.16,0.296,0.715,3
0.153,0.26,0.879,0.278,0.063,0
0.757,0.794,0.418,0.722,0.531,1
0.818,0.451,0.246,0.587,0.775,3
0.242,0.324,0.83,0.463,0.301,4
0.425,0.63,0.209,0.364,0.292,2
0.274,0.775,0.249,0.434,0.542,2
0.915,0.427,0.4,0.362,0.821,3
0.914,0.532,0.305,0.427,0.932,3
0.3,0.752,0.205,0.456,0.451,2
0.789,0.469,0.237,0.425,0.884,3
0.655,0.406,0.237,0.406,0.922,3
0.019,0.379,0.866,0.441,0.469,4
0.878,0.592,0.201,0.377,0.803,3
0.333,0.187,0.813,0.377,0.244,0
0.468,0.793,0.245,0.612,0.589,2
0.783,0.433,0.313,0.231,0.811,3
0.741,0.479,0.349,0.333,0.803,3
0.816,0.739,0.561,0.66,0.631,1
0.652,0.868,0.34,0.643,0.664,1
0.256,0.646,0.107,0.44,0.397,2
0.065,0.258,0.832,0.293,0.048,0
0.694,0.796,0.163,0.528,0.688,1
0.101,0.38,0.814,0.392,0.197,4
0.267,0.169,0.706,0.088,0.126,0
0.562,0.89,0.362,0.453,0.549,1
0.09,0.339,0.767,0.356,0.165,4
0.816,0.516,0.296,0.29,0.866,3
0.405,0.719,0.278,0.561,0.57,2
0.213,0.283,0.866,0.385,0.539,4
0.799,0.535,0.432,0.332,0.977,3
0.509,0.991,0.142,0.767,0.57,1
0.569,0.558,0.32,0.51,0.561,2
0.05,0.305,0.705,0.36,0.23,0
0.225,0.327,0.88,0.597,0.364,4
0.747,0.79,0.01,0.498,0.623,1
0.099,0.061,0.907,0.508,0.377,4
0.812,0.342,0.22,0.236,0.905,3
0.192,0.202,0.906,0.384,0.137,0
0.232,0.404,0.976,0.324,0.482,4
0.662,0.885,0.352,0.835,0.685,1
0.281,0.412,0.851,0.225,0.201,0
0.313,0.313,0.788,0.297,0.218,0
0.797,0.481,0.313,0.392,0.694,3
0.149,0.331,0.921,0.387,0.439,4
0.111,0.172,0.88,0.38,0.118,0
0.818,0.78,0.102,0.805,0.71,1
0.094,0.173,0.872,0.41,0.028,0
0.737,0.463,0.198,0.311,0.787,3
0.199,0.418,0.818,0.556,0.443,4
0.804,0.415,0.291,0.324,0.721,3
0.628,0.297,0.236,0.211,0.805,3
0.131,0.283,0.606,0.346,0.353,4
0.813,0.54,0.136,0.455,0.784,3
0.864,0.287,0.346,0.462,0.741,3
0.323,0.746,0.363,0.482,0.6,2
0.458,0.795,0.399,0.316,0.215,2
0.725,0.271,0.213,0.423,0.871,3
0.093,0.214,0.562,0.335,0.086,0
0.716,0.518,0.262,0.368,0.73,3
0.795,0.882,0.19,0.743,0.687,1
0.734,0.321,0.328,0.599,0.914,3
0.229,0.161,0.821,0.32,0.125,0
0.771,0.523,0.246,0.222,0.814,3
0.664,0.885,0.203,0.671,0.747,1
0.238,0.239,0.752,0.273,0.172,0
0.36,0.672,0.07,0.429,0.367,2
0.188,0.141,0.744,0.401,0.259,0
0.242,0.159,0.848,0.568,0.125,0
0.323,0.642,0.396,0.383,0.419,2
0.009,0.371,0.641,0.431,0.34,4
0.58,0.829,0.572,0.606,0.643,1
0.628,0.716,0.317,0.577,0.513,1
0.856,0.255,0.256,0.459,0.824,3
0.83,0.355,0.246,0.409,0.822,3
0.267,0.666,0.275,0.457,0.37,2
0.001,0.19,0.759,0.491,0.457,4
0.318,0.797,0.047,0.4,0.504,2
0.87,0.854,0.405,0.629,0.842,1
0.841,0.479,0.183,0.326,0.894,3
0.613,0.932,0.169,0.564,0.583,1
0.829,0.757,0.159,0.536,0.777,1
0.293,0.285,0.918,0.443,0.482,4
0.86,0.89,0.106,0.65,0.473,1
0.158,0.64,0.607,0.391,0.422,4
0.037,0.301,0.796,0.315,0.177,0
0.432,0.898,0.335,0.467,0.287,2
0.365,0.705,0.37,0.488,0.625,2
0.153,0.162,0.803,0.275,0.084,0
0.753,0.317,0.3,0.447,0.741,3
0.116,0.292,0.843,0.191,0.188,0
0.395,0.802,0.488,0.514,0.476,2
0.059,0.316,0.77,0.384,0.815,4
0.851,0.489,0.204,0.3,0.795,3
0.82,0.376,0.222,0.431,0.782,3
0.669,0.71,0.098,0.758,0.747,1
0.702,0.816,0.306,0.527,0.609,1
0.892,0.432,0.301,0.33,0.848,3
0.208,0.325,0.824,0.289,0.015,0
0.299,0.212,0.961,0.504,0.337,4
0.492,0.846,0.281,0.542,0.43,2
0.764,0.473,0.152,0.191,0.925,3
0.756,0.879,0.141,0.534,0.716,1
0.185,0.337,0.897,0.248,0.095,0
0.034,0.43,0.873,0.175,0.216,0
0.374,0.648,0.362,0.614,0.574,2
0.337,0.193,0.862,0.431,0.479,4
0.719,0.856,0.106,0.826,0.605,1
0.884,0.479,0.057,0.251,0.807,3
0.361,0.871,0.284,0.401,0.466,2
0.861,0.355,0.109,0.431,0.702,3
0.299,0.708,0.268,0.477,0.442,2
0.751,0.362,0.412,0.431,0.906,3
0.227,0.399,0.934,0.443,0.367,4
0.39,0.831,0.319,0.502,0.286,2
0.017,0.278,0.798,0.46,0.222,0
0.345,0.149,0.904,0.359,0.06,0
0.102,0.424,0.954,0.371,0.33,4
0.159,0.383,0.87,0.455,0.426,4
0.721,0.948,0.213,0.798,0.657,1
0.695,0.874,0.246,0.66,0.613,1
0.211,0.187,0.914,0.275,0.112,0
0.806,0.276,0.242,0.445,0.801,3
0.147,0.2,0.86,0.408,0.082,0
0.253,0.343,0.749,0.209,0.056,0
0.143,0.32,0.697,0.331,0.216,0
0.074,0.219,0.857,0.668,0.301,4
0.587,0.86,0.414,0.602,0.734,1
0.015,0.158,0.919,0.254,0.199,0
0.115,0.218,0.872,0.423,0.559,4
0.562,0.828,0.208,0.586,0.841,1
0.694,0.755,0.205,0.588,0.476,2
0.724,0.454,0.429,0.477,0.734,3
0.147,0.245,0.879,0.452,0.202,4
0.13,0.178,0.86,0.374,0.191,0
0.583,0.94,0.121,0.637,0.724,1
0.374,0.631,0.393,0.484,0.273,2
0.101,0.304,0.719,0.276,0.367,4
0.646,0.551,0.036,0.448,0.743,3
0.181,0.18,0.832,0.492,0.389,4
0.769,0.973,0.278,0.48,0.556,1
0.094,0.33,0.95,0.253,0.019,0
0.191,0.353,0.752,0.364,0.26,4
0.308,0.509,0.854,0.356,0.215,4
0.163,0.262,0.835,0.29,0.103,0
0.155,0.244,0.772,0.443,0.075,0
0.253,0.671,0.248,0.398,0.517,2
0.641,0.54,0.506,0.55,0.933,3
0.279,0.051,0.799,0.282,0.257,0
0.39,0.861,0.08,0.368,0.381,2
0.237,0.625,0.417,0.53,0.457,2
0.389,0.713,0.308,0.537,0.511,2
0.046,0.31,0.687,0.558,0.414,4
0.565,0.767,0.273,0.716,0.664,1
0.468,0.69,0.283,0.505,0.424,2
0.339,0.873,0.299,0.544,0.339,2
0.281,0.286,0.732,0.303,0.104,0
0.659,0.438,0.178,0.434,0.858,3
0.264,0.263,0.898,0.365,0.201,0
0.241,0.172,0.762,0.437,0.072,0
0.153,0.199,0.984,0.53,0.414,4
0.118,0.346,0.897,0.287,0.175,0
0.257,0.053,0.898,0.266,0.42,4
0.772,0.613,0.069,0.613,0.837,1
0.282,0.706,0.399,0.593,0.438,2
0.516,0.685,0.211,0.585,0.613,1
0.782,0.706,0.363,0.571,0.555,1
0.131,0.257,0.791,0.066,0.03,0
0.766,0.938,0.336,0.68,0.873,1
0.408,0.707,0.507,0.505,0.38,2
0.867,0.473,0.375,0.288,0.908,3
0.436,0.783,0.218,0.344,0.377,2
0.458,0.788,0.325,0.471,0.39,2
0.666,0.84,0.318,0.664,0.636,1
0.193,0.382,0.863,0.425,0.422,4
0.797,0.322,0.227,0.435,0.728,3
0.558,0.788,0.268,0.357,0.571,1
0.313,0.392,0.758,0.62,0.377,4
0.77,0.91,0.295,0.576,0.672,1
0.887,0.816,0.273,0.683,0.696,1
0.846,0.42,0.15,0.449,0.97,3
0.557,0.652,0.445,0.44,0.76,2
0.712,0.475,0.366,0.278,0.818,3
0.147,0.175,0.903,0.393,0.215,0
0.635,0.442,0.287,0.302,0.833,3
0.27,0.736,0.297,0.268,0.506,2
0.466,0.763,0.284,0.747,0.611,1
0.669,0.826,0.157,0.692,0.629,1
0.624,0.393,0.245,0.441,0.774,3
0.717,0.476,0.238,0.416,0.854,3
0.509,0.347,0.144,0.144,0.927,3
0.116,0.393,0.819,0.19,0.106,0
0.889,0.444,0.431,0.411,0.795,3
0.431,0.647,0.38,0.642,0.384,2
0.3,0.473,0.817,0.576,0.415,4
0.68,0.883,0.265,0.788,0.788,1
0.221,0.664,0.123,0.284,0.353,2
0.218,0.391,0.894,0.596,0.097,0
0.679,0.778,0.214,0.731,0.604,1
0.066,0.167,0.96,0.338,0.085,0
0.666,0.711,0.247,0.605,0.588,1
0.73,0.812,0.201,0.591,0.656,1
0.323,0.848,0.235,0.438,0.478,2
0.402,0.716,0.472,0.444,0.428,2
0.671,0.694,0.487,0.755,0.535,1
0.437,0.873,0.179,0.395,0.486,2
0.153,0.168,0.816,0.193,0.156,0
0.649,0.449,0.058,0.32,0.918,3
0.093,0.352,0.896,0.583,0.425,4
0.127,0.176,0.878,0.366,0.126,0
0.062,0.248,0.78,0.433,0.375,4
0.495,0.408,0.257,0.563,0.391,2
0.182,0.236,0.744,0.612,0.379,4
0.207,0.431,0.911,0.281,0.112,0
0.596,0.877,0.312,0.802,0.756,1
0.626,0.448,0.154,0.222,0.697,3
0.138,0.307,0.787,0.361,0.163,0
0.223,0.34,0.815,0.442,0.496,4
0.661,0.825,0.223,0.585,0.719,1
0.855,0.696,0.273,0.628,0.585,1
0.499,0.799,0.245,0.707,0.696,1
0.635,0.505,0.197,0.436,0.797,3
0.109,0.39,0.892,0.362,0.671,4
0.467,0.666,0.342,0.601,0.748,1
0.248,0.646,0.157,0.431,0.608,2
0.539,0.797,0.084,0.582,0.562,1
0.553,0.571,0.068,0.486,0.742,3
0.184,0.233,0.976,0.247,0.102,0
0.31,0.282,0.859,0.221,0.135,0
0.583,0.749,0.214,0.475,0.481,1
0.142,0.432,0.679,0.156,0.063,0
0.378,0.743,0.003,0.425,0.36,2
0.259,0.252,0.858,0.468,0.377,4
0.647,0.763,0.381,0.667,0.81,1
0.122,0.379,0.956,0.383,0.072,0
0.215,0.362,0.822,0.399,0.459,4
0.599,0.788,0.261,0.663,0.639,1
0.693,0.522,0.44,0.473,0.908,3
0.747,0.513,0.197,0.259,0.944,3
0.12,0.271,0.956,0.323,0.235,0
0.012,0.387,0.815,0.294,0.244,4
0.17,0.118,0.784,0.301,0.051,0
0.03,0.403,0.799,0.503,0.191,4
0.541,0.899,0.206,0.709,0.73,1
0.659,0.835,0.142,0.878,0.691,1
0.389,0.453,0.232,0.348,0.366,2
0.305,0.248,0.778,0.469,0.48,4
0.47,0.605,0.205,0.472,0.651,2
0.678,0.777,0.149,0.518,0.727,1
0.502,0.723,0.244,0.357,0.578,2
0.474,0.158,0.898,0.294,0.117,0
0.815,0.409,0.27,0.326,0.881,3
0.055,0.212,0.912,0.213,0.161,0
0.307,0.716,0.426,0.352,0.549,2
0.643,0.999,0.299,0.568,0.702,1
0.81,0.86,0.224,0.641,0.576,1
0.657,0.918,0.328,0.59,0.62,1
0.276,0.211,0.896,0.32,0.124,0
0.242,0.274,0.755,0.467,0.437,4
0.033,0.348,0.762,0.374,0.166,0
0.748,0.772,0.228,0.604,0.701,1
0.711,0.528,0.384,0.455,0.766,3
0.285,0.679,0.558,0.572,0.656,2
0.132,0.264,0.765,0.39,0.108,0
0.2,0.447,0.226,0.576,0.431,2
0.782,0.625,0.241,0.475,0.841,3
0.071,0.397,0.87,0.34,0.323,4
0.353,0.768,0.321,0.491,0.467,2
0.35,0.736,0.206,0.481,0.526,2
0.324,0.641,0.299,0.434,0.426,2
0.219,0.082,0.805,0.378,0.078,0
0.19,0.288,0.77,0.462,0.052,0
0.364,0.673,0.361,0.377,0.489,2
0.811,0.561,0.462,0.367,0.725,3
0.781,0.77,0.068,0.55,0.568,1
0.02,0.463,0.967,0.415,0.268,4
0.573,0.957,0.242,0.692,0.539,1
0.7,0.655,0.197,0.794,0.764,1
0.255,0.773,0.209,0.497,0.377,2
0.108,0.293,0.976,0.144,0.222,4
0.297,0.396,0.929,0.593,0.439,4
0.019,0.582,0.868,0.304,0.394,4
0.67,0.897,0.408,0.635,0.603,1
0.618,0.931,0.066,0.746,0.687,1
0.634,0.519,0.332,0.389,0.819,3
0.326,0.793,0.294,0.449,0.441,2
0.235,0.714,0.143,0.497,0.63,2
0.191,0.323,0.878,0.546,0.4,4
0.7,0.834,0.101,0.694,0.771,1
0.849,0.422,0.413,0.143,0.883,3
0.286,0.678,0.24,0.523,0.742,2
0.669,0.872,0.214,0.577,0.785,1
0.744,0.453,0.36,0.404,0.884,3
0.472,0.713,0.254,0.379,0.416,2
0.82,0.59,0.206,0.212,0.65,3
0.007,0.227,0.878,0.626,0.43,4
0.83,0.366,0.44,0.387,0.851,3
0.164,0.308,0.836,0.572,0.46,4
0.215,0.411,0.921,0.511,0.416,4
0.175,0.494,0.7,0.22,0.07,0
0.068,0.358,0.836,0.587,0.356,4
0.437,0.693,0.27,0.52,0.332,2
0.799,0.715,0.245,0.617,0.632,1
0.075,0.362,0.754,0.436,0.387,4
0.819,0.348,0.466,0.37,0.775,3
0.051,0.306,0.769,0.312,0.326,4
0.388,0.742,0.522,0.435,0.647,2
0.424,0.722,0.343,0.453,0.536,2
0.277,0.214,0.771,0.309,0.319,0
0.667,0.322,0.219,0.422,0.807,3
0.445,0.266,0.674,0.255,0.121,0
0.805,0.339,0.289,0.523,0.862,3
0.303,0.664,0.334,0.259,0.45,2
0.384,0.544,0.299,0.433,0.398,2
0.929,0.404,0.233,0.378,0.777,3
0.134,0.208,0.823,0.232,0.046,0
0.427,0.728,0.167,0.516,0.346,2
0.421,0.64,0.395,0.51,0.512,2
0.329,0.793,0.086,0.432,0.424,2
0.175,0.155,0.848,0.231,0.232,0
0.842,0.598,0.42,0.503,0.55,3
0.14,0.241,0.878,0.399,0.228,0
0.324,0.657,0.44,0.511,0.407,2
0.429,0.51,0.043,0.575,0.553,2
0.566,0.412,0.234,0.279,0.866,3
0.632,0.507,0.283,0.278,0.954,3
0.149,0.355,0.784,0.364,0.472,4
0.167,0.357,0.669,0.125,0.128,0
0.496,0.988,0.322,0.527,0.771,1
0.055,0.228,0.863,0.418,0.069,0
0.293,0.293,0.713,0.261,0.302,0
0.203,0.724,0.241,0.616,0.35,2
0.622,0.669,0.091,0.695,0.648,1
0.892,0.389,0.358,0.4,0.71,3
0.309,0.781,0.309,0.508,0.577,2
0.428,0.439,0.145,0.507,0.525,2
0.901,0.889,0.219,0.656,0.756,1
0.27,0.327,0.83,0.38,0.34,4
0.169,0.286,0.82,0.082,0.04,0
0.577,0.54,0.272,0.399,0.773,3
0.065,0.27,0.993,0.525,0.395,4
0.365,0.746,0.472,0.455,0.335,2
0.142,0.849,0.361,0.488,0.586,2
0.12,0.258,0.801,0.524,0.289,4
0.08,0.746,0.29,0.509,0.503,2
0.064,0.278,0.875,0.53,0.326,4
0.094,0.361,0.684,0.287,0.136,0
0.676,0.955,0.363,0.885,0.575,1
0.203,0.299,0.688,0.34,0.019,0
0.349,0.567,0.377,0.49,0.45,2
0.518,0.9,0.256,0.642,0.712,1
0.838,0.846,0.27,0.617,0.592,1
0.689,0.292,0.467,0.52,0.859,3
0.36,0.748,0.107,0.44,0.497,2
0.789,0.504,0.512,0.454,0.896,3
0.735,0.855,0.242,0.656,0.506,1
0.819,0.486,0.245,0.135,0.875,3
0.539,0.789,0.365,0.54,0.778,1
0.215,0.742,0.308,0.463,0.541,2
0.767,0.489,0.051,0.406,0.74,3
0.289,0.78,0.371,0.32,0.216,2
0.702,0.666,0.462,0.623,0.791,1
0.368,0.671,0.289,0.423,0.545,2
0.78,0.381,0.371,0.18,0.926,3
0.398,0.798,0.395,0.353,0.355,2
0.271,0.664,0.18,0.471,0.474,2
0.839,0.9,0.271,0.642,0.814,1
0.709,0.928,0.293,0.555,0.676,1
0.367,0.716,0.174,0.357,0.512,2
0.858,0.469,0.227,0.387,0.77,3
0.429,0.584,0.352,0.372,0.517,2
0.802,0.528,0.284,0.422,0.643,3
0.636,0.892,0.171,0.614,0.647,1
0.296,0.173,0.787,0.388,0.138,0
0.868,0.439,0.299,0.329,0.922,3
0.192,0.235,0.884,0.514,0.412,4
0.118,0.214,0.792,0.382,0.182,0
0.618,0.98,0.197,0.519,0.617,1
0.206,0.27,0.862,0.28,0.163,0
0.297,0.377,0.864,0.654,0.567,4
0.232,0.243,0.976,0.422,0.26,0
0.64,0.793,0.204,0.747,0.744,1
0.811,0.664,0.206,0.6,0.773,3
0.695,0.396,0.182,0.46,0.871,3
0.345,0.755,0.25,0.439,0.679,2
0.589,0.937,0.373,0.635,0.693,1
0.107,0.182,0.93,0.365,0.116,0
0.357,0.645,0.209,0.287,0.446,2
0.277,0.808,0.156,0.522,0.396,2
0.741,0.523,0.422,0.355,0.827,3
0.454,0.736,0.225,0.5,0.345,2
0.339,0.594,0.188,0.331,0.398,2
0.875,0.398,0.39,0.284,0.757,3
0.498,0.708,0.261,0.511,0.421,2
0.936,0.504,0.238,0.248,0.904,3
0.206,0.218,0.74,0.344,0.162,0
0.042,0.362,0.807,0.247,0.502,4
0.128,0.27,0.788,0.259,0.111,0
0.06,0.221,0.951,0.459,0.655,4
0.064,0.081,0.851,0.226,0.562,4
0.136,0.017,0.736,0.537,0.454,4
0.632,0.959,0.341,0.591,0.609,1
0.074,0.205,0.742,0.434,0.14,0
0.206,0.432,0.797,0.397,0.093,0
0.244,0.782,0.485,0.445,0.52,2
0.667,0.235,0.132,0.339,0.788,3
0.78,0.755,0.155,0.503,0.708,1
0.705,0.622,0.344,0.524,0.962,3
0.795,0.402,0.229,0.243,0.767,3
0.101,0.426,0.929,0.408,0.291,4
0.731,0.81,0.139,0.652,0.793,1
0.109,0.333,0.839,0.351,0.021,0
0.723,0.865,0.23,0.693,0.627,1
0.496,0.879,0.23,0.698,0.463,1
0.246,0.041,0.779,0.341,0.099,0
0.236,0.178,0.896,0.224,0.244,0
0.784,0.885,0.227,0.554,0.669,1
0.711,0.439,0.305,0.415,0.751,3
0.171,0.227,0.939,0.642,0.535,4
0.969,0.325,0.304,0.336,0.901,3
0.274,0.209,0.79,0.499,0.471,4
0.676,0.43,0.218,0.332,0.864,3
0.046,0.343,0.841,0.414,0.257,4
0.226,0.22,0.765,0.211,0.494,4
0.323,0.311,0.861,0.169,0.172,0
0.146,0.289,0.924,0.194,0.273,0
0.561,0.841,0.138,0.701,0.643,1
0.341,0.807,0.261,0.312,0.706,2
0.575,0.479,0.203,0.356,0.813,3
